0.400339
0.250547
-0.478927
-0.355051
-1.735641
-1.771232
-1.504992
-1.227973
-1.832151
-1.425812
-1.447876
-1.547293
-2.282288
-1.826376
-1.693459
-1.346053
-5.206780
-5.025924
-5.496743
-4.220744
-3.575560
-2.379377
-1.267829
-0.903417
-10.539123
-10.561682
-8.899795
-6.274957
-4.072925
-1.229146
0.243246
1.148410
-20.751499
-19.446522
-13.471178
-7.834151
-4.452630
-0.437395
4.248406
3.615903
14.357814
20.686842
-3.016241
-4.091123
0.137752
0.883690
0.656952
1.170856
1.472388
4.147912
5.069594
-12.260765
-0.894217
0.147128
-0.833497
-0.058272
0.868259
0.228352
0.855981
-0.971651
0.124715
-0.755061
-0.063852
0.050228
-0.416369
-0.145892
