-4.473100
-5.261479
-0.329468
-3.648310
-5.367084
-6.751543
-1.232329
-10.337691
-7.936336
-6.428663
-7.455124
-6.840732
-3.037975
0.000000
-1.420455
-2.902880
-0.306236
4.464286
-3.821342
-6.072627
-3.302369
-3.464313
-1.340039
1.352163
-0.664894
2.529839
10.648974
-2.032315
-1.825402
-0.124172
0.119913
-0.735062
2.336192
3.147192
-2.412381
-3.842692
0.103107
2.119479
2.244201
-8.973158
-4.449314
-5.408654
-0.014391
0.076633
-4.546727
-6.311511
-1.646159
-1.677839
2.586371
-8.346906
-0.270383
-0.116784
11.346272
-0.789591
-0.589195
-1.068730
0.761345
0.946344
1.990736
9.570765
-2.337734
1.596663
0.776231
-3.182783
-1.277427
-1.679325
-1.934263
-0.047771
1.049564
3.093131
2.554662
-73.152344
-0.424689
-0.444453
0.759482
4.057033
5.708274
5.467680
-2.237526
-3.419811
-2.572498
5.949059
-2.906056
-0.854174
20.922749
-2.577547
-4.325865
-4.259587
5.631957
3.160783
-15.837344
1.318982
1.372517
0.180450
-2.686491
1.661130
2.997021
4.934725
-2.168078
-2.700702
-22.346050
15.519700
0.618151
-0.541871
19.569338
0.475647
8.068068
-4.133815
-2.664682
-2.978972
-2.446061
-8.537076
-0.224057
0.343798
-3.227550
-2.505046
-1.934475
-0.087554
-0.574086
-0.591513
-2.431063
-3.896668
3.024881
-3.521127
-2.484602
-4.802415
-4.336246
-3.158393
-1.544599
-1.092657
-3.233869
3.061049
-3.420064
-0.180557
-0.871448
4.462001
-5.333447
-2.034678
-1.102779
-2.017880
-8.738152
-3.784014
2.069917
-1.055815
-0.133411
-0.309704
-3.746186
0.284349
-0.995255
-0.896730
-1.149932
-0.369991
-2.182347
-3.815563
1.923830
-0.656607
3.418027
-0.212198
-2.826983
-2.214511
4.087756
-1.612177
-2.339762
-1.714263
-4.067875
-0.430566
-4.836558
-0.696656
-2.596953
-3.018661
-3.229585
-7.556475
-9.947355
-0.130617
-2.598914
0.352023
-3.302510
-0.868984
-0.755647
0.077479
4.617698
1.412368
-0.846675
-0.672746
-4.684021
-1.553985
0.818357
1.261211
0.515057
-1.017758
-3.292850
9.189003
41.407223
-2.270737
-1.703215
1.040222
-1.837438
-0.083792
0.907209
0.745460
1.191257
5.904358
14.329568
-4.008706
0.599680
1.609525
0.701058
-0.806590
-2.447884
-2.531920
-1.318875
-11.239123
-27.662487
-0.330968
0.336022
-1.282687
0.309632
46.999012
2.051540
-0.734834
1.157128
-37.217663
0.881523
0.229330
0.540934
-2.752554
17.452116
-2.620470
0.474411
1.566700
7.467422
-0.101996
-3.005095
-39.746544
-8.067314
-4.667433
-13.410449
4.477173
-4.672645
1.144094
0.806662
-1.853082
1.968059
-45.547146
1.230159
-2.009399
-5.408654
0.387474
-1.602847
-3.393901
-2.772935
-4.027164
-1.426554
-2.247031
-1.466276
-1.897906
-3.407363
-0.913565
-1.675307
8.977901
-2.945449
-0.839552
-2.709359
-0.213537
-5.063227
-2.141381
29.750923
-3.911436
-3.424064
-4.819710
1.612038
0.055735
-5.314437
-4.674707
-1.781088
-1.733146
-4.334332
0.243848
-1.552358
-0.377729
-0.824927
-28.011206
0.246218
-0.485027
9.138130
1.729933
19.392332
8.652211
4.890761
2.643947
47.039764
-30.073139
7.323310
10.353261
13.064874
