66.385643
66.531525
66.287880
66.749512
65.909294
66.024986
65.754700
65.728172
65.153664
65.702332
65.361282
65.033539
63.299923
64.350098
63.542614
63.931000
58.604237
59.186069
58.631920
60.382751
62.256809
64.510384
65.187538
65.128120
55.081535
55.168850
57.134483
60.752991
62.742435
66.042427
66.134384
66.342751
44.810829
46.434803
52.255638
58.942657
62.057068
66.103760
69.755089
68.880524
76.575005
83.689102
68.654297
64.045204
67.380348
65.098465
64.699799
65.923637
65.358727
69.847168
71.274292
53.708130
67.596207
64.912903
63.787014
65.730438
67.412003
65.887222
65.268562
63.900318
64.851776
65.765121
66.852547
67.003754
66.381157
65.067696
