0.388564
0.121477
-1.436782
-1.719776
-3.200794
-3.088002
-2.700013
-2.439065
-1.942474
-1.793763
-1.367439
-1.492173
-1.316418
-1.521980
-1.209012
-1.241506
-0.140836
-0.183428
-0.927434
-1.049457
-1.397799
-1.700767
-1.430710
-0.885166
-5.029916
-4.278658
-4.541459
-3.262264
-2.645246
-2.872611
-0.629579
0.235571
-10.492041
-9.505111
-6.798246
-4.219072
-3.310332
-1.375577
2.681286
2.691659
6.743822
8.977901
-1.910286
-1.098815
-0.144312
-0.378724
-0.298614
0.424868
0.669267
1.984542
2.569794
-6.000797
-0.521627
0.421767
0.400405
-0.252511
-0.078046
0.268948
0.294244
-0.381040
0.255369
-0.294769
-0.028378
-0.061389
0.109049
-0.243153
