0.273761
0.150897
-1.355146
-1.722550
-3.245875
-3.117134
-2.930452
-2.563551
-1.908983
-1.713274
-1.223800
-1.621114
-1.300568
-1.562500
-1.270094
-1.359122
-0.031067
-0.012229
-0.810939
-0.893643
-1.547876
-1.867238
-1.356973
-0.965013
-5.131304
-4.535665
-4.774941
-3.293461
-2.682958
-3.124655
-0.883557
0.320230
-10.466198
-9.481738
-6.727757
-4.023663
-3.170459
-1.079226
2.592777
2.529511
6.368561
8.318685
-1.908353
-1.155227
-0.300102
-0.289303
-0.462852
0.422397
0.497170
1.766461
2.572294
-5.308014
-0.447109
0.397246
0.085801
-0.387871
-0.199992
0.117982
0.193933
-0.042867
0.258338
-0.215975
-0.066512
-0.213468
-0.289971
0.051062
