0.329691
0.085414
-1.387800
-1.703133
-2.755613
-2.598583
-2.477731
-2.126798
-1.849882
-1.736271
-1.246783
-1.523670
-1.364898
-1.346063
-1.238500
-1.208834
-1.379362
-1.222853
-1.920467
-1.711670
-2.004680
-1.959487
-1.406498
-1.067674
-6.146505
-5.858029
-5.283109
-3.761409
-3.167830
-2.506629
-0.586653
0.242933
-12.559438
-11.359387
-8.255013
-4.729802
-3.520142
-1.302678
2.866113
2.456544
9.125914
11.850202
-2.163573
-2.236873
-0.226307
-0.241963
-0.457875
0.955952
1.156876
3.081493
3.584713
-8.433015
-0.592005
0.264830
0.134830
-0.091049
0.199992
0.274023
1.043227
-0.057156
0.017816
-0.129245
0.377788
0.267881
0.505591
0.087535
