-2.974354
-3.531569
0.757775
-1.739550
-2.481298
-0.316909
-0.162760
-2.103319
-1.643878
-2.691903
-1.556167
-1.336180
-1.297468
-1.069302
-0.662388
-0.691253
0.417595
1.598987
-0.778569
-0.961135
-1.496719
-1.414792
-0.850699
0.519012
0.454570
1.252757
5.380241
-1.517017
-1.429549
-0.900248
-0.528565
-0.584112
2.116315
2.309958
-0.635308
-0.841891
0.384503
0.906940
1.842032
-2.028714
-0.952744
-0.807542
-0.478500
0.624015
-5.211248
-7.869331
-0.977950
-1.045336
1.405894
-1.688043
-0.526466
-0.338929
0.525290
1.682051
-0.585958
-0.929961
0.473160
0.599213
1.141746
6.471143
-0.664650
0.780351
0.702623
-2.756517
-0.976856
-0.952631
-0.977992
-0.859873
-0.164313
0.780313
0.678443
-20.774416
-0.337981
-0.409885
0.949353
1.027604
1.537870
2.591080
-0.857911
-0.897537
0.433622
1.783721
-1.449069
-0.488100
18.441525
0.159720
-0.775155
-0.622004
-0.294307
-0.727576
-5.534223
-0.000852
-0.267439
-0.799134
1.051854
1.721691
0.595575
1.101763
-0.916271
-0.771140
-0.430836
4.673730
-0.163432
-0.236670
10.106310
-0.233067
5.575302
-0.578323
-0.861220
-1.011244
-2.610700
-2.614928
-1.146816
-0.187622
-0.266313
-0.380713
0.252099
-0.437769
-0.327635
-0.477026
-0.693367
-1.156224
-0.181067
-1.622233
-0.297452
-1.183452
-1.822419
0.222618
-0.424509
0.003642
-0.502474
0.736520
-1.146727
-0.166878
-0.895038
-0.059973
-1.147478
-0.243277
-0.237787
-0.832489
-3.276807
-1.031037
-1.918986
-0.405879
-0.266823
-0.701136
-1.787952
0.991669
-0.486492
-0.147717
-0.360883
-0.658157
-0.588887
-0.452314
0.085698
-0.012875
1.139342
-0.414044
-1.162823
-0.906257
-1.094197
-1.106029
-1.905488
-0.478985
-0.795415
-1.824239
-0.861686
-0.058055
0.036069
-0.197242
-0.642152
-2.028317
-1.591577
-0.016327
-0.727308
0.632040
-0.928831
-0.350936
-0.278396
-0.316374
2.523625
-0.159026
-0.338120
-0.355061
-1.004823
-0.657251
1.179397
0.186846
-0.104084
-0.094506
-0.475753
1.147599
7.063356
0.136791
-1.061183
0.096536
-0.700557
-0.164276
0.100463
0.050965
-0.191452
0.492727
1.623895
-0.947074
-0.577470
1.003529
-0.376984
-0.126699
-0.720546
-1.206849
-0.549531
-2.270988
-6.391293
-0.483213
0.126889
-0.578095
0.083566
7.378472
0.664334
-0.297061
-0.059114
-11.967403
0.218686
-0.115939
-0.077276
-0.489501
1.275832
-0.951143
0.032388
0.166047
0.655779
-0.260874
-0.905509
-9.360600
-1.783701
-0.929027
-2.600982
0.442721
-1.772499
-0.328541
-0.271607
-0.065497
0.036689
-10.713766
0.051808
-0.477644
-1.395089
-0.204153
-0.461300
-0.934628
-0.368222
0.039482
-0.434322
-0.498211
-0.282564
-0.592277
-0.115389
-0.213165
-1.037189
5.136395
0.988541
-0.353145
-0.211669
-0.094905
-4.067910
-1.243584
23.754612
-3.321757
-2.578884
-1.025262
0.359803
-0.211506
-1.736880
-0.836745
-0.107151
-0.467824
-0.325521
-0.968356
-0.259761
-0.406659
-0.311306
-1.400560
-0.541680
-0.009986
3.961860
-0.537515
4.883769
2.037273
0.725501
0.287173
10.778230
-4.556684
0.232486
1.311141
2.378188
