-3.444801
-3.930166
0.560095
-2.358607
-3.427279
-0.482253
-0.825428
-2.499807
-2.060290
-3.234271
-2.370440
-2.263196
-0.878165
-1.055170
-0.750707
-0.880821
0.341036
1.148266
-0.939446
-1.061617
-2.055991
-2.114773
-0.933510
0.682911
0.084808
1.143293
5.979594
-1.591920
-1.480995
-0.558775
-0.403918
-0.561141
1.532267
2.309958
-0.740894
-0.946086
0.094515
1.237185
2.199515
-2.477372
-1.095656
-1.218020
-0.061162
0.344850
-3.348839
-6.478659
-1.129443
-1.223721
0.978787
-1.484460
-0.591462
-0.441750
2.998930
0.786811
-0.547110
-0.735270
0.562966
0.414284
1.040908
6.017982
-0.905299
1.344937
-0.227516
-2.140800
-1.192891
-1.130774
-1.185479
-1.035032
-0.068782
1.231004
0.738666
-23.955976
-0.629955
-0.725940
1.532389
1.593281
2.248734
4.200691
-0.782554
-0.907364
0.341051
1.482282
-1.518355
-0.611577
12.339056
-0.132182
-0.647004
-0.817398
-0.026755
-0.706703
-6.786169
0.069443
-0.406205
-0.763688
0.685837
1.733227
0.849960
1.356805
-1.113076
-0.983631
-4.940258
6.099339
-0.076713
-0.264560
11.782231
-0.856164
5.099553
-0.643342
-1.344344
-1.755987
-1.387669
-3.856032
-1.308962
-0.102720
-0.492877
-0.892085
-0.972382
-0.552263
-0.479855
-0.267135
-1.089984
-1.593801
1.970433
-1.741700
-0.122480
-1.475027
-1.745595
-0.619156
-0.339479
0.087413
-1.008168
1.149690
-1.351261
-0.119003
-0.933892
0.251887
-2.219887
1.072629
0.320495
-1.051922
-7.090491
-0.085034
0.344986
-0.620756
-0.333528
-0.473159
-1.992290
0.565144
-0.567626
-0.229396
-0.351708
-0.441143
-0.727449
-1.325595
0.430238
-0.080467
1.051844
-0.606834
-2.353498
-1.082572
0.498926
-1.804327
-3.350113
-0.761334
-1.539981
-1.376677
-1.480153
-1.741640
-1.146988
-2.718510
-1.380522
-2.187401
-4.063112
-0.163271
-1.192785
-0.408026
-1.374080
0.309158
-0.484708
-0.279786
1.691366
-0.123987
-0.494810
-0.074750
-1.804817
-0.750383
1.460205
0.277574
-0.020388
-0.487070
-1.205418
2.293145
12.998132
-0.571104
-0.548888
0.311279
-0.792700
-0.218300
0.192554
0.076828
-0.066969
1.012654
3.011419
-1.666850
-0.794021
1.522262
-0.482804
0.091009
-1.247631
-1.906329
-0.814305
-4.098856
-9.912576
-0.350826
0.236742
-0.734319
0.481162
11.408731
0.861432
-0.553080
0.067918
-17.485884
0.356000
-0.104472
-0.113155
-0.736024
7.607737
-1.338550
0.172430
0.164093
2.226477
-0.215761
-1.139349
-16.585062
-2.748742
-1.605359
-4.535263
0.809111
-1.377485
0.073438
-0.099084
-0.522378
0.381006
-17.007420
0.195106
-0.332155
-2.114097
-0.237484
-0.601756
-1.527256
-1.055819
-1.095625
-0.490819
-0.732064
0.017819
-0.431937
-0.054301
-0.277115
-1.748404
8.632597
-0.181569
0.453092
-0.777401
-0.204047
-4.479984
-2.645481
22.140223
-3.191376
-3.505331
-1.952881
0.524434
-0.255093
-2.961692
-0.957762
-0.719102
-0.543178
-2.416881
-0.351703
-0.663374
-0.301856
-0.423558
-11.510855
-0.876536
0.161200
6.799490
1.865856
6.326468
3.555485
1.301626
0.580736
16.970562
-8.203976
0.946089
2.826087
5.362836
