0.362660
0.209548
-1.406304
-1.735310
-3.002434
-2.987788
-2.554816
-2.405307
-1.829787
-1.701776
-1.149108
-1.615799
-1.423074
-1.389943
-1.233445
-1.160481
-0.825132
-0.709255
-1.368078
-1.341839
-1.666842
-1.801710
-1.325938
-0.930793
-5.410188
-4.741558
-4.790507
-3.551055
-2.857512
-2.568777
-0.812729
-0.005889
-11.287989
-10.209425
-7.418547
-4.508634
-3.394256
-1.156245
2.599025
2.218186
7.814131
10.133100
-2.051044
-1.459854
-0.031486
-0.420805
-0.437968
0.776618
0.680740
2.533236
3.035757
-6.531100
-0.596145
0.070621
-0.009806
-0.168988
0.062437
0.261844
0.866681
-0.217193
0.121152
-0.231280
0.123446
-0.066970
0.059481
-0.116713
