11.009325
11.058218
10.830286
11.283953
9.557299
9.939872
9.813039
9.937716
9.148935
9.589734
9.204357
8.917603
7.708314
8.491461
8.492569
8.821224
3.715578
4.316670
3.460912
5.114386
6.244084
8.372354
9.601162
9.800700
-0.932246
-1.050999
0.805743
4.135767
7.014482
10.427025
11.046246
11.366313
-11.939218
-10.782847
-4.072682
2.531443
6.107796
10.269283
14.666375
13.717731
22.689695
29.978655
8.689095
6.592889
10.488823
9.699546
9.615385
10.033792
9.771301
14.000838
15.028796
-4.784689
9.513479
9.121940
8.040792
9.651244
11.111762
9.925710
9.897283
8.659122
9.549602
9.081139
9.992764
10.380392
9.814418
9.862278
