0.262407
0.039046
-1.411902
-1.867186
-3.187913
-3.129620
-2.733807
-2.618710
-1.935157
-1.839757
-1.306700
-1.565853
-1.412845
-1.507861
-1.242110
-1.161228
-0.028404
-0.083853
-0.915154
-0.970241
-1.543650
-1.857695
-1.411214
-0.836931
-4.952417
-4.440288
-4.473442
-3.331024
-2.715283
-3.046230
-0.776753
0.294464
-10.336986
-9.429426
-6.740065
-4.210190
-2.877391
-1.227967
2.775745
2.409058
6.675451
9.067591
-1.939012
-1.118437
-0.309239
-0.306586
-0.278707
0.372641
0.458926
1.884225
2.519798
-5.656186
-0.449474
0.327885
0.343205
-0.345468
-0.222988
0.208779
0.405062
-0.122477
0.234159
-0.260433
-0.042568
-0.220045
-0.110465
-0.241763
