0.357950
0.264213
-1.436782
-1.881768
-3.020467
-3.202200
-2.804425
-2.405307
-1.933806
-1.867354
-1.190476
-1.450439
-1.351472
-1.465844
-1.294106
-1.265029
-0.507009
-0.332616
-1.036916
-1.083370
-1.477548
-1.679560
-1.347068
-0.881516
-5.062571
-4.500344
-4.556109
-3.294352
-2.715283
-2.933378
-0.881410
0.306243
-10.554063
-9.710795
-6.854636
-4.497975
-3.011936
-1.179066
2.649007
2.568426
6.943961
9.605726
-2.018562
-1.083117
-0.306990
-0.345060
-0.079631
0.622480
0.772526
2.391919
2.723782
-6.148325
-0.473604
0.270716
0.156894
-0.177729
0.136580
0.103520
0.791783
-0.068587
0.206670
-0.356443
0.012770
0.093758
0.261718
-0.245098
