-3.583621
-4.262330
1.515551
-2.439085
-3.675191
-1.364087
-0.616164
-2.596511
-2.264414
-3.246235
-2.762497
-2.576463
-1.740506
-1.130540
-0.673428
-1.018689
0.389755
2.103365
-0.989100
-1.262582
-2.684507
-2.485526
-0.624849
0.539500
0.461355
1.200052
5.714764
-1.635237
-1.517675
-0.413907
-0.416540
-0.548015
1.346746
2.299871
-0.855429
-1.183649
0.124588
1.020308
2.234271
-4.408552
-1.129001
-0.949734
-0.129519
0.273691
-2.763011
-6.418486
-1.183961
-1.281314
2.040623
-2.782302
-0.686356
-0.444289
3.610177
0.628336
-0.411142
-0.654494
0.635348
0.314070
1.232825
5.945476
-1.008434
0.927791
0.602248
-2.188163
-1.155320
-1.211156
-1.323804
-0.692675
0.043307
1.295053
0.802235
-24.580505
-0.559173
-0.721002
1.231282
1.765050
2.362873
3.740292
-0.921675
-0.969602
-0.477471
2.212213
-1.441150
-0.496816
13.456724
-0.859182
-1.025205
-1.042101
0.080265
-0.840887
-7.281639
0.133773
-0.373405
-0.290008
1.009211
1.113188
0.886938
1.507778
-0.922724
-0.527802
-4.882813
6.577242
-0.002224
-0.239061
11.443662
-0.780061
5.292212
-0.848664
-1.314337
-2.336449
-2.430381
-4.412018
-1.090802
-0.071275
-0.755215
-0.860546
-0.874630
-0.501751
-0.576986
-0.558121
-1.215531
-1.807798
1.214213
-2.225855
-1.207307
-3.979144
-2.953428
-0.431322
-0.382314
-0.010927
-0.792362
1.422741
-0.925429
-0.254421
-0.849245
0.959570
-2.101922
-0.707714
-0.275695
-0.606269
-4.480154
-2.274660
-1.523689
-0.774618
-0.295411
-0.498968
-2.486105
1.443073
-0.746442
-0.364948
-0.752349
1.252277
-1.844603
-2.046611
1.231251
-0.663045
0.201060
-0.662471
-2.221201
-1.548042
0.433550
-2.446386
-4.679523
-0.544531
-2.128371
-1.665609
-2.689293
-0.978636
-0.548246
-1.972420
-1.869980
-1.869233
-6.565254
-0.195925
-0.906711
1.920123
-0.861012
-2.239305
-0.780504
0.258264
1.073883
0.204847
-0.505806
-0.051390
-1.228976
-0.585405
1.203466
0.391658
-0.071893
-0.096929
-1.304311
3.145119
14.074824
-0.731834
-0.612093
0.118207
-1.059644
-0.145533
0.082197
0.235809
-0.080363
1.154928
3.456532
-1.770167
-0.244314
0.853242
-0.072751
-0.192725
-0.987050
-1.719144
-0.885911
-4.471479
-10.707348
-0.079432
0.146863
-0.655258
0.272688
13.702878
1.106328
-0.146576
0.095589
-19.378851
0.364476
-0.089184
0.204230
-1.166998
4.851311
-1.086285
0.114953
0.060558
2.321670
-0.447213
-0.820928
-15.649002
-3.393910
-1.833281
-4.760327
0.946507
-1.377485
0.081169
-0.046628
-0.322692
0.423340
-19.208382
0.326279
-0.653329
-0.837054
-0.139574
-0.793161
-2.083333
-0.807833
-3.217783
-1.101695
-0.249105
-0.784050
-0.863874
-0.678758
-0.176622
-1.623941
8.740503
1.149935
0.752932
-1.050647
-0.213537
-4.577191
-2.703806
29.520296
-2.969135
-4.182559
-1.781027
0.466329
-0.177922
-2.428864
-1.196338
-0.819110
-0.687607
-2.158247
-0.708096
-0.600245
-0.443231
-0.437264
-15.056023
0.064017
-0.299575
9.402655
0.753756
8.054649
3.606859
1.503078
0.698011
18.824142
-10.902972
0.038748
3.607337
6.619074
