0.370902
0.170827
-1.387800
-1.525608
-2.958480
-2.837466
-2.502203
-2.234404
-1.867612
-1.655782
-1.137617
-1.659501
-1.426430
-1.357922
-1.263775
-1.123889
-1.192962
-1.033311
-1.526873
-1.464199
-1.846934
-1.921315
-1.287639
-1.012922
-5.751485
-5.306685
-5.035892
-3.823802
-2.820339
-2.327091
-0.736893
0.029446
-11.848769
-10.876340
-7.769423
-4.663185
-3.380269
-1.131523
2.670873
2.391685
8.277497
11.426419
-2.070766
-1.662938
-0.265664
-0.336644
-0.517598
0.963363
1.166437
2.793625
3.569714
-7.505981
-0.633404
0.088277
0.159345
-0.142037
0.214626
0.266411
0.775733
-0.285780
0.311787
-0.156454
0.420356
-0.083713
0.029741
-0.072946
