-4.339421
-5.059524
0.032947
-2.179081
-3.105428
-4.684744
-0.395275
-7.175460
-5.584828
-5.407733
-6.248794
-6.201412
-2.594937
-0.716008
-1.126060
-1.945466
0.835189
3.820399
-2.121202
-2.970781
-3.142577
-3.499905
-0.933510
1.024366
-0.420647
2.481188
8.084300
-1.900557
-1.692022
0.413907
-0.410229
-0.761315
1.621592
3.369109
-0.980701
-1.492065
0.249175
1.449133
1.747696
-7.256554
-2.038872
-2.317995
-0.964195
1.204239
-6.085618
-5.188276
-1.464753
-1.453583
2.562642
-5.496743
-0.717554
-0.482371
8.175427
0.055605
-0.433803
-0.985883
0.825684
0.429780
1.372697
7.468098
-1.375138
1.251438
0.588865
-2.065020
-1.408927
-1.514217
-1.627890
-0.191083
0.045855
2.024595
1.684768
-47.181374
-0.445923
-0.503714
0.866884
2.613997
3.700500
4.568296
-0.997032
-1.336478
-1.091363
3.457829
-2.256747
-0.865796
14.842633
-1.387910
-1.500300
-1.875782
1.137093
0.071565
-11.289637
0.606664
-0.534878
-1.056919
-1.719923
1.788021
1.784366
2.976470
-2.103552
-1.439460
-13.556987
9.396061
0.191227
-0.522746
13.813651
-0.171233
5.614620
-1.875274
-2.616670
-3.913551
-2.163823
-7.561409
-1.096698
0.205440
-1.780717
-1.847246
-1.646361
-0.572468
-0.701661
-0.477026
-2.408236
-3.091782
3.110089
-3.646881
-3.114502
-7.272228
-3.960666
-1.266140
-0.849018
-0.269522
-1.816636
1.753277
-2.266631
0.202442
-0.888099
2.350947
-3.889270
-1.105803
-0.427327
-2.054076
-8.441942
-2.083333
1.121205
-0.822368
-0.254117
-0.060220
-2.601896
0.526046
-0.923984
-0.361473
-0.269133
-1.351890
-1.203755
-2.194397
1.014383
-0.070811
2.948886
-0.362289
-2.771279
-1.438727
1.679146
-1.368476
-1.382586
-1.109229
-2.920153
-1.608956
-3.960974
-2.255839
-2.625808
-4.493689
-2.317604
-5.687242
-7.559990
-1.371473
-1.949185
1.760113
-2.347141
0.434492
-1.322383
-0.344353
5.154639
0.528291
-0.780700
-0.644715
-3.277269
-1.820078
2.679718
0.348540
0.375562
-2.064594
-1.764027
5.214492
29.083645
-0.793390
-2.155631
0.212773
-1.891640
0.145533
0.365319
0.578112
0.245815
3.933449
8.877701
-3.430130
-0.310945
0.950202
-0.582011
-0.142759
-2.053064
-2.462957
-1.412128
-8.278278
-21.083540
-0.542788
0.413565
-1.143540
0.467967
27.405756
1.621898
-0.652752
0.432665
-33.367558
0.610285
0.275196
0.209750
-1.780647
12.033771
-1.935750
0.541923
0.406326
5.954899
-0.149071
-2.338402
-29.377882
-6.636016
-3.577374
-9.410245
2.362104
-1.377485
0.610699
0.055953
-1.137409
1.162773
-39.508148
0.599647
-0.428233
-1.244849
0.295814
-1.591830
-3.101504
-1.322592
-5.290588
-0.663842
-1.342118
-0.173102
-1.544503
-1.086012
-1.327714
-0.869263
5.050069
1.412201
0.199893
-1.293103
-0.265735
-4.023533
-2.857952
39.437267
-2.572065
-6.956484
-3.249594
0.914780
0.001429
-4.373339
-2.890573
-1.542975
-1.073797
-3.192780
-1.078556
-1.275003
-0.635371
-0.592590
-23.284315
-1.359124
0.233954
9.546941
1.705219
15.844209
6.788549
3.362467
1.666657
32.870167
-21.086212
2.014879
7.214674
10.985583
