0.412114
0.174623
-1.451295
-1.830730
-3.268416
-3.192878
-2.757113
-2.531902
-1.895193
-1.786098
-1.221885
-1.519733
-1.387273
-1.533839
-1.238500
-1.158738
-0.281671
-0.224190
-0.941006
-1.026543
-1.432853
-1.738939
-1.369079
-0.807600
-5.108920
-4.405008
-4.272878
-3.291975
-2.688346
-2.757522
-0.677274
0.260110
-10.560953
-9.286961
-7.027987
-4.174661
-2.937337
-1.293169
2.816652
2.691659
6.823587
8.852336
-1.887084
-1.128247
-0.052477
-0.462885
-0.039815
0.474271
0.580032
2.119753
2.769778
-5.542264
-0.502307
0.353107
0.359548
-0.230659
0.182107
0.131937
0.445824
-0.361988
0.273185
-0.321978
-0.039020
-0.044647
0.267666
-0.106987
