0.141296
0.121477
-1.233600
-1.301852
-2.569651
-2.377179
-2.243213
-2.000203
-1.938534
-1.809094
-1.501502
-1.637847
-1.640860
-1.660341
-1.364877
-1.202300
-2.899559
-2.567991
-3.148751
-2.685511
-2.602797
-2.281827
-1.435112
-0.976420
-7.742384
-7.293821
-6.409317
-4.456645
-3.426429
-2.439878
-0.496032
0.392619
-15.643306
-14.647221
-10.526317
-6.217580
-3.963074
-1.166388
3.363322
2.907857
11.573268
15.570065
-2.768755
-2.845145
0.052477
0.729395
0.411424
1.452454
1.810209
3.681217
4.599632
-10.765550
-0.783820
0.156937
0.147088
0.121399
0.598351
0.416108
1.266139
-0.552507
0.451349
-0.362792
0.212838
0.647379
0.614640
-0.252879
