-3.213434
-3.683036
0.650698
-2.063524
-3.066284
-0.626929
-0.621977
-2.274969
-1.948702
-3.002967
-1.969335
-1.911569
-1.598101
-1.017486
-0.805906
-0.863588
0.125278
1.609718
-0.830208
-1.181759
-1.906852
-1.972404
-1.023850
0.966319
0.349408
1.487902
4.976026
-1.532809
-1.421451
-0.879553
-0.523831
-0.689121
1.449813
1.881254
-0.753422
-0.875233
0.287840
0.926656
1.261122
-3.140605
-1.112329
-1.196557
-0.338188
0.424221
-3.112759
-6.465287
-1.112074
-1.189064
1.892322
-2.451479
-0.683756
-0.519183
2.387683
1.081517
-0.673366
-0.892680
0.638029
0.440112
0.944949
6.688660
-0.816488
0.812716
0.642398
-2.244998
-0.791347
-1.097101
-1.116316
-0.768312
-0.173229
1.052133
0.746473
-24.038462
-0.568021
-0.688902
1.198677
1.504598
2.135931
3.272756
-0.675315
-0.904088
0.048722
1.748844
-1.367905
-0.358811
14.172031
-0.209288
-0.978321
-1.130028
-0.257518
-0.775286
-6.255308
0.061348
-0.464234
-0.634796
1.300603
1.447721
0.852320
1.406641
-0.913045
-0.568930
-4.322725
6.577242
-0.147867
-0.215155
12.340872
-1.079718
5.626415
-0.242964
-0.891228
-1.712179
-2.163823
-3.601354
-1.270637
-0.160369
-0.759190
-0.691591
-0.540212
-0.607826
-0.504500
-0.145493
-1.067157
-1.290372
1.246166
-1.691399
-0.953597
-2.589874
-2.748566
-0.177399
-0.389986
-0.003642
-0.763374
0.732927
-1.119903
-0.123107
-0.770149
0.247889
-1.790923
-0.022116
0.172309
-0.678659
-5.627962
0.786565
-0.043123
-0.870119
-0.657527
-0.785014
-2.281768
0.323447
-0.525627
-0.139028
-0.327241
0.032018
-0.963437
-1.372618
0.629617
-0.233353
0.489619
-0.580956
-1.556233
-1.375254
-0.223657
-0.768596
-1.923213
-0.998306
-1.158618
-1.688270
-1.445408
-0.248806
-0.735803
0.094333
-0.968457
-3.042475
-2.945948
-0.359195
-0.860648
0.320020
-0.978958
-1.487299
-0.623906
0.139893
1.073883
0.056603
-0.415091
-0.446162
-1.078253
-0.771671
1.087131
0.280269
-0.014486
-0.106622
-0.906068
2.124803
11.084734
-0.909663
-0.518948
-0.133968
-0.860452
-0.142226
0.136995
0.140725
-0.129210
0.815982
2.418959
-1.284577
-0.455313
1.047161
0.072751
-0.087440
-0.728443
-0.935924
-0.579506
-3.111908
-8.930148
-0.132387
0.215594
-0.678028
0.349216
8.370536
0.823838
-0.395755
0.094331
-18.801336
0.120362
0.077717
-0.006900
-0.853079
6.316154
-1.242020
0.137305
0.200233
1.694978
-0.302065
-1.194077
-15.120968
-2.721634
-1.543424
-3.792125
0.659224
-1.559799
-0.027056
-0.102581
-0.281157
0.283167
-13.824213
0.240300
-0.466664
0.600962
-0.088536
-0.630673
-1.856203
-0.905525
-1.835913
-0.501412
-0.355865
-0.234197
-0.088351
-0.556581
-0.648631
-1.538990
7.801709
1.109587
0.056636
-0.259775
-0.164898
-4.298249
-2.458005
29.289667
-2.785416
-2.952713
-1.644326
0.659267
-0.215793
-2.207429
-0.414915
-0.559566
-0.139719
-1.159389
-0.837054
-0.287704
-0.407751
-0.337737
-8.184524
-0.209285
-0.201144
5.975856
0.469553
6.530384
3.179918
1.168147
0.491277
14.856108
-7.508559
-0.154991
2.513587
4.886332
