0.064761
0.085414
-1.262626
-1.603275
-2.682355
-2.691806
-2.306431
-2.082489
-1.838061
-1.816760
-1.315729
-1.570916
-1.465587
-1.429080
-1.232181
-1.182697
-1.677602
-1.571366
-2.293702
-2.014133
-2.142707
-1.984935
-1.452720
-1.033454
-6.596827
-6.305996
-5.383826
-3.966415
-3.216317
-2.513534
-0.543727
0.272379
-13.295948
-12.263151
-8.662281
-5.409295
-3.893137
-1.112506
2.967637
2.659229
9.669770
13.262808
-2.476798
-2.281022
0.059037
-0.042080
-0.189122
1.044878
1.252486
3.166544
3.704703
-8.941388
-0.670663
0.647363
0.306433
-0.036420
0.356084
0.342528
1.096726
-0.400091
0.204889
-0.231280
0.244764
0.452049
0.460980
0.218838
