0.141296
0.148050
-0.881661
-0.776673
-2.006131
-2.027594
-1.823121
-1.519141
-2.009456
-1.563794
-1.493841
-1.440990
-2.271100
-1.956831
-1.592357
-1.372190
-4.597873
-4.377812
-4.858849
-3.808293
-3.378378
-2.404825
-1.558373
-1.149803
-10.112501
-9.958649
-8.387050
-5.882772
-3.975950
-1.588222
-0.042926
0.795053
-19.278477
-17.857143
-12.844612
-7.594330
-4.685751
-0.627567
4.045358
3.372681
13.879220
19.839277
-3.085847
-4.032259
-0.019679
1.009931
0.637044
1.393170
1.682729
4.056318
5.099592
-11.064593
-0.786580
-0.029426
-0.416748
0.029136
0.907282
0.395810
0.882731
-0.857339
0.178164
-0.639421
-0.021284
0.167426
0.000000
-0.029178
