0.129521
0.045554
-0.892546
-0.943103
-2.344243
-2.167428
-1.921006
-1.683715
-1.985816
-1.621286
-1.447876
-1.393745
-2.058534
-1.850095
-1.579719
-1.346053
-3.939259
-3.693015
-4.193811
-3.437088
-3.194342
-2.277586
-1.558373
-1.122427
-9.433067
-9.166093
-7.929241
-5.490588
-3.636540
-1.905867
-0.143086
0.441696
-17.960512
-17.015707
-12.124061
-6.901514
-4.779000
-0.912825
3.842309
3.242963
13.596415
18.834757
-3.016241
-3.590770
-0.236146
0.841609
0.617136
1.571022
1.740095
4.069402
5.129590
-9.988038
-0.745181
-0.088277
-0.098058
0.131111
0.819480
0.411034
1.016478
-0.628715
0.213797
-0.496572
0.127703
0.435307
0.475851
-0.087535
