0.259043
0.218659
-1.314873
-1.801882
-3.011451
-2.969143
-2.618442
-2.278712
-1.910165
-1.687977
-1.172091
-1.563829
-1.414123
-1.593928
-1.253665
-1.160481
-0.646188
-0.538055
-1.221498
-1.237352
-1.593227
-1.623575
-1.431590
-0.969120
-5.220579
-4.610614
-4.644008
-3.344267
-2.682958
-2.651641
-0.772665
0.141343
-10.678106
-10.172027
-6.992481
-4.434022
-3.114510
-1.217100
2.630264
2.399792
7.213714
9.907083
-1.948956
-1.730633
-0.244018
-0.345060
-0.589266
0.687693
0.841365
2.465194
3.155747
-6.028708
-0.563026
0.176554
-0.039223
-0.107803
0.218528
0.243576
0.738284
-0.057156
0.071266
-0.250326
0.136217
-0.026788
0.261718
-0.245098
