-3.352254
-3.932823
0.164734
-3.904187
-6.593598
-7.027116
0.046503
-9.119217
-6.793242
-5.774630
-5.344045
-5.012275
-1.772152
0.942116
-0.235516
-1.478248
1.531180
6.481800
-2.891827
-5.216342
-2.194478
-2.349089
-0.030113
2.554087
0.257816
3.924494
14.774755
-0.698495
-0.428722
1.903974
1.609361
0.531608
3.243184
4.498870
-1.675066
-4.317818
1.323206
3.509464
3.276931
-9.597378
-5.268674
-6.288634
1.381534
1.280872
-0.559597
-4.947583
-0.252810
-0.324151
4.010061
-6.514658
1.871880
1.990414
16.503668
-0.311388
0.861131
-0.256827
2.139272
2.326600
3.239825
12.325987
-2.670058
3.049482
1.927195
-2.519703
-0.385107
-0.408426
-0.701913
2.117834
3.194546
5.636373
4.345007
-88.423836
1.451019
1.046934
1.726096
6.114823
7.969691
7.152239
-1.878130
-3.563941
-2.104771
8.250957
-1.702458
0.209186
19.939199
0.242333
-5.076015
-5.874844
7.009846
4.437023
-17.341448
3.099779
4.319393
2.242730
-2.515920
2.410945
4.878944
7.309256
-1.522817
-1.946699
-27.630974
19.342924
2.374768
0.599245
22.548754
1.274734
9.750880
-2.778690
-1.248320
-0.919977
-2.007025
-9.268825
2.688679
1.930721
-3.561435
-1.694060
1.111294
1.461476
0.951011
1.097161
-1.050037
-3.079006
6.475801
-2.992958
-1.504759
-0.068606
-4.046026
-2.295748
-0.265957
-0.546329
-3.014842
4.886181
-2.883584
0.891841
0.266430
6.716990
-4.489819
-3.494338
-0.413542
-1.275880
-4.072867
-3.528912
3.536109
-0.005306
0.851291
1.006538
-3.024194
1.748749
0.198542
-0.194639
-0.366999
1.181125
-1.428918
-3.358771
3.826673
-0.012875
5.294591
1.335293
-1.490085
-0.881573
5.877009
1.574685
2.658820
0.000000
-2.498838
0.407904
-3.140983
0.298567
-3.260619
-1.543633
-2.493307
-4.653198
-6.305093
5.877743
-0.543057
3.136201
-2.748160
0.367647
0.089485
1.429063
10.738832
3.051147
0.406844
1.139931
-4.560351
-0.627980
1.524390
2.770352
2.083834
-0.319867
-1.507441
10.256536
42.860107
-0.957540
-0.918139
2.490228
-0.612479
1.120167
2.064053
2.622803
2.694509
7.887821
16.478390
-2.534714
1.921198
4.149860
2.658730
0.328346
-1.437145
-1.182220
-0.013322
-9.950048
-27.088486
0.860517
1.574366
0.169507
1.583347
60.639885
3.677734
0.156348
2.958223
-28.619097
2.749675
1.314824
2.180297
-1.851589
22.366432
-2.018122
1.600225
3.723354
8.334743
1.121956
-2.507563
-50.691246
-6.289035
-3.299905
-12.187457
7.369432
-4.281007
2.566481
2.695091
-0.779573
3.492083
-49.330612
2.363316
-0.461174
-7.554945
2.041531
-0.842734
-2.474937
-1.390225
-2.329438
-0.353107
-1.748821
-0.509124
-1.518325
-3.353063
-0.158351
-0.316096
9.107389
-1.694642
-0.466418
-2.124384
1.091413
-3.279686
-1.124850
50.046124
-2.216480
-3.424064
-3.374578
2.780095
1.682044
-3.999668
-3.554437
-0.904831
-0.062795
-1.016695
1.022284
0.513313
0.646288
0.352422
-29.411766
0.108336
1.443668
10.508850
2.100633
21.084829
10.381236
6.915696
4.514331
45.035149
-33.049328
13.264621
10.421195
15.473386
