0.047099
0.000000
-1.255370
-1.405409
-2.689869
-2.524782
-2.308470
-2.177436
-1.804571
-1.740104
-1.355948
-1.574853
-1.506608
-1.620810
-1.356452
-1.158738
-2.394207
-1.989174
-2.804922
-2.263895
-2.427525
-2.129139
-1.417503
-1.076800
-7.184090
-6.650586
-5.957613
-4.278380
-3.307904
-2.596398
-0.572344
0.323910
-14.454552
-13.483753
-9.753551
-5.773467
-3.994157
-1.255135
2.998876
2.745708
10.703097
14.356270
-2.637278
-2.334982
0.157431
0.322617
0.053087
1.383290
1.593493
3.393350
3.999680
-10.167464
-0.778300
0.549278
0.490292
0.000000
0.435755
0.507449
1.176974
-0.438195
0.296940
-0.285699
0.234122
0.524600
0.218098
-0.175070
