0.156996
0.037962
-0.965111
-1.072549
-2.554624
-2.431559
-2.153485
-1.822969
-2.009456
-1.609787
-1.447876
-1.543356
-1.812405
-1.707780
-1.449129
-1.289423
-3.280644
-3.171265
-3.619254
-2.997140
-2.804361
-2.332723
-1.487938
-0.903416
-8.564025
-8.120836
-7.251684
-5.050865
-3.717352
-2.200494
-0.314789
0.422065
-16.832058
-16.018450
-11.570594
-6.679457
-4.522566
-1.255135
3.613229
3.059195
12.689987
16.972208
-2.838361
-3.610392
-0.065596
0.575100
0.663588
1.491977
1.822956
3.916745
4.859611
-10.167464
-0.767261
0.117702
-0.032686
0.174815
0.721923
0.598790
0.945146
-0.552507
0.296940
-0.494304
0.092230
0.513439
0.475851
-0.272331
