-3.861262
-4.400510
-2.558769
-3.727383
-5.018954
-4.126024
-4.638342
-4.635076
-0.975183
-1.259957
-1.358523
-1.830526
-3.169209
-3.351604
-1.663213
-1.500526
-0.590099
-0.675995
-1.055864
-1.346192
-1.505335
-1.722399
-1.260190
-1.355726
-0.683756
-0.421440
-0.611856
-0.878181
-0.827250
-1.249083
-1.348022
-1.424404
0.076425
1.638735
-0.927237
-1.264223
-1.037609
-1.290618
-1.112723
-1.042101
0.060199
-0.846851
-0.726627
-0.831357
-0.903366
-0.582639
-0.944481
-1.896485
-3.030082
-1.677747
-0.866510
-1.139886
-0.562365
-0.681365
-0.563502
-0.482048
0.101981
-1.262626
-0.918628
1.150035
0.192986
0.255914
-0.811986
-0.597820
-1.229448
-0.432159
-2.193349
-0.902823
-1.357249
-1.588256
