-3.789281
-4.326106
-2.406069
-3.470772
-5.536322
-4.637694
-5.078653
-4.692615
-0.971503
-1.451440
-1.394274
-1.773731
-3.089313
-3.428720
-1.692994
-1.551020
-0.485964
-0.748189
-1.109552
-1.675447
-1.248095
-1.325335
-1.301681
-1.389365
-0.842346
-0.677858
-0.692790
-0.948602
-1.092973
-1.289191
-1.401248
-1.543295
-0.071330
1.652794
-0.552095
-0.479022
-0.933268
-1.251310
-1.531556
-1.211442
0.722389
-0.393607
-0.777087
-0.676686
-1.238901
-1.151568
-0.889728
-2.100538
-3.519276
-2.540140
-0.850611
-1.067798
-0.660022
-0.753850
-0.424366
-0.585618
0.400641
-0.837456
-0.832593
0.265393
-0.551390
0.284349
-0.843167
-0.653431
-1.125465
-0.388167
-2.214238
-1.169567
-1.590111
-2.403846
