195.126907
-188.768913
182.393083
-173.069780
159.174256
-141.391370
129.444131
-122.122775
206.648441
-198.567878
185.165117
-168.358463
149.272704
-134.031472
133.257381
-126.225660
219.784859
-211.349623
188.958478
-162.272339
140.781191
-124.985275
121.549989
-115.059895
240.361549
-246.138758
192.236597
-150.235349
124.848559
-109.244158
106.344617
-101.046761
237.692503
-387.606144
171.168729
-122.666762
100.529396
-88.948542
82.530610
-79.211614
103.881751
-116.510321
94.220237
-73.772072
66.849814
-62.929174
60.998404
60.905571
50.062198
-22.579086
14.495819
-25.576757
33.633015
-39.061838
41.627375
226.483819
-150.020012
84.818362
-42.456748
5.207383
-16.709197
23.353431
260.880700
-147.108747
83.591684
-46.234127
17.182609
16.766640
17.236223
5.215885
