-4.452534
-4.985119
-3.020998
-4.323243
-9.776806
-7.489985
-7.684327
-7.569558
-1.530853
-2.611826
-3.233443
-4.866839
-3.323675
-3.511769
-1.985388
-1.808253
-0.050490
-0.741625
-1.746650
-2.959122
-3.448933
-3.756010
-1.619141
-1.765502
-0.639559
-0.355431
-0.712214
-1.176432
-1.453955
-1.879355
-1.648910
-1.888535
0.647061
2.658843
-0.594564
-0.770386
-2.028844
-2.581237
-2.863073
-3.126303
4.307577
2.075382
0.777087
0.386678
-2.206793
-2.604738
-3.394656
-2.064528
-3.913551
-2.602860
-2.607479
-2.315816
-0.444504
-0.585684
-1.808771
-1.449980
-0.327797
-2.280458
-0.999112
-3.228945
-0.964932
1.180050
-1.006710
-0.757702
-1.027598
-0.569311
-3.662544
-1.436310
-2.860869
-3.391140
