-4.339421
-5.059524
-2.179081
-3.105428
-7.175460
-5.584828
-6.248794
-6.201412
-1.126060
-1.945466
-2.121202
-2.970781
-3.142577
-3.499905
-1.900557
-1.692022
-0.410229
-0.761315
-0.980701
-1.492065
-2.038872
-2.317995
-1.464753
-1.453583
-0.717554
-0.482371
-0.433803
-0.985883
-1.293518
-1.375138
-1.514217
-1.627890
0.045855
2.024595
-0.445923
-0.503714
-0.997032
-1.336478
-1.500300
-1.875782
1.137093
0.071565
-0.534878
-1.056919
-2.103552
-1.439460
-1.875274
-2.616670
-3.913551
-2.163823
-1.780717
-1.847246
-0.572468
-0.701661
-1.266140
-0.849018
-0.269522
-1.816636
-0.888099
-1.105803
-0.427327
0.526046
-0.923984
-0.361473
-0.269133
-0.362289
-2.771279
-0.793390
-2.155631
-1.244849
