-4.473100
-5.261479
-3.648310
-5.367084
-10.337691
-7.936336
-7.455124
-6.840732
-1.420455
-2.902880
-3.821342
-6.072627
-3.302369
-3.464313
-2.032315
-1.825402
0.119913
-0.735062
-2.412381
-3.842692
-4.449314
-5.408654
-1.646159
-1.677839
-0.270383
-0.116784
-0.589195
-1.068730
-1.734718
-2.337734
-1.679325
-1.934263
1.049564
3.093131
-0.424689
-0.444453
-2.237526
-3.419811
-4.325865
-4.259587
5.631957
3.160783
1.372517
0.180450
-2.168078
-2.700702
-4.133815
-2.664682
-2.978972
-2.446061
-3.227550
-2.505046
-0.087554
-0.574086
-3.158393
-1.544599
-1.092657
-3.233869
-0.871448
-2.034678
-1.102779
0.284349
-0.995255
-0.896730
-1.149932
-0.212198
-2.826983
-2.270737
-1.703215
-5.408654
