-3.444801
-3.930166
-2.358607
-3.427279
-2.499807
-2.060290
-2.370440
-2.263196
-0.750707
-0.880821
-0.939446
-1.061617
-2.055991
-2.114773
-1.591920
-1.480995
-0.403918
-0.561141
-0.740894
-0.946086
-1.095656
-1.218020
-1.129443
-1.223721
-0.591462
-0.441750
-0.547110
-0.735270
-0.782127
-0.905299
-1.130774
-1.185479
-0.068782
1.231004
-0.629955
-0.725940
-0.782554
-0.907364
-0.647004
-0.817398
-0.026755
-0.706703
-0.406205
-0.763688
-1.113076
-0.983631
-0.643342
-1.344344
-1.755987
-1.387669
-0.492877
-0.892085
-0.552263
-0.479855
-0.619156
-0.339479
0.087413
-1.008168
-0.933892
1.072629
0.320495
0.565144
-0.567626
-0.229396
-0.351708
-0.606834
-2.353498
-0.571104
-0.548888
-2.114097
