-4.154327
-4.623724
-2.335909
-3.231559
-6.150395
-5.133034
-5.711977
-5.223250
-1.041421
-1.551011
-1.549193
-2.214980
-3.334327
-3.422788
-1.745336
-1.590081
-0.498586
-0.636617
-0.830374
-1.554581
-1.352896
-1.620450
-1.329664
-1.421983
-0.800749
-0.632159
-0.734875
-1.014879
-1.138096
-1.289191
-1.376264
-1.573017
0.073877
1.785580
-0.502548
-0.607419
-1.078186
-1.618186
-1.306511
-1.400323
0.836098
-0.244513
-0.787179
-1.031140
-1.509911
-1.131005
-1.546759
-2.736701
-3.198014
-1.567988
-1.033452
-1.234501
-0.905846
-0.968408
-0.737422
-0.680237
0.182110
-1.262626
-0.774312
-0.619250
-0.165417
0.390980
-0.910620
-0.396230
-0.342533
-0.561548
-3.091578
-1.716732
-1.284064
-0.729739
