-3.213434
-3.683036
-2.063524
-3.066284
-2.274969
-1.948702
-1.969335
-1.911569
-0.805906
-0.863588
-0.830208
-1.181759
-1.906852
-1.972404
-1.532809
-1.421451
-0.523831
-0.689121
-0.753422
-0.875233
-1.112329
-1.196557
-1.112074
-1.189064
-0.683756
-0.519183
-0.673366
-0.892680
-0.777114
-0.816488
-1.097101
-1.116316
-0.173229
1.052133
-0.568021
-0.688902
-0.675315
-0.904088
-0.978321
-1.130028
-0.257518
-0.775286
-0.464234
-0.634796
-0.913045
-0.568930
-0.242964
-0.891228
-1.712179
-2.163823
-0.759190
-0.691591
-0.607826
-0.504500
-0.177399
-0.389986
-0.003642
-0.763374
-0.770149
-0.022116
0.172309
0.323447
-0.525627
-0.139028
-0.327241
-0.580956
-1.556233
-0.909663
-0.518948
0.600962
