-3.352254
-3.932823
-3.904187
-6.593598
-9.119217
-6.793242
-5.344045
-5.012275
-0.235516
-1.478248
-2.891827
-5.216342
-2.194478
-2.349089
-0.698495
-0.428722
1.609361
0.531608
-1.675066
-4.317818
-5.268674
-6.288634
-0.252810
-0.324151
1.871880
1.990414
0.861131
-0.256827
-1.684582
-2.670058
-0.408426
-0.701913
3.194546
5.636373
1.451019
1.046934
-1.878130
-3.563941
-5.076015
-5.874844
7.009846
4.437023
4.319393
2.242730
-1.522817
-1.946699
-2.778690
-1.248320
-0.919977
-2.007025
-3.561435
-1.694060
1.461476
0.951011
-2.295748
-0.265957
-0.546329
-3.014842
0.266430
-3.494338
-0.413542
1.748749
0.198542
-0.194639
-0.366999
1.335293
-1.490085
-0.957540
-0.918139
-7.554945
