-3.583621
-4.262330
-2.439085
-3.675191
-2.596511
-2.264414
-2.762497
-2.576463
-0.673428
-1.018689
-0.989100
-1.262582
-2.684507
-2.485526
-1.635237
-1.517675
-0.416540
-0.548015
-0.855429
-1.183649
-1.129001
-0.949734
-1.183961
-1.281314
-0.686356
-0.444289
-0.411142
-0.654494
-0.777114
-1.008434
-1.211156
-1.323804
0.043307
1.295053
-0.559173
-0.721002
-0.921675
-0.969602
-1.025205
-1.042101
0.080265
-0.840887
-0.373405
-0.290008
-0.922724
-0.527802
-0.848664
-1.314337
-2.336449
-2.430381
-0.755215
-0.860546
-0.501751
-0.576986
-0.431322
-0.382314
-0.010927
-0.792362
-0.849245
-0.707714
-0.275695
1.443073
-0.746442
-0.364948
-0.752349
-0.662471
-2.221201
-0.731834
-0.612093
-0.837054
