-3.521923
-4.171981
-2.699089
-3.923104
-3.171902
-2.531136
-2.792656
-2.774652
-0.938383
-0.988051
-0.850070
-1.153362
-2.679180
-2.722807
-1.675848
-1.537682
-0.498586
-0.567704
-0.604885
-1.079455
-1.167111
-1.293141
-1.183961
-1.258889
-0.766951
-0.500142
-0.663654
-0.683490
-0.862346
-1.031353
-1.191604
-1.364958
-0.017832
1.402845
-0.591025
-0.898783
-1.083983
-1.113732
-1.025205
-1.270060
-0.080265
-0.805105
-0.484418
-0.476902
-0.967892
-0.322165
-0.376424
-1.242318
-2.679614
-2.101104
-0.143093
-0.648789
-0.303071
-0.362428
-0.320013
-0.442410
0.211247
-0.554009
-0.802065
-0.398089
-0.599636
0.582916
-0.677715
-0.361473
-0.526033
-0.346762
-1.733790
-0.054717
-1.363903
-1.373626
