0.329468
-2.177028
-0.883557
-4.179428
-1.977848
-0.781957
-0.027840
2.038977
-1.234642
1.044854
-0.169616
1.435197
6.801963
-0.144868
1.374231
2.602486
0.064442
0.995662
2.025739
-3.628277
-0.525271
0.399588
-2.850448
-5.856868
1.874525
-5.327090
5.405715
0.233541
0.621944
0.371925
0.897783
6.706787
0.891830
0.695931
-2.813353
-0.845356
-440.217407
-0.644904
1.072125
-33.418175
1.300325
1.964802
2.637874
4.703918
-0.302074
2.361687
-1.694539
-0.656610
13.143778
-1.652273
-9.006936
0.246244
-0.440641
1.741879
1.209508
2.019817
-8.128447
7.371047
0.146755
-0.492465
8.904387
-0.152207
5.009121
-5.258551
-1.338443
-0.023060
-0.926078
-0.209892
-1.632122
-2.139973
2.279311
-3.345071
-1.259798
-2.504116
-2.944892
1.480225
-1.710032
-0.194235
-2.616678
-1.461380
-10.034063
0.085034
0.589351
-0.777271
-0.269999
-0.172058
-2.172788
0.249032
-1.511189
-2.028697
1.227754
-0.260712
1.280829
-1.727883
0.949681
-0.909193
-1.364861
-0.927719
-2.971002
-0.509880
-2.717089
-0.613721
102.976189
0.807941
-0.617453
-1.694277
-3.529669
-5.386876
0.620428
-1.430372
0.336022
-1.893046
-0.802139
-0.700962
-0.185090
4.188144
0.123987
-0.846675
-0.635372
-2.141046
-1.351754
2.182285
0.371895
0.130910
-1.056529
-1.459331
3.444849
19.497198
0.512231
-1.235799
-0.114663
0.350097
0.269279
0.133938
1.962540
5.218566
-2.541602
-0.005553
0.436317
0.072751
-0.453261
-1.318699
-1.719144
-0.776005
-5.559136
-14.063051
-0.139007
0.411215
-0.933553
0.568246
16.958086
1.224479
-0.605847
0.176085
-22.651438
0.315314
0.045866
0.080036
-1.397560
8.222026
-1.431219
0.301069
0.191442
3.538035
-0.360909
-1.512498
-22.273426
-3.773421
-2.155343
-6.373997
1.340654
-1.904170
0.421305
0.104913
-0.805132
0.786471
-27.684807
0.174162
-0.142744
-0.004166
-1.107121
-2.036341
-1.085878
-2.763740
-0.946328
-0.625305
-0.173102
0.078534
-0.739846
-0.797846
-1.608136
8.395200
-0.484183
0.153252
-0.946736
-0.092533
-4.847681
-2.370517
34.594097
-3.407690
-5.233616
-2.605143
0.753874
-0.110040
-3.432241
-1.970845
-1.090559
-0.653069
-1.917451
-0.970701
-0.680968
-0.645197
-0.458801
-14.180673
-159.855774
0.073865
-0.519264
8.657175
2.248913
10.103996
5.413833
2.152110
1.029162
24.920364
-13.811080
0.716832
5.305707
7.797339
