-0.098840
-4.243827
-1.209077
-5.742726
-2.974683
-0.734851
-0.306236
2.446772
-1.219586
0.860468
-0.447785
1.832512
9.924175
0.745033
1.786500
3.248063
0.171845
1.675867
1.787417
-7.256554
-0.518075
0.634962
-5.910744
-6.498716
2.254176
-5.123507
8.213631
0.088968
0.949001
0.495901
1.457271
9.715777
1.395282
0.722698
-2.387087
-1.484070
-456.521759
-0.254777
1.824546
-51.847664
0.951270
2.867131
4.052928
5.196437
-1.617555
3.856425
-2.438870
-0.854174
17.256796
-1.057455
-12.546007
0.742993
-1.591995
1.672665
1.978432
3.334115
-17.520679
12.862883
0.146755
-0.379309
18.147345
-1.350837
6.463890
-7.202709
-1.721698
0.171899
-2.387224
-0.267135
-2.590851
-3.117335
3.536128
-4.325956
-2.204647
-6.860593
-4.472822
1.465854
-2.280043
0.273571
-3.446008
-1.990734
-13.181279
-0.510204
1.006210
-0.955009
-0.304940
0.240881
-2.465672
-0.725751
-1.844603
-3.251290
1.490094
-0.418426
3.008460
-1.318833
3.151839
-2.024595
-3.119682
-0.544531
-3.806369
0.135968
-3.891484
-1.094745
144.642868
-0.865651
-2.435511
-1.857430
-7.795100
-7.682419
-0.718391
-1.794026
1.888121
-2.630213
-0.401070
-0.765590
-0.344353
2.577320
0.646886
-0.736717
-0.513903
-2.952634
-1.522054
2.310655
0.459929
0.429214
-1.812578
-1.860246
5.937130
31.833750
0.504350
-1.815758
0.048511
0.450560
0.550728
0.412843
4.176152
9.921414
-3.264822
-0.122157
0.698107
-0.211640
-0.421140
-2.187303
-2.325032
-1.258926
-9.124234
-22.584776
-0.556026
0.422964
-1.216908
0.601672
30.815973
1.632639
-0.832552
0.714401
-37.217663
0.593333
0.443371
0.391901
-2.255959
16.003023
-2.100494
0.507255
0.488373
6.325098
-0.274605
-2.338402
-29.185867
-5.942054
-3.349453
-10.556801
2.642448
-2.025713
0.456092
0.102581
-1.073510
1.159010
-42.927822
0.537919
-0.570977
0.195820
-1.498194
-3.425230
-1.638211
-4.935250
-1.002825
-1.230275
-0.661861
-1.020942
-1.724044
-1.023192
-1.493552
7.596684
-0.968367
0.453092
-1.524015
-0.170830
-4.327833
-2.333022
44.049816
-3.283235
-5.591193
-4.038558
0.950536
-0.022866
-5.300598
-2.337353
-2.304937
-1.243344
-3.442494
-0.994148
-1.068022
-0.635371
-0.643496
-33.788517
-233.774048
-1.615191
0.422259
8.681223
2.669039
16.394779
7.723923
3.536784
1.814002
38.170033
-23.751167
4.184749
8.586956
12.527723
