0.164734
-7.027116
0.046503
-5.774630
-1.772152
0.942116
1.531180
6.481800
-0.030113
2.554087
0.257816
3.924494
14.774755
1.903974
3.243184
4.498870
1.323206
3.509464
3.276931
-9.597378
1.381534
1.280872
-0.559597
-4.947583
4.010061
-6.514658
16.503668
-0.311388
2.139272
2.326600
3.239825
12.325987
3.049482
1.927195
-2.519703
-0.385107
-434.782623
2.117834
4.345007
-88.423836
1.726096
6.114823
7.969691
7.152239
-2.104771
8.250957
-1.702458
0.209186
19.939199
0.242333
-17.341448
3.099779
-2.515920
2.410945
4.878944
7.309256
-27.630974
19.342924
2.374768
0.599245
22.548754
1.274734
9.750880
-9.268825
2.688679
1.930721
1.111294
1.097161
-1.050037
-3.079006
6.475801
-2.992958
-1.504759
-0.068606
-4.046026
4.886181
-2.883584
0.891841
-4.489819
-1.275880
-4.072867
-3.528912
3.536109
-0.005306
0.851291
1.006538
-3.024194
1.181125
-1.428918
-3.358771
3.826673
-0.012875
5.294591
-0.881573
5.877009
1.574685
2.658820
0.000000
-2.498838
0.407904
-3.140983
0.298567
163.690491
-3.260619
-1.543633
-2.493307
-4.653198
-6.305093
5.877743
-0.543057
3.136201
-2.748160
0.367647
0.089485
1.429063
10.738832
3.051147
0.406844
1.139931
-4.560351
-0.627980
1.524390
2.770352
2.083834
-0.319867
-1.507441
10.256536
42.860107
2.490228
-0.612479
1.120167
2.064053
2.622803
2.694509
7.887821
16.478390
-2.534714
1.921198
4.149860
2.658730
0.328346
-1.437145
-1.182220
-0.013322
-9.950048
-27.088486
0.860517
1.574366
0.169507
1.583347
60.639885
3.677734
0.156348
2.958223
-28.619097
2.749675
1.314824
2.180297
-1.851589
22.366432
-2.018122
1.600225
3.723354
8.334743
1.121956
-2.507563
-50.691246
-6.289035
-3.299905
-12.187457
7.369432
-4.281007
2.566481
2.695091
-0.779573
3.492083
-49.330612
2.363316
-0.461174
2.041531
-0.842734
-2.474937
-1.390225
-2.329438
-0.353107
-1.748821
-0.509124
-1.518325
-3.353063
-0.158351
-0.316096
9.107389
-1.694642
-0.466418
-2.124384
1.091413
-3.279686
-1.124850
50.046124
-2.216480
-3.424064
-3.374578
2.780095
1.682044
-3.999668
-3.554437
-0.904831
-0.062795
-1.016695
1.022284
0.513313
0.646288
0.352422
-29.411766
-307.692291
0.108336
1.443668
10.508850
2.100633
21.084829
10.381236
6.915696
4.514331
45.035149
-33.049328
13.264621
10.421195
15.473386
