0.560095
-2.232143
-0.279018
-4.155500
-1.772152
-0.951538
0.139198
1.996051
-1.016321
0.887784
0.196754
0.940581
5.714764
0.289735
1.992634
2.249435
0.227695
1.084385
1.459724
-3.199126
-0.482098
0.618541
-4.109541
-5.763265
1.566059
-3.952904
3.973105
0.506005
0.528116
0.355395
1.213308
4.640371
0.783947
0.481799
-2.387087
-0.854749
-319.293488
-1.082803
0.808927
-27.597097
1.331011
1.768494
2.441636
3.933017
-0.760056
2.496213
-1.686621
-0.412560
15.066167
-1.619228
-7.803652
0.155926
0.184785
1.759182
0.937290
1.457942
-7.266774
8.051452
-0.044471
-0.207186
10.901950
-0.627854
5.213575
-4.526802
-1.444575
-0.092239
-1.111294
-0.596283
-0.850301
-2.108033
0.681663
-2.276157
-0.857363
-0.548847
-2.296162
1.774833
-1.535676
-0.517049
-2.180565
-1.393514
-4.443128
-2.402211
-2.558648
-0.612797
-0.285881
-0.739849
-3.017382
-0.120959
-1.221075
-1.679385
0.759039
-0.299336
1.020195
-1.272991
1.018498
-1.930864
-3.491917
-1.189900
-1.431020
-1.303028
-1.403714
-0.514199
51.488094
-1.861150
-1.286361
-1.292671
-3.460070
-6.152057
2.155172
-0.882467
-0.672043
-1.350491
-0.100267
-1.108614
0.120523
2.845790
-0.021563
-0.896156
-0.107453
-1.878246
-0.734418
1.716945
0.330574
0.065455
-0.237477
-0.807176
2.775588
15.229348
0.323099
-0.804896
-0.374859
0.246590
0.001521
0.072484
1.223972
3.812623
-1.597972
-0.377576
1.095641
0.231481
-0.160604
-1.062066
-1.561515
-0.706064
-4.270061
-11.612504
-0.271394
0.239680
-0.745072
0.327225
16.028027
1.067660
-0.400641
0.274189
-25.731520
0.137314
0.114665
0.160072
-1.078320
5.670363
-1.395181
0.192501
0.044930
2.829370
-0.086304
-1.472695
-15.552996
-3.415597
-1.585540
-5.223196
0.984673
-1.431504
-0.007730
-0.051291
-0.329082
0.491074
-22.227880
0.291005
-0.691760
-0.047913
-0.974927
-2.349624
-0.841650
-2.842704
-0.642655
-0.447373
-0.081460
-0.124346
-0.332591
-0.718671
-1.347358
7.510359
-0.100872
0.819563
-1.069889
-0.284716
-4.272890
-2.887115
44.165131
-3.348426
-3.521585
-2.417667
0.509535
-0.242946
-2.504982
-1.908608
-0.266687
-0.709585
-1.703410
-1.191101
-0.923135
-0.454149
-0.396148
-14.443277
-167.968750
0.009849
-0.256779
7.322527
1.062673
9.573817
4.141865
1.630254
0.746124
18.714302
-10.251323
1.227010
2.289402
5.345509
