70
# x y z
0.05	0.485	0
0.1	0.485	0
0.15	0.485	0
0.2	0.485	0
0.25	0.485	0
0.3	0.485	0
0.35	0.485	0
0.4	0.485	0
0.05	0.425	0
0.1	0.425	0
0.15	0.425	0
0.2	0.425	0
0.25	0.425	0
0.3	0.425	0
0.35	0.425	0
0.4	0.425	0
0.05	0.375	0
0.1	0.375	0
0.15	0.375	0
0.2	0.375	0
0.25	0.375	0
0.3	0.375	0
0.35	0.375	0
0.4	0.375	0
0.05	0.325	0
0.1	0.325	0
0.15	0.325	0
0.2	0.325	0
0.25	0.325	0
0.3	0.325	0
0.35	0.325	0
0.4	0.325	0
0.05	0.275	0
0.1	0.275	0
0.15	0.275	0
0.2	0.275	0
0.25	0.275	0
0.3	0.275	0
0.35	0.275	0
0.4	0.275	0
0.05	0.225	0
0.1	0.225	0
0.2	0.225	0
0.25	0.225	0
0.3	0.225	0
0.35	0.225	0
0.4	0.225	0
0.05	0.175	0
0.1	0.175	0
0.15	0.175	0
0.2	0.175	0
0.25	0.175	0
0.3	0.175	0
0.35	0.175	0
0.4	0.175	0
0.05	0.125	0
0.1	0.125	0
0.15	0.125	0
0.2	0.125	0
0.25	0.125	0
0.35	0.125	0
0.4	0.125	0
0.1	0.075	0
0.15	0.075	0
0.2	0.075	0
0.25	0.075	0
0.3	0.075	0
0.35	0.075	0
0.05	0.075	0
0.4	0.075	0
66
# a b m n Double M1 M10 M11 M12 M13 M14 M15 M16 M17 M18 M19 M2 M20 M3 M4 M5 M6 M7 M8 M9 Rec RecBool TM0 TM1 TM10 TM11 TM12 TM13 TM14 TM15 TM16 TM17 TM18 TM19 TM2 TM20 TM3 TM4 TM5 TM6 TM7 TM8 TM9 bat_rx bat_tx err gm i ip iperr k r rhoa rs_check sp stacks temp u vab valid 
72	65	1	71	0.00000000000000e+00	6.63856430053711e+01	6.47607371211052e-02	3.29691022634506e-01	3.70902419090271e-01	3.62660109996796e-01	2.59042918682098e-01	3.57950270175934e-01	4.12113785743713e-01	3.88564437627792e-01	2.62407153844833e-01	2.73761302232742e-01	1.10093250274658e+01	3.21841239929199e-01	1.04794645309448e+00	4.00339096784592e-01	1.41296148300171e-01	1.29521474242210e-01	1.56995728611946e-01	1.41296163201332e-01	4.70987148582935e-02	0.00000000000000e+00	0.00000000000000e+00	2.00000000000000e+01	1.00000000000000e+01	4.00000000000000e+01	4.00000000000000e+01	4.00000000000000e+01	5.00000000000000e+01	5.00000000000000e+01	5.00000000000000e+01	6.00000000000000e+01	6.00000000000000e+01	7.00000000000000e+01	8.00000000000000e+01	2.00000000000000e+01	9.00000000000000e+01	2.00000000000000e+01	2.00000000000000e+01	2.00000000000000e+01	2.00000000000000e+01	3.00000000000000e+01	3.00000000000000e+01	3.00000000000000e+01	1.20515060424805e+01	1.18008003234863e+01	0.00000000000000e+00	1.35621595382690e+00	4.75880146026611e-04	1.35621595382690e+00	0.00000000000000e+00	0.00000000000000e+00	2.12780394251262e+02	0.00000000000000e+00	0.00000000000000e+00	3.79526596069336e+01	1.00000000000000e+00	1.67350921630859e+01	1.01257965087891e-01	2.10732030868530e+00	1
72	65	71	2	0.00000000000000e+00	6.65315246582031e+01	8.54136347770691e-02	8.54136347770691e-02	1.70827269554138e-01	2.09548115730286e-01	2.18658879399300e-01	2.64212816953659e-01	1.74623429775238e-01	1.21477156877518e-01	3.90462279319763e-02	1.50897413492203e-01	1.10582180023193e+01	1.67031109333038e-01	9.33855652809143e-01	2.50546634197235e-01	1.48050293326378e-01	4.55539338290691e-02	3.79616133868694e-02	1.21477156877518e-01	0.00000000000000e+00	0.00000000000000e+00	0.00000000000000e+00	2.00000000000000e+01	1.00000000000000e+01	4.00000000000000e+01	4.00000000000000e+01	4.00000000000000e+01	5.00000000000000e+01	5.00000000000000e+01	5.00000000000000e+01	6.00000000000000e+01	6.00000000000000e+01	7.00000000000000e+01	8.00000000000000e+01	2.00000000000000e+01	9.00000000000000e+01	2.00000000000000e+01	2.00000000000000e+01	2.00000000000000e+01	2.00000000000000e+01	3.00000000000000e+01	3.00000000000000e+01	3.00000000000000e+01	1.20515060424805e+01	1.18008003234863e+01	0.00000000000000e+00	1.22254681587219e+00	4.75880146026611e-04	1.22254681587219e+00	0.00000000000000e+00	0.00000000000000e+00	-2.19994328617535e+02	0.00000000000000e+00	0.00000000000000e+00	-2.27676086425781e+01	1.00000000000000e+00	1.67350921630859e+01	-1.04690933227539e-01	2.10732030868530e+00	1
72	65	3	71	0.00000000000000e+00	6.62878799438477e+01	-1.26262629032135e+00	-1.38780045509338e+00	-1.38780045509338e+00	-1.40630447864532e+00	-1.31487286090851e+00	-1.43678164482117e+00	-1.45129454135895e+00	-1.43678152561188e+00	-1.41190230846405e+00	-1.35514628887177e+00	1.08302860260010e+01	-1.17312979698181e+00	4.02734249830246e-01	-4.78927195072174e-01	-8.81661415100098e-01	-8.92546176910400e-01	-9.65110957622528e-01	-1.23360049724579e+00	-1.25536978244781e+00	0.00000000000000e+00	0.00000000000000e+00	2.00000000000000e+01	1.00000000000000e+01	4.00000000000000e+01	4.00000000000000e+01	4.00000000000000e+01	5.00000000000000e+01	5.00000000000000e+01	5.00000000000000e+01	6.00000000000000e+01	6.00000000000000e+01	7.00000000000000e+01	8.00000000000000e+01	2.00000000000000e+01	9.00000000000000e+01	2.00000000000000e+01	2.00000000000000e+01	2.00000000000000e+01	2.00000000000000e+01	3.00000000000000e+01	3.00000000000000e+01	3.00000000000000e+01	1.20741672515869e+01	1.18008003234863e+01	0.00000000000000e+00	-1.40583097934723e-01	4.85177993774414e-04	-1.40583097934723e-01	0.00000000000000e+00	0.00000000000000e+00	2.25766948536205e+02	0.00000000000000e+00	0.00000000000000e+00	-4.60697031021118e+00	1.00000000000000e+00	1.62463340759277e+01	1.09537155151367e-01	2.08943510055542e+00	1
72	65	71	4	0.00000000000000e+00	6.67495117187500e+01	-1.60327529907227e+00	-1.70313334465027e+00	-1.52560806274414e+00	-1.73530983924866e+00	-1.80188179016113e+00	-1.88176822662354e+00	-1.83072960376740e+00	-1.71977627277374e+00	-1.86718571186066e+00	-1.72255015373230e+00	1.12839527130127e+01	-1.68649041652679e+00	8.54340553283691e-01	-3.55050593614578e-01	-7.76673138141632e-01	-9.43103134632111e-01	-1.07254874706268e+00	-1.30185210704803e+00	-1.40540874004364e+00	0.00000000000000e+00	0.00000000000000e+00	2.00000000000000e+01	1.00000000000000e+01	4.00000000000000e+01	4.00000000000000e+01	4.00000000000000e+01	5.00000000000000e+01	5.00000000000000e+01	5.00000000000000e+01	6.00000000000000e+01	6.00000000000000e+01	7.00000000000000e+01	8.00000000000000e+01	2.00000000000000e+01	9.00000000000000e+01	2.00000000000000e+01	2.00000000000000e+01	2.00000000000000e+01	2.00000000000000e+01	3.00000000000000e+01	3.00000000000000e+01	3.00000000000000e+01	1.20741672515869e+01	1.18008003234863e+01	0.00000000000000e+00	-4.12265002727509e-01	4.85177993774414e-04	-4.12265002727509e-01	0.00000000000000e+00	0.00000000000000e+00	-2.21479543819509e+02	0.00000000000000e+00	0.00000000000000e+00	-2.25100765228271e+01	1.00000000000000e+00	1.62463340759277e+01	-1.07457000732422e-01	2.08943510055542e+00	1
72	65	5	71	0.00000000000000e+00	6.59092941284180e+01	-2.68235516548157e+00	-2.75561261177063e+00	-2.95847964286804e+00	-3.00243425369263e+00	-3.01145076751709e+00	-3.02046704292297e+00	-3.26841568946838e+00	-3.20079350471497e+00	-3.18791317939758e+00	-3.24587512016296e+00	9.55729866027832e+00	-3.23335242271423e+00	-8.45279932022095e-01	-1.73564147949219e+00	-2.00613117218018e+00	-2.34424304962158e+00	-2.55462384223938e+00	-2.56965112686157e+00	-2.68986868858337e+00	0.00000000000000e+00	0.00000000000000e+00	2.00000000000000e+01	1.00000000000000e+01	4.00000000000000e+01	4.00000000000000e+01	4.00000000000000e+01	5.00000000000000e+01	5.00000000000000e+01	5.00000000000000e+01	6.00000000000000e+01	6.00000000000000e+01	7.00000000000000e+01	8.00000000000000e+01	2.00000000000000e+01	9.00000000000000e+01	2.00000000000000e+01	2.00000000000000e+01	2.00000000000000e+01	2.00000000000000e+01	3.00000000000000e+01	3.00000000000000e+01	3.00000000000000e+01	1.20741672515869e+01	1.18008003234863e+01	0.00000000000000e+00	-1.77393364906311e+00	4.85550642013550e-04	-1.77393364906311e+00	0.00000000000000e+00	0.00000000000000e+00	2.17873520228112e+02	0.00000000000000e+00	0.00000000000000e+00	1.70162200927734e+01	1.00000000000000e+00	1.62463340759277e+01	1.05788627624512e-01	2.08760046958923e+00	1
72	65	71	6	0.00000000000000e+00	6.60249862670898e+01	-2.69180583953857e+00	-2.59858298301697e+00	-2.83746623992920e+00	-2.98778796195984e+00	-2.96914339065552e+00	-3.20220041275024e+00	-3.19287776947021e+00	-3.08800244331360e+00	-3.12961959838867e+00	-3.11713433265686e+00	9.93987178802490e+00	-3.29645848274231e+00	-6.64211869239807e-01	-1.77123153209686e+00	-2.02759408950806e+00	-2.16742801666260e+00	-2.43155908584595e+00	-2.37717914581299e+00	-2.52478170394897e+00	0.00000000000000e+00	0.00000000000000e+00	2.00000000000000e+01	1.00000000000000e+01	4.00000000000000e+01	4.00000000000000e+01	4.00000000000000e+01	5.00000000000000e+01	5.00000000000000e+01	5.00000000000000e+01	6.00000000000000e+01	6.00000000000000e+01	7.00000000000000e+01	8.00000000000000e+01	2.00000000000000e+01	9.00000000000000e+01	2.00000000000000e+01	2.00000000000000e+01	2.00000000000000e+01	2.00000000000000e+01	3.00000000000000e+01	3.00000000000000e+01	3.00000000000000e+01	1.20741672515869e+01	1.18008003234863e+01	0.00000000000000e+00	-1.70917654037476e+00	4.85550642013550e-04	-1.70917654037476e+00	0.00000000000000e+00	0.00000000000000e+00	-2.10721429949812e+02	0.00000000000000e+00	0.00000000000000e+00	-6.67671775817871e+00	1.00000000000000e+00	1.62463340759277e+01	-1.02315925598145e-01	2.08760046958923e+00	1
72	65	7	71	0.00000000000000e+00	6.57546997070312e+01	-2.30643105506897e+00	-2.47773098945618e+00	-2.50220251083374e+00	-2.55481576919556e+00	-2.61844182014465e+00	-2.80442476272583e+00	-2.75711321830750e+00	-2.70001316070557e+00	-2.73380684852600e+00	-2.93045234680176e+00	9.81303882598877e+00	-2.92297482490540e+00	-5.75078308582306e-01	-1.50499224662781e+00	-1.82312059402466e+00	-1.92100632190704e+00	-2.15348458290100e+00	-2.24321317672729e+00	-2.30847048759460e+00	0.00000000000000e+00	0.00000000000000e+00	2.00000000000000e+01	1.00000000000000e+01	4.00000000000000e+01	4.00000000000000e+01	4.00000000000000e+01	5.00000000000000e+01	5.00000000000000e+01	5.00000000000000e+01	6.00000000000000e+01	6.00000000000000e+01	7.00000000000000e+01	8.00000000000000e+01	2.00000000000000e+01	9.00000000000000e+01	2.00000000000000e+01	2.00000000000000e+01	2.00000000000000e+01	2.00000000000000e+01	3.00000000000000e+01	3.00000000000000e+01	3.00000000000000e+01	1.20515060424805e+01	1.18008003234863e+01	0.00000000000000e+00	-1.41020238399506e+00	4.82555389404297e-04	-1.41020238399506e+00	0.00000000000000e+00	0.00000000000000e+00	2.01930529095092e+02	0.00000000000000e+00	0.00000000000000e+00	-7.06783628463745e+00	1.00000000000000e+00	1.67350921630859e+01	9.74426651000977e-02	2.06371951103210e+00	1
72	65	71	8	0.00000000000000e+00	6.57281723022461e+01	-2.08248949050903e+00	-2.12679767608643e+00	-2.23440361022949e+00	-2.40530705451965e+00	-2.27871179580688e+00	-2.40530705451965e+00	-2.53190207481384e+00	-2.43906545639038e+00	-2.61871004104614e+00	-2.56355071067810e+00	9.93771553039551e+00	-2.70913505554199e+00	-3.54466259479523e-01	-1.22797250747681e+00	-1.51914119720459e+00	-1.68371486663818e+00	-1.82296943664551e+00	-2.00020265579224e+00	-2.17743563652039e+00	0.00000000000000e+00	0.00000000000000e+00	2.00000000000000e+01	1.00000000000000e+01	4.00000000000000e+01	4.00000000000000e+01	4.00000000000000e+01	5.00000000000000e+01	5.00000000000000e+01	5.00000000000000e+01	6.00000000000000e+01	6.00000000000000e+01	7.00000000000000e+01	8.00000000000000e+01	2.00000000000000e+01	9.00000000000000e+01	2.00000000000000e+01	2.00000000000000e+01	2.00000000000000e+01	2.00000000000000e+01	3.00000000000000e+01	3.00000000000000e+01	3.00000000000000e+01	1.20515060424805e+01	1.18008003234863e+01	0.00000000000000e+00	-1.15948927402496e+00	4.82555389404297e-04	-1.15948927402496e+00	0.00000000000000e+00	0.00000000000000e+00	-1.95169036909383e+02	0.00000000000000e+00	0.00000000000000e+00	-1.88474197387695e+01	1.00000000000000e+00	1.67350921630859e+01	-9.41798706054688e-02	2.06371951103210e+00	1
72	65	9	71	0.00000000000000e+00	6.51536636352539e+01	-1.83806145191193e+00	-1.84988164901733e+00	-1.86761224269867e+00	-1.82978701591492e+00	-1.91016542911530e+00	-1.93380606174469e+00	-1.89519298076630e+00	-1.94247436523438e+00	-1.93515706062317e+00	-1.90898346900940e+00	9.14893531799316e+00	-1.87549257278442e+00	-1.08747041225433e+00	-1.83215129375458e+00	-2.00945639610291e+00	-1.98581552505493e+00	-2.00945639610291e+00	-1.93853425979614e+00	-1.80457055568695e+00	0.00000000000000e+00	0.00000000000000e+00	2.00000000000000e+01	1.00000000000000e+01	4.00000000000000e+01	4.00000000000000e+01	4.00000000000000e+01	5.00000000000000e+01	5.00000000000000e+01	5.00000000000000e+01	6.00000000000000e+01	6.00000000000000e+01	7.00000000000000e+01	8.00000000000000e+01	2.00000000000000e+01	9.00000000000000e+01	2.00000000000000e+01	2.00000000000000e+01	2.00000000000000e+01	2.00000000000000e+01	3.00000000000000e+01	3.00000000000000e+01	3.00000000000000e+01	1.20515060424805e+01	1.18008003234863e+01	0.00000000000000e+00	-8.06630671024323e-01	4.82848405838013e-04	-8.06630671024323e-01	0.00000000000000e+00	0.00000000000000e+00	2.08899721658907e+02	0.00000000000000e+00	0.00000000000000e+00	5.09628181457520e+01	1.00000000000000e+00	1.62463340759277e+01	1.00866897583008e-01	2.08933591842651e+00	1
72	65	71	10	0.00000000000000e+00	6.57023315429688e+01	-1.81676018238068e+00	-1.73627090454102e+00	-1.65578150749207e+00	-1.70177555084229e+00	-1.68797719478607e+00	-1.86735367774963e+00	-1.78609752655029e+00	-1.79376327991486e+00	-1.83975708484650e+00	-1.71327388286591e+00	9.58973407745361e+00	-1.81931543350220e+00	-7.01407432556152e-01	-1.42581176757812e+00	-1.56379365921021e+00	-1.62128603458405e+00	-1.60978746414185e+00	-1.80909442901611e+00	-1.74010360240936e+00	0.00000000000000e+00	0.00000000000000e+00	2.00000000000000e+01	1.00000000000000e+01	4.00000000000000e+01	4.00000000000000e+01	4.00000000000000e+01	5.00000000000000e+01	5.00000000000000e+01	5.00000000000000e+01	6.00000000000000e+01	6.00000000000000e+01	7.00000000000000e+01	8.00000000000000e+01	2.00000000000000e+01	9.00000000000000e+01	2.00000000000000e+01	2.00000000000000e+01	2.00000000000000e+01	2.00000000000000e+01	3.00000000000000e+01	3.00000000000000e+01	3.00000000000000e+01	1.20515060424805e+01	1.18008003234863e+01	0.00000000000000e+00	-6.35879874229431e-01	4.82848405838013e-04	-6.35879874229431e-01	0.00000000000000e+00	0.00000000000000e+00	-2.14745293458021e+02	0.00000000000000e+00	0.00000000000000e+00	-1.10652290344238e+02	1.00000000000000e+00	1.62463340759277e+01	-1.03689422607422e-01	2.08933591842651e+00	1
72	65	11	71	0.00000000000000e+00	6.53612823486328e+01	-1.31572902202606e+00	-1.24678254127502e+00	-1.13761723041534e+00	-1.14910840988159e+00	-1.17209053039551e+00	-1.19047617912292e+00	-1.22188508510590e+00	-1.36743879318237e+00	-1.30670034885406e+00	-1.22380030155182e+00	9.20435714721680e+00	-1.21294772624969e+00	-8.50340187549591e-01	-1.44787645339966e+00	-1.49384081363678e+00	-1.44787645339966e+00	-1.44787645339966e+00	-1.50150156021118e+00	-1.35594785213470e+00	0.00000000000000e+00	0.00000000000000e+00	2.00000000000000e+01	1.00000000000000e+01	4.00000000000000e+01	4.00000000000000e+01	4.00000000000000e+01	5.00000000000000e+01	5.00000000000000e+01	5.00000000000000e+01	6.00000000000000e+01	6.00000000000000e+01	7.00000000000000e+01	8.00000000000000e+01	2.00000000000000e+01	9.00000000000000e+01	2.00000000000000e+01	2.00000000000000e+01	2.00000000000000e+01	2.00000000000000e+01	3.00000000000000e+01	3.00000000000000e+01	3.00000000000000e+01	1.20741672515869e+01	1.18008003234863e+01	0.00000000000000e+00	-2.09331423044205e-01	4.81634616851807e-04	-2.09331423044205e-01	0.00000000000000e+00	0.00000000000000e+00	2.15426751453625e+02	0.00000000000000e+00	0.00000000000000e+00	8.04264526367188e+01	1.00000000000000e+00	1.62463340759277e+01	1.03756980895996e-01	2.08958363533020e+00	1
72	65	71	12	0.00000000000000e+00	6.50335388183594e+01	-1.57091569900513e+00	-1.52366995811462e+00	-1.65950107574463e+00	-1.61579895019531e+00	-1.56382870674133e+00	-1.45043921470642e+00	-1.51973283290863e+00	-1.49217307567596e+00	-1.56585347652435e+00	-1.62111389636993e+00	8.91760349273682e+00	-1.65097057819366e+00	-1.06302559375763e+00	-1.54729270935059e+00	-1.44099020957947e+00	-1.39374458789825e+00	-1.54335558414459e+00	-1.63784682750702e+00	-1.57485282421112e+00	0.00000000000000e+00	0.00000000000000e+00	2.00000000000000e+01	1.00000000000000e+01	4.00000000000000e+01	4.00000000000000e+01	4.00000000000000e+01	5.00000000000000e+01	5.00000000000000e+01	5.00000000000000e+01	6.00000000000000e+01	6.00000000000000e+01	7.00000000000000e+01	8.00000000000000e+01	2.00000000000000e+01	9.00000000000000e+01	2.00000000000000e+01	2.00000000000000e+01	2.00000000000000e+01	2.00000000000000e+01	3.00000000000000e+01	3.00000000000000e+01	3.00000000000000e+01	1.20741672515869e+01	1.18008003234863e+01	0.00000000000000e+00	-4.97786432504654e-01	4.81634616851807e-04	-4.97786432504654e-01	0.00000000000000e+00	0.00000000000000e+00	-2.09583017263314e+02	0.00000000000000e+00	0.00000000000000e+00	-8.41457138061523e+01	1.00000000000000e+00	1.62463340759277e+01	-1.00942436218262e-01	2.08958363533020e+00	1
72	65	13	71	0.00000000000000e+00	6.32999229431152e+01	-1.46558666229248e+00	-1.36489760875702e+00	-1.42642986774445e+00	-1.42307353019714e+00	-1.41412329673767e+00	-1.35147225856781e+00	-1.38727295398712e+00	-1.31641757488251e+00	-1.41284477710724e+00	-1.30056834220886e+00	7.70831441879272e+00	-1.31766068935394e+00	-1.98022007942200e+00	-2.28228783607483e+00	-2.27110004425049e+00	-2.05853390693665e+00	-1.81240499019623e+00	-1.64086043834686e+00	-1.50660812854767e+00	0.00000000000000e+00	0.00000000000000e+00	2.00000000000000e+01	1.00000000000000e+01	4.00000000000000e+01	4.00000000000000e+01	4.00000000000000e+01	5.00000000000000e+01	5.00000000000000e+01	5.00000000000000e+01	6.00000000000000e+01	6.00000000000000e+01	7.00000000000000e+01	8.00000000000000e+01	2.00000000000000e+01	9.00000000000000e+01	2.00000000000000e+01	2.00000000000000e+01	2.00000000000000e+01	2.00000000000000e+01	3.00000000000000e+01	3.00000000000000e+01	3.00000000000000e+01	1.20515060424805e+01	1.18008003234863e+01	0.00000000000000e+00	-4.78239774703979e-01	4.82358694076538e-04	-4.78239774703979e-01	0.00000000000000e+00	0.00000000000000e+00	2.20936750893034e+02	0.00000000000000e+00	0.00000000000000e+00	3.45379676818848e+01	1.00000000000000e+00	1.67350921630859e+01	1.06570762634277e-01	2.08715653419495e+00	1
72	65	71	14	0.00000000000000e+00	6.43500976562500e+01	-1.42907965183258e+00	-1.34606254100800e+00	-1.35792219638824e+00	-1.38994300365448e+00	-1.59392786026001e+00	-1.46584439277649e+00	-1.53383934497833e+00	-1.52197980880737e+00	-1.50786113739014e+00	-1.56250000000000e+00	8.49146080017090e+00	-1.47058820724487e+00	-1.31641364097595e+00	-1.82637572288513e+00	-1.95683109760284e+00	-1.85009479522705e+00	-1.70777988433838e+00	-1.66034138202667e+00	-1.62080955505371e+00	0.00000000000000e+00	0.00000000000000e+00	2.00000000000000e+01	1.00000000000000e+01	4.00000000000000e+01	4.00000000000000e+01	4.00000000000000e+01	5.00000000000000e+01	5.00000000000000e+01	5.00000000000000e+01	6.00000000000000e+01	6.00000000000000e+01	7.00000000000000e+01	8.00000000000000e+01	2.00000000000000e+01	9.00000000000000e+01	2.00000000000000e+01	2.00000000000000e+01	2.00000000000000e+01	2.00000000000000e+01	3.00000000000000e+01	3.00000000000000e+01	3.00000000000000e+01	1.20515060424805e+01	1.18008003234863e+01	0.00000000000000e+00	-4.93244320154190e-01	4.82358694076538e-04	-4.93244320154190e-01	0.00000000000000e+00	0.00000000000000e+00	-2.08418126306435e+02	0.00000000000000e+00	0.00000000000000e+00	-5.88218803405762e+01	1.00000000000000e+00	1.67350921630859e+01	-1.00532295227051e-01	2.08715653419495e+00	1
72	65	15	71	0.00000000000000e+00	6.35426139831543e+01	-1.23218083381653e+00	-1.23849976062775e+00	-1.26377522945404e+00	-1.23344457149506e+00	-1.25366497039795e+00	-1.29410576820374e+00	-1.23849964141846e+00	-1.20901167392731e+00	-1.24211049079895e+00	-1.27009403705597e+00	8.49256896972656e+00	-1.23569130897522e+00	-1.28905069828033e+00	-1.69345879554749e+00	-1.59235680103302e+00	-1.57971906661987e+00	-1.44912898540497e+00	-1.36487722396851e+00	-1.35645198822021e+00	0.00000000000000e+00	0.00000000000000e+00	2.00000000000000e+01	1.00000000000000e+01	4.00000000000000e+01	4.00000000000000e+01	4.00000000000000e+01	5.00000000000000e+01	5.00000000000000e+01	5.00000000000000e+01	6.00000000000000e+01	6.00000000000000e+01	7.00000000000000e+01	8.00000000000000e+01	2.00000000000000e+01	9.00000000000000e+01	2.00000000000000e+01	2.00000000000000e+01	2.00000000000000e+01	2.00000000000000e+01	3.00000000000000e+01	3.00000000000000e+01	3.00000000000000e+01	1.20741672515869e+01	1.18008003234863e+01	0.00000000000000e+00	-2.74680763483047e-01	4.84062194824219e-04	-2.74680763483047e-01	0.00000000000000e+00	0.00000000000000e+00	1.94897962078585e+02	0.00000000000000e+00	0.00000000000000e+00	4.07092094421387e+01	1.00000000000000e+00	1.62463340759277e+01	9.43427352905273e-02	2.08587145805359e+00	1
72	65	71	16	0.00000000000000e+00	6.39309997558594e+01	-1.18269741535187e+00	-1.20883440971375e+00	-1.12388920783997e+00	-1.16048097610474e+00	-1.16048097610474e+00	-1.26502871513367e+00	-1.15873849391937e+00	-1.24150550365448e+00	-1.16122782230377e+00	-1.35912179946899e+00	8.82122421264648e+00	-1.17906725406647e+00	-8.23314189910889e-01	-1.34605336189270e+00	-1.37219035625458e+00	-1.34605336189270e+00	-1.28942334651947e+00	-1.20230007171631e+00	-1.15873849391937e+00	0.00000000000000e+00	0.00000000000000e+00	2.00000000000000e+01	1.00000000000000e+01	4.00000000000000e+01	4.00000000000000e+01	4.00000000000000e+01	5.00000000000000e+01	5.00000000000000e+01	5.00000000000000e+01	6.00000000000000e+01	6.00000000000000e+01	7.00000000000000e+01	8.00000000000000e+01	2.00000000000000e+01	9.00000000000000e+01	2.00000000000000e+01	2.00000000000000e+01	2.00000000000000e+01	2.00000000000000e+01	3.00000000000000e+01	3.00000000000000e+01	3.00000000000000e+01	1.20741672515869e+01	1.18008003234863e+01	0.00000000000000e+00	-1.82643890380859e-01	4.84062194824219e-04	-1.82643890380859e-01	0.00000000000000e+00	0.00000000000000e+00	-1.88472835595064e+02	0.00000000000000e+00	0.00000000000000e+00	-8.00729217529297e+01	1.00000000000000e+00	1.62463340759277e+01	-9.12325744628906e-02	2.08587145805359e+00	1
72	65	17	71	0.00000000000000e+00	5.86042366027832e+01	-1.67760217189789e+00	-1.37936186790466e+00	-1.19296157360077e+00	-8.25131714344025e-01	-6.46187543869019e-01	-5.07008671760559e-01	-2.81671464443207e-01	-1.40835732221603e-01	-2.84038465470076e-02	-3.10667082667351e-02	3.71557831764221e+00	8.00830647349358e-02	-5.38075351715088e+00	-5.20678043365479e+00	-4.59787273406982e+00	-3.93925857543945e+00	-3.28064441680908e+00	-2.89955925941467e+00	-2.39420747756958e+00	0.00000000000000e+00	0.00000000000000e+00	2.00000000000000e+01	1.00000000000000e+01	4.00000000000000e+01	4.00000000000000e+01	4.00000000000000e+01	5.00000000000000e+01	5.00000000000000e+01	5.00000000000000e+01	6.00000000000000e+01	6.00000000000000e+01	7.00000000000000e+01	8.00000000000000e+01	2.00000000000000e+01	9.00000000000000e+01	2.00000000000000e+01	2.00000000000000e+01	2.00000000000000e+01	2.00000000000000e+01	3.00000000000000e+01	3.00000000000000e+01	3.00000000000000e+01	1.20741672515869e+01	1.18008003234863e+01	0.00000000000000e+00	-3.26387584209442e-01	4.83866930007935e-04	-3.26387584209442e-01	0.00000000000000e+00	0.00000000000000e+00	1.98288318465029e+02	0.00000000000000e+00	0.00000000000000e+00	7.97969284057617e+01	1.00000000000000e+00	1.67350921630859e+01	9.59451599121094e-02	2.08414673805237e+00	1
72	65	71	18	0.00000000000000e+00	5.91860694885254e+01	-1.57136559486389e+00	-1.22285270690918e+00	-1.03331053256989e+00	-7.09254622459412e-01	-5.38055181503296e-01	-3.32615941762924e-01	-2.24189653992653e-01	-1.83427914977074e-01	-8.38527530431747e-02	-1.22285271063447e-02	4.31666994094849e+00	-5.97839094698429e-02	-5.02592420578003e+00	-5.02592420578003e+00	-4.37781238555908e+00	-3.69301533699036e+00	-3.17126464843750e+00	-2.56799054145813e+00	-1.98917376995087e+00	0.00000000000000e+00	0.00000000000000e+00	2.00000000000000e+01	1.00000000000000e+01	4.00000000000000e+01	4.00000000000000e+01	4.00000000000000e+01	5.00000000000000e+01	5.00000000000000e+01	5.00000000000000e+01	6.00000000000000e+01	6.00000000000000e+01	7.00000000000000e+01	8.00000000000000e+01	2.00000000000000e+01	9.00000000000000e+01	2.00000000000000e+01	2.00000000000000e+01	2.00000000000000e+01	2.00000000000000e+01	3.00000000000000e+01	3.00000000000000e+01	3.00000000000000e+01	1.20741672515869e+01	1.18008003234863e+01	0.00000000000000e+00	-2.22765401005745e-01	4.83866930007935e-04	-2.22765401005745e-01	0.00000000000000e+00	0.00000000000000e+00	-2.01499931263350e+02	0.00000000000000e+00	0.00000000000000e+00	-8.46703186035156e+01	1.00000000000000e+00	1.67350921630859e+01	-9.74991531372070e-02	2.08414673805237e+00	1
72	65	19	71	0.00000000000000e+00	5.86319198608398e+01	-2.29370236396790e+00	-1.92046678066254e+00	-1.52687299251556e+00	-1.36807823181152e+00	-1.22149837017059e+00	-1.03691637516022e+00	-9.41006183624268e-01	-9.27433967590332e-01	-9.15154397487640e-01	-8.10939252376556e-01	3.46091198921204e+00	-8.65604996681213e-01	-5.65960884094238e+00	-5.49674272537231e+00	-4.85884904861450e+00	-4.19381093978882e+00	-3.61925435066223e+00	-3.14875125885010e+00	-2.80492210388184e+00	0.00000000000000e+00	0.00000000000000e+00	2.00000000000000e+01	1.00000000000000e+01	4.00000000000000e+01	4.00000000000000e+01	4.00000000000000e+01	5.00000000000000e+01	5.00000000000000e+01	5.00000000000000e+01	6.00000000000000e+01	6.00000000000000e+01	7.00000000000000e+01	8.00000000000000e+01	2.00000000000000e+01	9.00000000000000e+01	2.00000000000000e+01	2.00000000000000e+01	2.00000000000000e+01	2.00000000000000e+01	3.00000000000000e+01	3.00000000000000e+01	3.00000000000000e+01	1.20741672515869e+01	1.18008003234863e+01	0.00000000000000e+00	-9.22582864761353e-01	4.85256671905518e-04	-9.22582864761353e-01	0.00000000000000e+00	0.00000000000000e+00	1.81032438238031e+02	0.00000000000000e+00	0.00000000000000e+00	7.44078216552734e+01	1.00000000000000e+00	1.67350921630859e+01	8.78471984863281e-02	2.08203434944153e+00	1
72	65	71	20	0.00000000000000e+00	6.03827514648438e+01	-2.01413345336914e+00	-1.71166968345642e+00	-1.46419930458069e+00	-1.34183895587921e+00	-1.23735165596008e+00	-1.08336997032166e+00	-1.02654349803925e+00	-1.04945743083954e+00	-9.70240712165833e-01	-8.93642723560333e-01	5.11438608169556e+00	-9.50163841247559e-01	-4.26198863983154e+00	-4.22074365615845e+00	-3.80829286575317e+00	-3.43708753585815e+00	-2.99714016914368e+00	-2.68551135063171e+00	-2.26389503479004e+00	0.00000000000000e+00	0.00000000000000e+00	2.00000000000000e+01	1.00000000000000e+01	4.00000000000000e+01	4.00000000000000e+01	4.00000000000000e+01	5.00000000000000e+01	5.00000000000000e+01	5.00000000000000e+01	6.00000000000000e+01	6.00000000000000e+01	7.00000000000000e+01	8.00000000000000e+01	2.00000000000000e+01	9.00000000000000e+01	2.00000000000000e+01	2.00000000000000e+01	2.00000000000000e+01	2.00000000000000e+01	3.00000000000000e+01	3.00000000000000e+01	3.00000000000000e+01	1.20741672515869e+01	1.18008003234863e+01	0.00000000000000e+00	-7.07294762134552e-01	4.85256671905518e-04	-7.07294762134552e-01	0.00000000000000e+00	0.00000000000000e+00	-1.78711656284976e+02	0.00000000000000e+00	0.00000000000000e+00	-3.72179298400879e+01	1.00000000000000e+00	1.67350921630859e+01	-8.67210235595703e-02	2.08203434944153e+00	1
72	65	21	71	0.00000000000000e+00	6.22568092346191e+01	-2.14270687103271e+00	-2.00467967987061e+00	-1.84693443775177e+00	-1.66684186458588e+00	-1.59322738647461e+00	-1.47754752635956e+00	-1.43285310268402e+00	-1.39779853820801e+00	-1.54365038871765e+00	-1.54787552356720e+00	6.24408435821533e+00	-1.45184087753296e+00	-3.44410538673401e+00	-3.57555961608887e+00	-3.37837815284729e+00	-3.19434213638306e+00	-2.80436062812805e+00	-2.60279726982117e+00	-2.42752480506897e+00	0.00000000000000e+00	0.00000000000000e+00	2.00000000000000e+01	1.00000000000000e+01	4.00000000000000e+01	4.00000000000000e+01	4.00000000000000e+01	5.00000000000000e+01	5.00000000000000e+01	5.00000000000000e+01	6.00000000000000e+01	6.00000000000000e+01	7.00000000000000e+01	8.00000000000000e+01	2.00000000000000e+01	9.00000000000000e+01	2.00000000000000e+01	2.00000000000000e+01	2.00000000000000e+01	2.00000000000000e+01	3.00000000000000e+01	3.00000000000000e+01	3.00000000000000e+01	1.20515060424805e+01	1.18008003234863e+01	0.00000000000000e+00	-9.25882458686829e-01	4.85021352767944e-04	-9.25882458686829e-01	0.00000000000000e+00	0.00000000000000e+00	1.87000292480019e+02	0.00000000000000e+00	0.00000000000000e+00	4.68899917602539e+01	1.00000000000000e+00	1.67350921630859e+01	9.06991348266602e-02	2.08286929130554e+00	1
72	65	71	22	0.00000000000000e+00	6.45103836059570e+01	-1.98493480682373e+00	-1.95948696136475e+00	-1.92131519317627e+00	-1.80171012878418e+00	-1.62357485294342e+00	-1.67956030368805e+00	-1.73893868923187e+00	-1.70076692104340e+00	-1.85769546031952e+00	-1.86723840236664e+00	8.37235355377197e+00	-1.79548943042755e+00	-1.73045611381531e+00	-2.37937712669373e+00	-2.40482473373413e+00	-2.27758550643921e+00	-2.33272266387939e+00	-2.28182673454285e+00	-2.12913942337036e+00	0.00000000000000e+00	0.00000000000000e+00	2.00000000000000e+01	1.00000000000000e+01	4.00000000000000e+01	4.00000000000000e+01	4.00000000000000e+01	5.00000000000000e+01	5.00000000000000e+01	5.00000000000000e+01	6.00000000000000e+01	6.00000000000000e+01	7.00000000000000e+01	8.00000000000000e+01	2.00000000000000e+01	9.00000000000000e+01	2.00000000000000e+01	2.00000000000000e+01	2.00000000000000e+01	2.00000000000000e+01	3.00000000000000e+01	3.00000000000000e+01	3.00000000000000e+01	1.20515060424805e+01	1.18008003234863e+01	0.00000000000000e+00	-8.46831917762756e-01	4.85021352767944e-04	-8.46831917762756e-01	0.00000000000000e+00	0.00000000000000e+00	-1.93193483643485e+02	0.00000000000000e+00	0.00000000000000e+00	-5.36808090209961e+01	1.00000000000000e+00	1.67350921630859e+01	-9.37029647827149e-02	2.08286929130554e+00	1
72	65	23	71	0.00000000000000e+00	6.51875381469727e+01	-1.45272040367126e+00	-1.40649759769440e+00	-1.28763866424561e+00	-1.32593762874603e+00	-1.43159008026123e+00	-1.34706819057465e+00	-1.36907899379730e+00	-1.43070971965790e+00	-1.41121423244476e+00	-1.35697305202484e+00	9.60116195678711e+00	-1.41750299930573e+00	-4.62229281663895e-01	-1.26782882213593e+00	-1.55837297439575e+00	-1.55837297439575e+00	-1.48793792724609e+00	-1.43511188030243e+00	-1.41750299930573e+00	0.00000000000000e+00	0.00000000000000e+00	2.00000000000000e+01	1.00000000000000e+01	4.00000000000000e+01	4.00000000000000e+01	4.00000000000000e+01	5.00000000000000e+01	5.00000000000000e+01	5.00000000000000e+01	6.00000000000000e+01	6.00000000000000e+01	7.00000000000000e+01	8.00000000000000e+01	2.00000000000000e+01	9.00000000000000e+01	2.00000000000000e+01	2.00000000000000e+01	2.00000000000000e+01	2.00000000000000e+01	3.00000000000000e+01	3.00000000000000e+01	3.00000000000000e+01	1.20741672515869e+01	1.18008003234863e+01	0.00000000000000e+00	-3.09956163167953e-01	4.84532117843628e-04	-3.09956163167953e-01	0.00000000000000e+00	0.00000000000000e+00	1.86322941531043e+02	0.00000000000000e+00	0.00000000000000e+00	6.46883544921875e+01	1.00000000000000e+00	1.67350921630859e+01	9.02794494628906e-02	2.08567428588867e+00	1
72	65	71	24	0.00000000000000e+00	6.51281204223633e+01	-1.03345382213593e+00	-1.06767404079437e+00	-1.01292157173157e+00	-9.30792689323425e-01	-9.69119548797607e-01	-8.81515502929688e-01	-8.07599604129791e-01	-8.85165691375732e-01	-8.36931288242340e-01	-9.65013086795807e-01	9.80070018768311e+00	-9.30792808532715e-01	-1.23193159699440e-01	-9.03416514396667e-01	-1.14980280399323e+00	-1.12242650985718e+00	-9.03416454792023e-01	-9.76419866085052e-01	-1.07679951190948e+00	0.00000000000000e+00	0.00000000000000e+00	2.00000000000000e+01	1.00000000000000e+01	4.00000000000000e+01	4.00000000000000e+01	4.00000000000000e+01	5.00000000000000e+01	5.00000000000000e+01	5.00000000000000e+01	6.00000000000000e+01	6.00000000000000e+01	7.00000000000000e+01	8.00000000000000e+01	2.00000000000000e+01	9.00000000000000e+01	2.00000000000000e+01	2.00000000000000e+01	2.00000000000000e+01	2.00000000000000e+01	3.00000000000000e+01	3.00000000000000e+01	3.00000000000000e+01	1.20741672515869e+01	1.18008003234863e+01	0.00000000000000e+00	1.29954963922501e-01	4.84532117843628e-04	1.29954963922501e-01	0.00000000000000e+00	0.00000000000000e+00	-1.79766317058469e+02	0.00000000000000e+00	0.00000000000000e+00	-2.08981266021729e+01	1.00000000000000e+00	1.67350921630859e+01	-8.71025543212891e-02	2.08567428588867e+00	1
72	65	25	71	0.00000000000000e+00	5.50815353393555e+01	-6.59682703018188e+00	-6.14650487899780e+00	-5.75148534774780e+00	-5.41018819808960e+00	-5.22057867050171e+00	-5.06257104873657e+00	-5.10892009735107e+00	-5.02991580963135e+00	-4.95241689682007e+00	-5.13130426406860e+00	-9.32246267795563e-01	-4.99304771423340e+00	-1.05075206756592e+01	-1.05391225814819e+01	-1.01125011444092e+01	-9.43306732177734e+00	-8.56402492523193e+00	-7.74238395690918e+00	-7.18408966064453e+00	0.00000000000000e+00	0.00000000000000e+00	2.00000000000000e+01	1.00000000000000e+01	4.00000000000000e+01	4.00000000000000e+01	4.00000000000000e+01	5.00000000000000e+01	5.00000000000000e+01	5.00000000000000e+01	6.00000000000000e+01	6.00000000000000e+01	7.00000000000000e+01	8.00000000000000e+01	2.00000000000000e+01	9.00000000000000e+01	2.00000000000000e+01	2.00000000000000e+01	2.00000000000000e+01	2.00000000000000e+01	3.00000000000000e+01	3.00000000000000e+01	3.00000000000000e+01	1.20741672515869e+01	1.18008003234863e+01	0.00000000000000e+00	-5.20930957794189e+00	4.84630107879639e-04	-5.20930957794189e+00	0.00000000000000e+00	0.00000000000000e+00	1.55700238994119e+02	0.00000000000000e+00	0.00000000000000e+00	2.74129028320312e+01	1.00000000000000e+00	1.67350921630859e+01	7.54570236206055e-02	2.08463883399963e+00	1
72	65	71	26	0.00000000000000e+00	5.51688499450684e+01	-6.30599594116211e+00	-5.85802888870239e+00	-5.30668497085571e+00	-4.74155759811401e+00	-4.61061382293701e+00	-4.50034427642822e+00	-4.40500783920288e+00	-4.27865839004517e+00	-4.44028759002686e+00	-4.53566503524780e+00	-1.05099928379059e+00	-4.56390190124512e+00	-1.06650581359863e+01	-1.05616817474365e+01	-9.95864868164062e+00	-9.16609287261963e+00	-8.12083625793457e+00	-7.29382085800171e+00	-6.65058565139771e+00	0.00000000000000e+00	0.00000000000000e+00	2.00000000000000e+01	1.00000000000000e+01	4.00000000000000e+01	4.00000000000000e+01	4.00000000000000e+01	5.00000000000000e+01	5.00000000000000e+01	5.00000000000000e+01	6.00000000000000e+01	6.00000000000000e+01	7.00000000000000e+01	8.00000000000000e+01	2.00000000000000e+01	9.00000000000000e+01	2.00000000000000e+01	2.00000000000000e+01	2.00000000000000e+01	2.00000000000000e+01	3.00000000000000e+01	3.00000000000000e+01	3.00000000000000e+01	1.20741672515869e+01	1.18008003234863e+01	0.00000000000000e+00	-4.74122476577759e+00	4.84630107879639e-04	-4.74122476577759e+00	0.00000000000000e+00	0.00000000000000e+00	-1.42788094176867e+02	0.00000000000000e+00	0.00000000000000e+00	-5.34518928527832e+01	1.00000000000000e+00	1.67350921630859e+01	-6.91994094848633e-02	2.08463883399963e+00	1
72	65	27	71	0.00000000000000e+00	5.71344833374023e+01	-5.38382625579834e+00	-5.28310871124268e+00	-5.03589200973511e+00	-4.79050683975220e+00	-4.64400815963745e+00	-4.55610895156860e+00	-4.27287817001343e+00	-4.54145908355713e+00	-4.47344160079956e+00	-4.77494096755981e+00	8.05742740631104e-01	-4.74085998535156e+00	-8.84485721588135e+00	-8.89979457855225e+00	-8.38704967498779e+00	-7.92924070358276e+00	-7.25168418884277e+00	-6.40931701660156e+00	-5.95761299133301e+00	0.00000000000000e+00	0.00000000000000e+00	2.00000000000000e+01	1.00000000000000e+01	4.00000000000000e+01	4.00000000000000e+01	4.00000000000000e+01	5.00000000000000e+01	5.00000000000000e+01	5.00000000000000e+01	6.00000000000000e+01	6.00000000000000e+01	7.00000000000000e+01	8.00000000000000e+01	2.00000000000000e+01	9.00000000000000e+01	2.00000000000000e+01	2.00000000000000e+01	2.00000000000000e+01	2.00000000000000e+01	3.00000000000000e+01	3.00000000000000e+01	3.00000000000000e+01	1.20741672515869e+01	1.18008003234863e+01	0.00000000000000e+00	-4.41040420532227e+00	4.87801313400269e-04	-4.41040420532227e+00	0.00000000000000e+00	0.00000000000000e+00	1.33472441418249e+02	0.00000000000000e+00	0.00000000000000e+00	7.05734481811523e+01	1.00000000000000e+00	1.67350921630859e+01	6.51080322265625e-02	2.07856369018555e+00	1
72	65	71	28	0.00000000000000e+00	6.07529907226562e+01	-3.96641469001770e+00	-3.76140880584717e+00	-3.82380175590515e+00	-3.55105519294739e+00	-3.34426689147949e+00	-3.29435229301453e+00	-3.29197525978088e+00	-3.26226449012756e+00	-3.33102416992188e+00	-3.29346108436584e+00	4.13576698303223e+00	-3.43062686920166e+00	-5.90059852600098e+00	-6.27495670318604e+00	-5.88277196884155e+00	-5.49058771133423e+00	-5.05086469650269e+00	-4.45664548873901e+00	-4.27837991714478e+00	0.00000000000000e+00	0.00000000000000e+00	2.00000000000000e+01	1.00000000000000e+01	4.00000000000000e+01	4.00000000000000e+01	4.00000000000000e+01	5.00000000000000e+01	5.00000000000000e+01	5.00000000000000e+01	6.00000000000000e+01	6.00000000000000e+01	7.00000000000000e+01	8.00000000000000e+01	2.00000000000000e+01	9.00000000000000e+01	2.00000000000000e+01	2.00000000000000e+01	2.00000000000000e+01	2.00000000000000e+01	3.00000000000000e+01	3.00000000000000e+01	3.00000000000000e+01	1.20741672515869e+01	1.18008003234863e+01	0.00000000000000e+00	-2.84881687164307e+00	4.87801313400269e-04	-2.84881687164307e+00	0.00000000000000e+00	0.00000000000000e+00	-1.37108358948517e+02	0.00000000000000e+00	0.00000000000000e+00	-5.88123435974121e+01	1.00000000000000e+00	1.67350921630859e+01	-6.68816375732422e-02	2.07856369018555e+00	1
72	65	29	71	0.00000000000000e+00	6.27424354553223e+01	-3.21631741523743e+00	-3.16783046722412e+00	-2.82033872604370e+00	-2.85751223564148e+00	-2.68295836448669e+00	-2.71528315544128e+00	-2.68834590911865e+00	-2.64524626731873e+00	-2.71528291702271e+00	-2.68295836448669e+00	7.01448202133179e+00	-2.69373345375061e+00	-3.26480484008789e+00	-4.07292509078979e+00	-3.97595047950745e+00	-3.63654017448425e+00	-3.71735191345215e+00	-3.42642879486084e+00	-3.30790448188782e+00	0.00000000000000e+00	0.00000000000000e+00	2.00000000000000e+01	1.00000000000000e+01	4.00000000000000e+01	4.00000000000000e+01	4.00000000000000e+01	5.00000000000000e+01	5.00000000000000e+01	5.00000000000000e+01	6.00000000000000e+01	6.00000000000000e+01	7.00000000000000e+01	8.00000000000000e+01	2.00000000000000e+01	9.00000000000000e+01	2.00000000000000e+01	2.00000000000000e+01	2.00000000000000e+01	2.00000000000000e+01	3.00000000000000e+01	3.00000000000000e+01	3.00000000000000e+01	1.20515060424805e+01	1.18008003234863e+01	0.00000000000000e+00	-1.91923630237579e+00	4.86548662185669e-04	-1.91923630237579e+00	0.00000000000000e+00	0.00000000000000e+00	1.51616392737315e+02	0.00000000000000e+00	0.00000000000000e+00	6.23800945281982e+00	1.00000000000000e+00	1.62463340759277e+01	7.37687530517578e-02	2.07953929901123e+00	1
72	65	71	30	0.00000000000000e+00	6.60424270629883e+01	-2.51353430747986e+00	-2.50662922859192e+00	-2.32709097862244e+00	-2.56877684593201e+00	-2.65164089202881e+00	-2.93337750434875e+00	-2.75752234458923e+00	-2.87261080741882e+00	-3.04623031616211e+00	-3.12465476989746e+00	1.04270248413086e+01	-3.07823562622070e+00	-1.24295666813850e-01	-1.22914600372314e+00	-1.58822226524353e+00	-1.90586686134338e+00	-2.20049357414246e+00	-2.43987774848938e+00	-2.59639835357666e+00	0.00000000000000e+00	0.00000000000000e+00	2.00000000000000e+01	1.00000000000000e+01	4.00000000000000e+01	4.00000000000000e+01	4.00000000000000e+01	5.00000000000000e+01	5.00000000000000e+01	5.00000000000000e+01	6.00000000000000e+01	6.00000000000000e+01	7.00000000000000e+01	8.00000000000000e+01	2.00000000000000e+01	9.00000000000000e+01	2.00000000000000e+01	2.00000000000000e+01	2.00000000000000e+01	2.00000000000000e+01	3.00000000000000e+01	3.00000000000000e+01	3.00000000000000e+01	1.20515060424805e+01	1.18008003234863e+01	0.00000000000000e+00	-1.47557413578033e+00	4.86548662185669e-04	-1.47557413578033e+00	0.00000000000000e+00	0.00000000000000e+00	-1.77433343803428e+02	0.00000000000000e+00	0.00000000000000e+00	-5.70191688537598e+01	1.00000000000000e+00	1.62463340759277e+01	-8.63299560546875e-02	2.07953929901123e+00	1
72	65	31	71	0.00000000000000e+00	6.61343841552734e+01	-5.43727099895477e-01	-5.86652934551239e-01	-7.36893296241760e-01	-8.12728881835938e-01	-7.72664785385132e-01	-8.81410241127014e-01	-6.77274048328400e-01	-6.29578709602356e-01	-7.76753008365631e-01	-8.83556544780731e-01	1.10462455749512e+01	-8.55336844921112e-01	1.05883705615997e+00	2.43246316909790e-01	-4.29258234798908e-02	-1.43086075782776e-01	-3.14789354801178e-01	-4.96031761169434e-01	-5.72344303131104e-01	0.00000000000000e+00	0.00000000000000e+00	2.00000000000000e+01	1.00000000000000e+01	4.00000000000000e+01	4.00000000000000e+01	4.00000000000000e+01	5.00000000000000e+01	5.00000000000000e+01	5.00000000000000e+01	6.00000000000000e+01	6.00000000000000e+01	7.00000000000000e+01	8.00000000000000e+01	2.00000000000000e+01	9.00000000000000e+01	2.00000000000000e+01	2.00000000000000e+01	2.00000000000000e+01	2.00000000000000e+01	3.00000000000000e+01	3.00000000000000e+01	3.00000000000000e+01	1.20515060424805e+01	1.18008003234863e+01	0.00000000000000e+00	4.63392019271851e-01	4.85256910324097e-04	4.63392019271851e-01	0.00000000000000e+00	0.00000000000000e+00	1.71715375752648e+02	0.00000000000000e+00	0.00000000000000e+00	5.29944648742676e+01	1.00000000000000e+00	1.67350921630859e+01	8.33260726928711e-02	2.08169126510620e+00	1
72	65	71	32	0.00000000000000e+00	6.63427505493164e+01	2.72379279136658e-01	2.42932856082916e-01	2.94464062899351e-02	-5.88928116485476e-03	1.41342744231224e-01	3.06242644786835e-01	2.60109931230545e-01	2.35571250319481e-01	2.94464051723480e-01	3.20229679346085e-01	1.13663129806519e+01	4.08977866172791e-01	1.64899873733521e+00	1.14840984344482e+00	7.95053005218506e-01	4.41696107387543e-01	4.22065168619156e-01	3.92618775367737e-01	3.23910474777222e-01	0.00000000000000e+00	0.00000000000000e+00	2.00000000000000e+01	1.00000000000000e+01	4.00000000000000e+01	4.00000000000000e+01	4.00000000000000e+01	5.00000000000000e+01	5.00000000000000e+01	5.00000000000000e+01	6.00000000000000e+01	6.00000000000000e+01	7.00000000000000e+01	8.00000000000000e+01	2.00000000000000e+01	9.00000000000000e+01	2.00000000000000e+01	2.00000000000000e+01	2.00000000000000e+01	2.00000000000000e+01	3.00000000000000e+01	3.00000000000000e+01	3.00000000000000e+01	1.20515060424805e+01	1.18008003234863e+01	0.00000000000000e+00	1.40030074119568e+00	4.85256910324097e-04	1.40030074119568e+00	0.00000000000000e+00	0.00000000000000e+00	-1.66878715088328e+02	0.00000000000000e+00	0.00000000000000e+00	-6.52696838378906e+01	1.00000000000000e+00	1.67350921630859e+01	-8.09790496826172e-02	2.08169126510620e+00	1
72	65	33	71	0.00000000000000e+00	4.48108291625977e+01	-1.32959480285645e+01	-1.25594377517700e+01	-1.18487691879272e+01	-1.12879886627197e+01	-1.06781063079834e+01	-1.05540628433228e+01	-1.05609531402588e+01	-1.04920406341553e+01	-1.03369855880737e+01	-1.04661979675293e+01	-1.19392175674438e+01	-1.04920396804810e+01	-2.13458747863770e+01	-2.07514991760254e+01	-1.92784767150879e+01	-1.79605121612549e+01	-1.68320579528809e+01	-1.56433057785034e+01	-1.44545516967773e+01	0.00000000000000e+00	0.00000000000000e+00	2.00000000000000e+01	1.00000000000000e+01	4.00000000000000e+01	4.00000000000000e+01	4.00000000000000e+01	5.00000000000000e+01	5.00000000000000e+01	5.00000000000000e+01	6.00000000000000e+01	6.00000000000000e+01	7.00000000000000e+01	8.00000000000000e+01	2.00000000000000e+01	9.00000000000000e+01	2.00000000000000e+01	2.00000000000000e+01	2.00000000000000e+01	2.00000000000000e+01	3.00000000000000e+01	3.00000000000000e+01	3.00000000000000e+01	1.20741672515869e+01	1.18008003234863e+01	0.00000000000000e+00	-1.16720762252808e+01	5.39169073104858e-04	-1.16720762252808e+01	0.00000000000000e+00	0.00000000000000e+00	8.55695793695961e+01	0.00000000000000e+00	0.00000000000000e+00	4.00415344238281e+01	1.00000000000000e+00	1.67350921630859e+01	4.61364707946777e-02	2.01756978034973e+00	1
72	65	71	34	0.00000000000000e+00	4.64348030090332e+01	-1.22631511688232e+01	-1.13593873977661e+01	-1.08763399124146e+01	-1.02094249725342e+01	-1.01720266342163e+01	-9.71079540252686e+00	-9.28696060180664e+00	-9.50511074066162e+00	-9.42942619323730e+00	-9.48173809051514e+00	-1.07828474044800e+01	-9.66093254089355e+00	-2.02567939758301e+01	-1.94465217590332e+01	-1.78571434020996e+01	-1.70157070159912e+01	-1.60184497833252e+01	-1.46472206115723e+01	-1.34837532043457e+01	0.00000000000000e+00	0.00000000000000e+00	2.00000000000000e+01	1.00000000000000e+01	4.00000000000000e+01	4.00000000000000e+01	4.00000000000000e+01	5.00000000000000e+01	5.00000000000000e+01	5.00000000000000e+01	6.00000000000000e+01	6.00000000000000e+01	7.00000000000000e+01	8.00000000000000e+01	2.00000000000000e+01	9.00000000000000e+01	2.00000000000000e+01	2.00000000000000e+01	2.00000000000000e+01	2.00000000000000e+01	3.00000000000000e+01	3.00000000000000e+01	3.00000000000000e+01	1.20741672515869e+01	1.18008003234863e+01	0.00000000000000e+00	-1.06837215423584e+01	5.39169073104858e-04	-1.06837215423584e+01	0.00000000000000e+00	0.00000000000000e+00	-7.09565758793405e+01	0.00000000000000e+00	0.00000000000000e+00	-4.25020751953125e+01	1.00000000000000e+00	1.67350921630859e+01	-3.82575912475586e-02	2.01756978034973e+00	1
72	65	35	71	0.00000000000000e+00	5.22556381225586e+01	-8.66228103637695e+00	-8.25501251220703e+00	-7.76942348480225e+00	-7.41854715347290e+00	-6.99248123168945e+00	-6.85463619232178e+00	-7.02798652648926e+00	-6.79824590682983e+00	-6.74006509780884e+00	-6.72775697708130e+00	-4.07268190383911e+00	-6.72514629364014e+00	-1.35964927673340e+01	-1.34711780548096e+01	-1.28446121215820e+01	-1.21240606307983e+01	-1.15705938339233e+01	-1.05263166427612e+01	-9.75355052947998e+00	0.00000000000000e+00	0.00000000000000e+00	2.00000000000000e+01	1.00000000000000e+01	4.00000000000000e+01	4.00000000000000e+01	4.00000000000000e+01	5.00000000000000e+01	5.00000000000000e+01	5.00000000000000e+01	6.00000000000000e+01	6.00000000000000e+01	7.00000000000000e+01	8.00000000000000e+01	2.00000000000000e+01	9.00000000000000e+01	2.00000000000000e+01	2.00000000000000e+01	2.00000000000000e+01	2.00000000000000e+01	3.00000000000000e+01	3.00000000000000e+01	3.00000000000000e+01	1.20515060424805e+01	1.18008003234863e+01	0.00000000000000e+00	-7.29006242752075e+00	5.14092683792114e-04	-7.29006242752075e+00	0.00000000000000e+00	0.00000000000000e+00	7.40286338249405e+01	0.00000000000000e+00	0.00000000000000e+00	2.90344047546387e+01	1.00000000000000e+00	1.67350921630859e+01	3.80575790405273e-02	2.04629731178284e+00	1
72	65	71	36	0.00000000000000e+00	5.89426574707031e+01	-5.40929460525513e+00	-4.72980165481567e+00	-4.66318511962891e+00	-4.50863361358643e+00	-4.43402242660522e+00	-4.49797487258911e+00	-4.17466068267822e+00	-4.21907186508179e+00	-4.21018981933594e+00	-4.02366256713867e+00	2.53144335746765e+00	-4.03254508972168e+00	-7.48774290084839e+00	-7.83415079116821e+00	-7.59432983398438e+00	-6.90151357650757e+00	-6.67945718765259e+00	-6.21758031845093e+00	-5.77346658706665e+00	0.00000000000000e+00	0.00000000000000e+00	2.00000000000000e+01	1.00000000000000e+01	4.00000000000000e+01	4.00000000000000e+01	4.00000000000000e+01	5.00000000000000e+01	5.00000000000000e+01	5.00000000000000e+01	6.00000000000000e+01	6.00000000000000e+01	7.00000000000000e+01	8.00000000000000e+01	2.00000000000000e+01	9.00000000000000e+01	2.00000000000000e+01	2.00000000000000e+01	2.00000000000000e+01	2.00000000000000e+01	3.00000000000000e+01	3.00000000000000e+01	3.00000000000000e+01	1.20515060424805e+01	1.18008003234863e+01	0.00000000000000e+00	-3.93216466903687e+00	5.14092683792114e-04	-3.93216466903687e+00	0.00000000000000e+00	0.00000000000000e+00	-8.70340056236235e+01	0.00000000000000e+00	0.00000000000000e+00	-3.58921241760254e+01	1.00000000000000e+00	1.67350921630859e+01	-4.47435455322266e-02	2.04629731178284e+00	1
72	65	37	71	0.00000000000000e+00	6.20570678710938e+01	-3.89313697814941e+00	-3.52014160156250e+00	-3.38026857376099e+00	-3.39425587654114e+00	-3.11450958251953e+00	-3.01193571090698e+00	-2.93733692169189e+00	-3.31033205986023e+00	-2.87739133834839e+00	-3.17045855522156e+00	6.10779571533203e+00	-2.93733692169189e+00	-4.12625885009766e+00	-4.45262956619263e+00	-4.68575143814087e+00	-4.77900028228760e+00	-4.52256631851196e+00	-3.96307373046875e+00	-3.99415659904480e+00	0.00000000000000e+00	0.00000000000000e+00	2.00000000000000e+01	1.00000000000000e+01	4.00000000000000e+01	4.00000000000000e+01	4.00000000000000e+01	5.00000000000000e+01	5.00000000000000e+01	5.00000000000000e+01	6.00000000000000e+01	6.00000000000000e+01	7.00000000000000e+01	8.00000000000000e+01	2.00000000000000e+01	9.00000000000000e+01	2.00000000000000e+01	2.00000000000000e+01	2.00000000000000e+01	2.00000000000000e+01	3.00000000000000e+01	3.00000000000000e+01	3.00000000000000e+01	1.20515060424805e+01	1.18008003234863e+01	0.00000000000000e+00	-2.40312242507935e+00	4.87586021423340e-04	-2.40312242507935e+00	0.00000000000000e+00	0.00000000000000e+00	1.04892356499782e+02	0.00000000000000e+00	0.00000000000000e+00	1.18655719757080e+01	1.00000000000000e+00	1.67350921630859e+01	5.11440467834473e-02	2.07875847816467e+00	1
72	65	71	38	0.00000000000000e+00	6.61037597656250e+01	-1.11250579357147e+00	-1.30267763137817e+00	-1.13152289390564e+00	-1.15624523162842e+00	-1.21710038185120e+00	-1.17906594276428e+00	-1.29316902160645e+00	-1.37557685375214e+00	-1.22796726226807e+00	-1.07922554016113e+00	1.02692832946777e+01	-1.21287429332733e+00	1.90171927213669e-01	-4.37395423650742e-01	-6.27567350864410e-01	-9.12825167179108e-01	-1.25513470172882e+00	-1.16638779640198e+00	-1.25513470172882e+00	0.00000000000000e+00	0.00000000000000e+00	2.00000000000000e+01	1.00000000000000e+01	4.00000000000000e+01	4.00000000000000e+01	4.00000000000000e+01	5.00000000000000e+01	5.00000000000000e+01	5.00000000000000e+01	6.00000000000000e+01	6.00000000000000e+01	7.00000000000000e+01	8.00000000000000e+01	2.00000000000000e+01	9.00000000000000e+01	2.00000000000000e+01	2.00000000000000e+01	2.00000000000000e+01	2.00000000000000e+01	3.00000000000000e+01	3.00000000000000e+01	3.00000000000000e+01	1.20515060424805e+01	1.18008003234863e+01	0.00000000000000e+00	-4.90322932600975e-02	4.87586021423340e-04	-4.90322932600975e-02	0.00000000000000e+00	0.00000000000000e+00	-1.28581163414315e+02	0.00000000000000e+00	0.00000000000000e+00	-3.72846984863281e+01	1.00000000000000e+00	1.67350921630859e+01	-6.26943778991699e-02	2.07875847816467e+00	1
72	65	39	71	0.00000000000000e+00	6.97550888061523e+01	2.96763706207275e+00	2.86611270904541e+00	2.67087340354919e+00	2.59902524948120e+00	2.63026380538940e+00	2.64900660514832e+00	2.81665229797363e+00	2.68128609657288e+00	2.77574491500854e+00	2.59277749061584e+00	1.46663751602173e+01	2.59624862670898e+00	4.95126819610596e+00	4.24840641021729e+00	4.04535770416260e+00	3.84230899810791e+00	3.61322855949402e+00	3.36332225799561e+00	2.99887561798096e+00	0.00000000000000e+00	0.00000000000000e+00	2.00000000000000e+01	1.00000000000000e+01	4.00000000000000e+01	4.00000000000000e+01	4.00000000000000e+01	5.00000000000000e+01	5.00000000000000e+01	5.00000000000000e+01	6.00000000000000e+01	6.00000000000000e+01	7.00000000000000e+01	8.00000000000000e+01	2.00000000000000e+01	9.00000000000000e+01	2.00000000000000e+01	2.00000000000000e+01	2.00000000000000e+01	2.00000000000000e+01	3.00000000000000e+01	3.00000000000000e+01	3.00000000000000e+01	1.20515060424805e+01	1.18008003234863e+01	0.00000000000000e+00	4.01355504989624e+00	4.88095283508301e-04	4.01355504989624e+00	0.00000000000000e+00	0.00000000000000e+00	1.56392704252596e+02	0.00000000000000e+00	0.00000000000000e+00	4.91505546569824e+01	1.00000000000000e+00	1.67350921630859e+01	7.63345413208008e-02	2.07773470878601e+00	1
72	65	71	40	0.00000000000000e+00	6.88805236816406e+01	2.65922927856445e+00	2.45654416084290e+00	2.39168500900269e+00	2.21818637847900e+00	2.39979243278503e+00	2.56842637062073e+00	2.69165897369385e+00	2.69165897369385e+00	2.40905785560608e+00	2.52951097488403e+00	1.37177314758301e+01	2.45023822784424e+00	4.24828100204468e+00	3.61590337753296e+00	3.37268114089966e+00	3.24296283721924e+00	3.05919480323792e+00	2.90785670280457e+00	2.74570822715759e+00	0.00000000000000e+00	0.00000000000000e+00	2.00000000000000e+01	1.00000000000000e+01	4.00000000000000e+01	4.00000000000000e+01	4.00000000000000e+01	5.00000000000000e+01	5.00000000000000e+01	5.00000000000000e+01	6.00000000000000e+01	6.00000000000000e+01	7.00000000000000e+01	8.00000000000000e+01	2.00000000000000e+01	9.00000000000000e+01	2.00000000000000e+01	2.00000000000000e+01	2.00000000000000e+01	2.00000000000000e+01	3.00000000000000e+01	3.00000000000000e+01	3.00000000000000e+01	1.20515060424805e+01	1.18008003234863e+01	0.00000000000000e+00	3.72081089019775e+00	4.88095283508301e-04	3.72081089019775e+00	0.00000000000000e+00	0.00000000000000e+00	-1.50646281298541e+02	0.00000000000000e+00	0.00000000000000e+00	-5.97184677124023e+01	1.00000000000000e+00	1.67350921630859e+01	-7.35297393798828e-02	2.07773470878601e+00	1
72	65	41	71	0.00000000000000e+00	7.65750045776367e+01	9.66977024078369e+00	9.12591361999512e+00	8.27749729156494e+00	7.81413125991821e+00	7.21371364593506e+00	6.94396066665649e+00	6.82358741760254e+00	6.74382162094116e+00	6.67545080184937e+00	6.36856079101562e+00	2.26896953582764e+01	6.51177644729614e+00	1.45318479537964e+01	1.43578138351440e+01	1.38792200088501e+01	1.35964145660400e+01	1.26899871826172e+01	1.15732679367065e+01	1.07030973434448e+01	0.00000000000000e+00	0.00000000000000e+00	2.00000000000000e+01	1.00000000000000e+01	4.00000000000000e+01	4.00000000000000e+01	4.00000000000000e+01	5.00000000000000e+01	5.00000000000000e+01	5.00000000000000e+01	6.00000000000000e+01	6.00000000000000e+01	7.00000000000000e+01	8.00000000000000e+01	2.00000000000000e+01	9.00000000000000e+01	2.00000000000000e+01	2.00000000000000e+01	2.00000000000000e+01	2.00000000000000e+01	3.00000000000000e+01	3.00000000000000e+01	3.00000000000000e+01	1.20741672515869e+01	1.18008003234863e+01	0.00000000000000e+00	9.58340740203857e+00	1.84907674789429e-03	9.58340740203857e+00	0.00000000000000e+00	0.00000000000000e+00	-2.96400526587919e+01	0.00000000000000e+00	0.00000000000000e+00	2.09173603057861e+01	1.00000000000000e+00	1.67350921630859e+01	-5.48067321777344e-02	5.27437877655029e+00	1
72	65	71	42	0.00000000000000e+00	8.36891021728516e+01	1.32628078460693e+01	1.18502016067505e+01	1.14264192581177e+01	1.01330995559692e+01	9.90708255767822e+00	9.60572624206543e+00	8.85233592987061e+00	8.97790050506592e+00	9.06759071350098e+00	8.31868457794189e+00	2.99786548614502e+01	8.54539871215820e+00	2.15344047546387e+01	2.06868419647217e+01	1.98392772674561e+01	1.88347568511963e+01	1.69722080230713e+01	1.55700654983521e+01	1.43562698364258e+01	0.00000000000000e+00	0.00000000000000e+00	2.00000000000000e+01	1.00000000000000e+01	4.00000000000000e+01	4.00000000000000e+01	4.00000000000000e+01	5.00000000000000e+01	5.00000000000000e+01	5.00000000000000e+01	6.00000000000000e+01	6.00000000000000e+01	7.00000000000000e+01	8.00000000000000e+01	2.00000000000000e+01	9.00000000000000e+01	2.00000000000000e+01	2.00000000000000e+01	2.00000000000000e+01	2.00000000000000e+01	3.00000000000000e+01	3.00000000000000e+01	3.00000000000000e+01	1.20741672515869e+01	1.18008003234863e+01	0.00000000000000e+00	1.27040061950684e+01	1.84907674789429e-03	1.27040061950684e+01	0.00000000000000e+00	0.00000000000000e+00	2.05405123272375e+01	0.00000000000000e+00	0.00000000000000e+00	-5.07144393920898e+01	1.00000000000000e+00	1.67350921630859e+01	3.79809837341309e-02	5.27437877655029e+00	1
72	65	71	44	0.00000000000000e+00	6.86542968750000e+01	-2.47679829597473e+00	-2.16357326507568e+00	-2.07076573371887e+00	-2.05104398727417e+00	-1.94895589351654e+00	-2.01856160163879e+00	-1.88708436489105e+00	-1.91028630733490e+00	-1.93901228904724e+00	-1.90835273265839e+00	8.68909549713135e+00	-1.87677240371704e+00	-2.22737812995911e+00	-3.01624131202698e+00	-3.08584713935852e+00	-3.01624131202698e+00	-2.83836054801941e+00	-2.76875495910645e+00	-2.63727784156799e+00	0.00000000000000e+00	0.00000000000000e+00	2.00000000000000e+01	1.00000000000000e+01	4.00000000000000e+01	4.00000000000000e+01	4.00000000000000e+01	5.00000000000000e+01	5.00000000000000e+01	5.00000000000000e+01	6.00000000000000e+01	6.00000000000000e+01	7.00000000000000e+01	8.00000000000000e+01	2.00000000000000e+01	9.00000000000000e+01	2.00000000000000e+01	2.00000000000000e+01	2.00000000000000e+01	2.00000000000000e+01	3.00000000000000e+01	3.00000000000000e+01	3.00000000000000e+01	1.20515060424805e+01	1.18008003234863e+01	0.00000000000000e+00	-1.04631984233856e+00	3.62344980239868e-03	-1.04631984233856e+00	0.00000000000000e+00	0.00000000000000e+00	-2.83635108913432e+01	0.00000000000000e+00	0.00000000000000e+00	-4.60979652404785e+01	1.00000000000000e+00	1.67350921630859e+01	-1.02773757934570e-01	9.54169464111328e+00	1
72	65	71	46	0.00000000000000e+00	6.73803482055664e+01	5.90365231037140e-02	-2.26306676864624e-01	-2.65664368867874e-01	-3.14861461520195e-02	-2.44017630815506e-01	-3.06989908218384e-01	-5.24769090116024e-02	-1.44311502575874e-01	-3.09238940477371e-01	-3.00102323293686e-01	1.04888229370117e+01	-3.45472961664200e-01	6.49401783943176e-01	1.37751877307892e-01	-1.96788404136896e-02	-2.36146092414856e-01	-6.55961409211159e-02	5.24769090116024e-02	1.57430723309517e-01	0.00000000000000e+00	0.00000000000000e+00	2.00000000000000e+01	1.00000000000000e+01	4.00000000000000e+01	4.00000000000000e+01	4.00000000000000e+01	5.00000000000000e+01	5.00000000000000e+01	5.00000000000000e+01	6.00000000000000e+01	6.00000000000000e+01	7.00000000000000e+01	8.00000000000000e+01	2.00000000000000e+01	9.00000000000000e+01	2.00000000000000e+01	2.00000000000000e+01	2.00000000000000e+01	2.00000000000000e+01	3.00000000000000e+01	3.00000000000000e+01	3.00000000000000e+01	1.20741672515869e+01	1.18008003234863e+01	0.00000000000000e+00	9.19926464557648e-01	7.12164878845215e-04	9.19926464557648e-01	0.00000000000000e+00	0.00000000000000e+00	-8.50736208067127e+01	0.00000000000000e+00	0.00000000000000e+00	-5.67234840393066e+01	1.00000000000000e+00	1.67350921630859e+01	-6.05864448547363e-02	2.25923371315002e+00	1
72	65	47	71	0.00000000000000e+00	6.50984649658203e+01	-4.20804582536221e-02	-2.41962626576424e-01	-3.36643666028976e-01	-4.20804589986801e-01	-3.45059752464294e-01	-3.45059752464294e-01	-4.62885022163391e-01	-3.78724128007889e-01	-3.06586205959320e-01	-2.89303123950958e-01	9.69954586029053e+00	-3.64697337150574e-01	7.15367794036865e-01	8.83689641952515e-01	1.00993096828461e+00	8.41609179973602e-01	5.75099587440491e-01	7.29394614696503e-01	3.22616845369339e-01	0.00000000000000e+00	0.00000000000000e+00	2.00000000000000e+01	1.00000000000000e+01	4.00000000000000e+01	4.00000000000000e+01	4.00000000000000e+01	5.00000000000000e+01	5.00000000000000e+01	5.00000000000000e+01	6.00000000000000e+01	6.00000000000000e+01	7.00000000000000e+01	8.00000000000000e+01	2.00000000000000e+01	9.00000000000000e+01	2.00000000000000e+01	2.00000000000000e+01	2.00000000000000e+01	2.00000000000000e+01	3.00000000000000e+01	3.00000000000000e+01	3.00000000000000e+01	1.20741672515869e+01	1.18008003234863e+01	0.00000000000000e+00	9.09039318561554e-01	5.20121812820435e-04	9.09039318561554e-01	0.00000000000000e+00	0.00000000000000e+00	1.08948876234272e+02	0.00000000000000e+00	0.00000000000000e+00	3.72849807739258e+01	1.00000000000000e+00	1.67350921630859e+01	5.66666870117188e-02	2.03631043434143e+00	1
72	65	71	48	0.00000000000000e+00	6.46997985839844e+01	-1.89122468233109e-01	-4.57875490188599e-01	-5.17598330974579e-01	-4.37967836856842e-01	-5.89265823364258e-01	-7.96305164694786e-02	-3.98152582347393e-02	-2.98614442348480e-01	-2.78706818819046e-01	-4.62852358818054e-01	9.61538505554199e+00	-4.86630916595459e-01	8.36120426654816e-01	6.56951785087585e-01	6.37044131755829e-01	6.17136478424072e-01	6.63587629795074e-01	4.11424309015274e-01	5.30870109796524e-02	0.00000000000000e+00	0.00000000000000e+00	2.00000000000000e+01	1.00000000000000e+01	4.00000000000000e+01	4.00000000000000e+01	4.00000000000000e+01	5.00000000000000e+01	5.00000000000000e+01	5.00000000000000e+01	6.00000000000000e+01	6.00000000000000e+01	7.00000000000000e+01	8.00000000000000e+01	2.00000000000000e+01	9.00000000000000e+01	2.00000000000000e+01	2.00000000000000e+01	2.00000000000000e+01	2.00000000000000e+01	3.00000000000000e+01	3.00000000000000e+01	3.00000000000000e+01	1.20741672515869e+01	1.18008003234863e+01	0.00000000000000e+00	8.50031733512878e-01	5.20121812820435e-04	8.50031733512878e-01	0.00000000000000e+00	0.00000000000000e+00	-1.15146402854119e+02	0.00000000000000e+00	0.00000000000000e+00	-4.35512733459473e+01	1.00000000000000e+00	1.67350921630859e+01	-5.98901557922363e-02	2.03631043434143e+00	1
72	65	49	71	0.00000000000000e+00	6.59236373901367e+01	1.04487788677216e+00	9.55952107906342e-01	9.63362574577332e-01	7.76618361473083e-01	6.87692642211914e-01	6.22480392456055e-01	4.74270790815353e-01	4.24867600202560e-01	3.72641324996948e-01	4.22397434711456e-01	1.00337915420532e+01	2.00906381011009e-01	1.14121401309967e+00	1.17085599899292e+00	1.39317035675049e+00	1.57102203369141e+00	1.49197673797607e+00	1.45245420932770e+00	1.38328981399536e+00	0.00000000000000e+00	0.00000000000000e+00	2.00000000000000e+01	1.00000000000000e+01	4.00000000000000e+01	4.00000000000000e+01	4.00000000000000e+01	5.00000000000000e+01	5.00000000000000e+01	5.00000000000000e+01	6.00000000000000e+01	6.00000000000000e+01	7.00000000000000e+01	8.00000000000000e+01	2.00000000000000e+01	9.00000000000000e+01	2.00000000000000e+01	2.00000000000000e+01	2.00000000000000e+01	2.00000000000000e+01	3.00000000000000e+01	3.00000000000000e+01	3.00000000000000e+01	1.20741672515869e+01	1.18008003234863e+01	0.00000000000000e+00	1.74708771705627e+00	5.13876676559448e-04	1.74708771705627e+00	0.00000000000000e+00	0.00000000000000e+00	-1.56546365679900e+02	0.00000000000000e+00	0.00000000000000e+00	9.52870273590088e+00	1.00000000000000e+00	1.67350921630859e+01	-8.04455261230469e-02	2.04449892044067e+00	1
72	65	71	50	0.00000000000000e+00	6.53587265014648e+01	1.25248587131500e+00	1.15687620639801e+00	1.16643714904785e+00	6.80740416049957e-01	8.41364502906799e-01	7.72525608539581e-01	5.80031573772430e-01	6.69267237186432e-01	4.58926111459732e-01	4.97169941663742e-01	9.77130126953125e+00	2.12465792894363e-01	1.28116869926453e+00	1.47238802909851e+00	1.68272900581360e+00	1.74009478092194e+00	1.82295644283295e+00	1.81020867824554e+00	1.59349346160889e+00	0.00000000000000e+00	0.00000000000000e+00	2.00000000000000e+01	1.00000000000000e+01	4.00000000000000e+01	4.00000000000000e+01	4.00000000000000e+01	5.00000000000000e+01	5.00000000000000e+01	5.00000000000000e+01	6.00000000000000e+01	6.00000000000000e+01	7.00000000000000e+01	8.00000000000000e+01	2.00000000000000e+01	9.00000000000000e+01	2.00000000000000e+01	2.00000000000000e+01	2.00000000000000e+01	2.00000000000000e+01	3.00000000000000e+01	3.00000000000000e+01	3.00000000000000e+01	1.20741672515869e+01	1.18008003234863e+01	0.00000000000000e+00	1.87118351459503e+00	5.13876676559448e-04	1.87118351459503e+00	0.00000000000000e+00	0.00000000000000e+00	1.21334569943234e+02	0.00000000000000e+00	0.00000000000000e+00	-4.08233566284180e+01	1.00000000000000e+00	1.67350921630859e+01	6.23510055541992e-02	2.04449892044067e+00	1
72	65	51	71	0.00000000000000e+00	6.98471679687500e+01	3.16654443740845e+00	3.08149266242981e+00	2.79362511634827e+00	2.53323554992676e+00	2.46519422531128e+00	2.39191865921021e+00	2.11975312232971e+00	1.98454236984253e+00	1.88422489166260e+00	1.76646077632904e+00	1.40008382797241e+01	1.74756050109863e+00	4.50120401382446e+00	4.14791154861450e+00	4.05631780624390e+00	4.06940221786499e+00	3.91674518585205e+00	3.68121719360352e+00	3.39334964752197e+00	0.00000000000000e+00	0.00000000000000e+00	2.00000000000000e+01	1.00000000000000e+01	4.00000000000000e+01	4.00000000000000e+01	4.00000000000000e+01	5.00000000000000e+01	5.00000000000000e+01	5.00000000000000e+01	6.00000000000000e+01	6.00000000000000e+01	7.00000000000000e+01	8.00000000000000e+01	2.00000000000000e+01	9.00000000000000e+01	2.00000000000000e+01	2.00000000000000e+01	2.00000000000000e+01	2.00000000000000e+01	3.00000000000000e+01	3.00000000000000e+01	3.00000000000000e+01	1.20741672515869e+01	1.18008003234863e+01	0.00000000000000e+00	3.67669820785522e+00	1.15619444847107e-03	3.67669820785522e+00	0.00000000000000e+00	0.00000000000000e+00	-7.88092458682266e+01	0.00000000000000e+00	0.00000000000000e+00	1.35729169845581e+01	1.00000000000000e+00	1.67350921630859e+01	-9.11188125610352e-02	3.56860756874084e+00	1
72	65	71	52	0.00000000000000e+00	7.12742919921875e+01	3.70470333099365e+00	3.58471298217773e+00	3.56971430778503e+00	3.03575682640076e+00	3.15574717521667e+00	2.72378182411194e+00	2.76977825164795e+00	2.56979417800903e+00	2.51979827880859e+00	2.57229399681091e+00	1.50287961959839e+01	2.52646446228027e+00	5.66954612731934e+00	5.06959438323975e+00	5.09959173202515e+00	5.12958955764771e+00	4.85961103439331e+00	4.59963178634644e+00	3.99967980384827e+00	0.00000000000000e+00	0.00000000000000e+00	2.00000000000000e+01	1.00000000000000e+01	4.00000000000000e+01	4.00000000000000e+01	4.00000000000000e+01	5.00000000000000e+01	5.00000000000000e+01	5.00000000000000e+01	6.00000000000000e+01	6.00000000000000e+01	7.00000000000000e+01	8.00000000000000e+01	2.00000000000000e+01	9.00000000000000e+01	2.00000000000000e+01	2.00000000000000e+01	2.00000000000000e+01	2.00000000000000e+01	3.00000000000000e+01	3.00000000000000e+01	3.00000000000000e+01	1.20741672515869e+01	1.18008003234863e+01	0.00000000000000e+00	4.39338302612305e+00	1.15619444847107e-03	4.39338302612305e+00	0.00000000000000e+00	0.00000000000000e+00	3.43761798033625e+01	0.00000000000000e+00	0.00000000000000e+00	2.86145042628050e-02	1.00000000000000e+00	1.67350921630859e+01	3.97455482482910e-02	3.56860756874084e+00	1
72	65	53	71	0.00000000000000e+00	5.37081298828125e+01	-8.94138813018799e+00	-8.43301486968994e+00	-7.50598096847534e+00	-6.53110027313232e+00	-6.02870845794678e+00	-6.14832544326782e+00	-5.54226446151733e+00	-6.00079727172852e+00	-5.65618562698364e+00	-5.30801439285278e+00	-4.78468894958496e+00	-4.71823501586914e+00	-1.35167455673218e+01	-1.22607650756836e+01	-1.10645933151245e+01	-9.98803806304932e+00	-1.01674642562866e+01	-1.07655496597290e+01	-1.01674642562866e+01	0.00000000000000e+00	0.00000000000000e+00	2.00000000000000e+01	1.00000000000000e+01	4.00000000000000e+01	4.00000000000000e+01	4.00000000000000e+01	5.00000000000000e+01	5.00000000000000e+01	5.00000000000000e+01	6.00000000000000e+01	6.00000000000000e+01	7.00000000000000e+01	8.00000000000000e+01	2.00000000000000e+01	9.00000000000000e+01	2.00000000000000e+01	2.00000000000000e+01	2.00000000000000e+01	2.00000000000000e+01	3.00000000000000e+01	3.00000000000000e+01	3.00000000000000e+01	1.20741672515869e+01	1.18008003234863e+01	0.00000000000000e+00	-6.38150739669800e+00	3.63629150390625e-03	-6.38150739669800e+00	0.00000000000000e+00	0.00000000000000e+00	5.48221261980294e+00	0.00000000000000e+00	0.00000000000000e+00	4.07473640441895e+01	1.00000000000000e+00	1.67350921630859e+01	1.99349231719971e-02	9.59092903137207e+00	1
72	65	71	54	0.00000000000000e+00	6.75962066650391e+01	-6.70663058757782e-01	-5.92005014419556e-01	-6.33403956890106e-01	-5.96144914627075e-01	-5.63025772571564e-01	-4.73604023456573e-01	-5.02307236194611e-01	-5.21626770496368e-01	-4.49474334716797e-01	-4.47108715772629e-01	9.51347923278809e+00	-3.73510539531708e-01	-5.13346970081329e-01	-8.94217431545258e-01	-7.86580085754395e-01	-7.45181143283844e-01	-7.67260611057281e-01	-7.83820211887360e-01	-7.78300285339355e-01	0.00000000000000e+00	0.00000000000000e+00	2.00000000000000e+01	1.00000000000000e+01	4.00000000000000e+01	4.00000000000000e+01	4.00000000000000e+01	5.00000000000000e+01	5.00000000000000e+01	5.00000000000000e+01	6.00000000000000e+01	6.00000000000000e+01	7.00000000000000e+01	8.00000000000000e+01	2.00000000000000e+01	9.00000000000000e+01	2.00000000000000e+01	2.00000000000000e+01	2.00000000000000e+01	2.00000000000000e+01	3.00000000000000e+01	3.00000000000000e+01	3.00000000000000e+01	1.20741672515869e+01	1.18008003234863e+01	0.00000000000000e+00	5.03371298313141e-01	3.63629150390625e-03	5.03371298313141e-01	0.00000000000000e+00	0.00000000000000e+00	-3.96001602967588e+01	0.00000000000000e+00	0.00000000000000e+00	-2.97018566131592e+01	1.00000000000000e+00	1.67350921630859e+01	-1.43997726440430e-01	9.59092903137207e+00	1
72	65	55	71	0.00000000000000e+00	6.49129028320312e+01	6.47363424301147e-01	2.64830499887466e-01	8.82768332958221e-02	7.06214681267738e-02	1.76553666591644e-01	2.70715624094009e-01	3.53107333183289e-01	4.21767085790634e-01	3.27885389328003e-01	3.97245764732361e-01	9.12193965911865e+00	2.35404893755913e-01	-8.82768332958221e-02	1.47128060460091e-01	-2.94256098568439e-02	-8.82768332958221e-02	1.17702446877956e-01	1.56936585903168e-01	5.49278080463409e-01	0.00000000000000e+00	0.00000000000000e+00	2.00000000000000e+01	1.00000000000000e+01	4.00000000000000e+01	4.00000000000000e+01	4.00000000000000e+01	5.00000000000000e+01	5.00000000000000e+01	5.00000000000000e+01	6.00000000000000e+01	6.00000000000000e+01	7.00000000000000e+01	8.00000000000000e+01	2.00000000000000e+01	9.00000000000000e+01	2.00000000000000e+01	2.00000000000000e+01	2.00000000000000e+01	2.00000000000000e+01	3.00000000000000e+01	3.00000000000000e+01	3.00000000000000e+01	1.20515060424805e+01	1.18008003234863e+01	0.00000000000000e+00	1.25714707374573e+00	6.55589818954468e-04	1.25714707374573e+00	0.00000000000000e+00	0.00000000000000e+00	6.18045715545053e+01	0.00000000000000e+00	0.00000000000000e+00	3.52151832580566e+01	1.00000000000000e+00	1.67350921630859e+01	4.05184478759766e-02	2.25729823112488e+00	1
72	65	71	56	0.00000000000000e+00	6.37870140075684e+01	3.06432634592056e-01	1.34830355644226e-01	1.59344971179962e-01	-9.80584416538477e-03	-3.92233766615391e-02	1.56893506646156e-01	3.59547615051270e-01	4.00405287742615e-01	3.43204528093338e-01	8.58011320233345e-02	8.04079151153564e+00	3.81338357925415e-01	-8.33496749401093e-01	-8.33496749401093e-01	-4.16748374700546e-01	-9.80584397912025e-02	-3.26861478388309e-02	1.47087663412094e-01	4.90292221307755e-01	0.00000000000000e+00	0.00000000000000e+00	2.00000000000000e+01	1.00000000000000e+01	4.00000000000000e+01	4.00000000000000e+01	4.00000000000000e+01	5.00000000000000e+01	5.00000000000000e+01	5.00000000000000e+01	6.00000000000000e+01	6.00000000000000e+01	7.00000000000000e+01	8.00000000000000e+01	2.00000000000000e+01	9.00000000000000e+01	2.00000000000000e+01	2.00000000000000e+01	2.00000000000000e+01	2.00000000000000e+01	3.00000000000000e+01	3.00000000000000e+01	3.00000000000000e+01	1.20515060424805e+01	1.18008003234863e+01	0.00000000000000e+00	1.10049951076508e+00	6.55589818954468e-04	1.10049951076508e+00	0.00000000000000e+00	0.00000000000000e+00	-7.41852893161288e+01	0.00000000000000e+00	0.00000000000000e+00	-4.65271835327148e+01	1.00000000000000e+00	1.67350921630859e+01	-4.86351203918457e-02	2.25729823112488e+00	1
72	65	57	71	0.00000000000000e+00	6.57304382324219e+01	-3.64197902381420e-02	-9.10494774580002e-02	-1.42037183046341e-01	-1.68987825512886e-01	-1.07802584767342e-01	-1.77728578448296e-01	-2.30658665299416e-01	-2.52510547637939e-01	-3.45467716455460e-01	-3.87870758771896e-01	9.65124416351318e+00	-4.45130765438080e-01	1.67531028389931e-01	-5.82716614007950e-02	2.91358307003975e-02	1.31111249327660e-01	1.74814999103546e-01	1.21399305760860e-01	0.00000000000000e+00	0.00000000000000e+00	0.00000000000000e+00	2.00000000000000e+01	1.00000000000000e+01	4.00000000000000e+01	4.00000000000000e+01	4.00000000000000e+01	5.00000000000000e+01	5.00000000000000e+01	5.00000000000000e+01	6.00000000000000e+01	6.00000000000000e+01	7.00000000000000e+01	8.00000000000000e+01	2.00000000000000e+01	9.00000000000000e+01	2.00000000000000e+01	2.00000000000000e+01	2.00000000000000e+01	2.00000000000000e+01	3.00000000000000e+01	3.00000000000000e+01	3.00000000000000e+01	1.20741672515869e+01	1.18008003234863e+01	0.00000000000000e+00	8.51608932018280e-01	5.27266502380371e-04	8.51608932018280e-01	0.00000000000000e+00	0.00000000000000e+00	-3.10442147377636e+02	0.00000000000000e+00	0.00000000000000e+00	-2.06026005744934e+00	1.00000000000000e+00	1.67350921630859e+01	-1.63685745239258e-01	2.02931022644043e+00	1
72	65	71	58	0.00000000000000e+00	6.74120025634766e+01	3.56083661317825e-01	1.99992194771767e-01	2.14625760912895e-01	6.24365881085396e-02	2.18528062105179e-01	1.36580035090446e-01	1.82106718420982e-01	-7.80457332730293e-02	-2.22987815737724e-01	-1.99992194771767e-01	1.11117620468140e+01	-2.73160099983215e-01	1.30726599693298e+00	8.68258833885193e-01	9.07281637191772e-01	8.19480240345001e-01	7.21923112869263e-01	5.98350644111633e-01	4.35755342245102e-01	0.00000000000000e+00	0.00000000000000e+00	2.00000000000000e+01	1.00000000000000e+01	4.00000000000000e+01	4.00000000000000e+01	4.00000000000000e+01	5.00000000000000e+01	5.00000000000000e+01	5.00000000000000e+01	6.00000000000000e+01	6.00000000000000e+01	7.00000000000000e+01	8.00000000000000e+01	2.00000000000000e+01	9.00000000000000e+01	2.00000000000000e+01	2.00000000000000e+01	2.00000000000000e+01	2.00000000000000e+01	3.00000000000000e+01	3.00000000000000e+01	3.00000000000000e+01	1.20741672515869e+01	1.18008003234863e+01	0.00000000000000e+00	1.23956382274628e+00	5.27266502380371e-04	1.23956382274628e+00	0.00000000000000e+00	0.00000000000000e+00	2.31785153713561e+02	0.00000000000000e+00	0.00000000000000e+00	-1.59859695434570e+01	1.00000000000000e+00	1.67350921630859e+01	1.22212547302246e-01	2.02931022644043e+00	1
72	65	59	71	0.00000000000000e+00	6.58872222900391e+01	3.42528313398361e-01	2.74022668600082e-01	2.66410917043686e-01	2.61843860149384e-01	2.43575692176819e-01	1.03519663214684e-01	1.31936833262444e-01	2.68948167562485e-01	2.08779141306877e-01	1.17981970310211e-01	9.92570972442627e+00	-3.72129529714584e-02	4.56704407930374e-01	2.28352203965187e-01	3.95810484886169e-01	4.11033958196640e-01	5.98790228366852e-01	4.16108459234238e-01	5.07449328899384e-01	0.00000000000000e+00	0.00000000000000e+00	2.00000000000000e+01	1.00000000000000e+01	4.00000000000000e+01	4.00000000000000e+01	4.00000000000000e+01	5.00000000000000e+01	5.00000000000000e+01	5.00000000000000e+01	6.00000000000000e+01	6.00000000000000e+01	7.00000000000000e+01	8.00000000000000e+01	2.00000000000000e+01	9.00000000000000e+01	2.00000000000000e+01	2.00000000000000e+01	2.00000000000000e+01	2.00000000000000e+01	3.00000000000000e+01	3.00000000000000e+01	3.00000000000000e+01	1.20515060424805e+01	1.18008003234863e+01	0.00000000000000e+00	1.25712931156158e+00	5.22862911224365e-04	1.25712931156158e+00	0.00000000000000e+00	0.00000000000000e+00	-1.49787822052068e+02	0.00000000000000e+00	0.00000000000000e+00	1.63676204681396e+01	1.00000000000000e+00	1.67350921630859e+01	-7.83184967041016e-02	2.03435921669006e+00	1
72	65	71	60	0.00000000000000e+00	6.52685623168945e+01	1.09672582149506e+00	1.04322695732117e+00	7.75732874870300e-01	8.66680920124054e-01	7.38283753395081e-01	7.91782557964325e-01	4.45823520421982e-01	2.94243514537811e-01	4.05062496662140e-01	1.93933218717575e-01	9.89728260040283e+00	1.18886269629002e-02	5.88487029075623e-01	8.55981111526489e-01	8.82730543613434e-01	1.01647758483887e+00	9.45145845413208e-01	1.26613879203796e+00	1.17697405815125e+00	0.00000000000000e+00	0.00000000000000e+00	2.00000000000000e+01	1.00000000000000e+01	4.00000000000000e+01	4.00000000000000e+01	4.00000000000000e+01	5.00000000000000e+01	5.00000000000000e+01	5.00000000000000e+01	6.00000000000000e+01	6.00000000000000e+01	7.00000000000000e+01	8.00000000000000e+01	2.00000000000000e+01	9.00000000000000e+01	2.00000000000000e+01	2.00000000000000e+01	2.00000000000000e+01	2.00000000000000e+01	3.00000000000000e+01	3.00000000000000e+01	3.00000000000000e+01	1.20515060424805e+01	1.18008003234863e+01	0.00000000000000e+00	1.62043392658234e+00	5.22862911224365e-04	1.62043392658234e+00	0.00000000000000e+00	0.00000000000000e+00	8.52457887340257e+01	0.00000000000000e+00	0.00000000000000e+00	-1.33534348011017e+00	1.00000000000000e+00	1.67350921630859e+01	4.45718612670898e-02	2.03435921669006e+00	1
72	65	61	71	0.00000000000000e+00	7.12625885009766e+01	1.28292012214661e+00	1.01665365695953e+00	1.11347794532776e+00	6.87451541423798e-01	6.00309789180756e-01	7.06816375255585e-01	4.35708761215210e-01	3.79227966070175e-01	4.63372766971588e-01	6.83820664882660e-01	1.27807893753052e+01	5.27153789997101e-01	2.49322223663330e+00	1.74283492565155e+00	1.69442284107208e+00	1.57339262962341e+00	1.38781297206879e+00	1.27485156059265e+00	1.29098880290985e+00	0.00000000000000e+00	0.00000000000000e+00	2.00000000000000e+01	1.00000000000000e+01	4.00000000000000e+01	4.00000000000000e+01	4.00000000000000e+01	5.00000000000000e+01	5.00000000000000e+01	5.00000000000000e+01	6.00000000000000e+01	6.00000000000000e+01	7.00000000000000e+01	8.00000000000000e+01	2.00000000000000e+01	9.00000000000000e+01	2.00000000000000e+01	2.00000000000000e+01	2.00000000000000e+01	2.00000000000000e+01	3.00000000000000e+01	3.00000000000000e+01	3.00000000000000e+01	1.20515060424805e+01	1.18008003234863e+01	0.00000000000000e+00	1.99597787857056e+00	3.64455318450928e-03	1.99597787857056e+00	0.00000000000000e+00	0.00000000000000e+00	-4.05757581070292e+01	0.00000000000000e+00	0.00000000000000e+00	1.38888549804688e+01	1.00000000000000e+00	1.67350921630859e+01	-1.47880508422852e-01	9.53774642944336e+00	1
72	65	63	71	0.00000000000000e+00	6.39003181457520e+01	-4.00091439485550e-01	-5.71559220552444e-02	-2.85779625177383e-01	-2.17192500829697e-01	-5.71559257805347e-02	-6.85871094465256e-02	-3.61987501382828e-01	-3.81039500236511e-01	-1.22476972639561e-01	-4.28669415414333e-02	8.65912246704102e+00	-3.11182260513306e-01	-4.85825330018997e-01	-9.71650660037994e-01	-8.57338786125183e-01	-6.28715157508850e-01	-5.52507221698761e-01	-5.52507221698761e-01	-4.38195377588272e-01	0.00000000000000e+00	0.00000000000000e+00	2.00000000000000e+01	1.00000000000000e+01	4.00000000000000e+01	4.00000000000000e+01	4.00000000000000e+01	5.00000000000000e+01	5.00000000000000e+01	5.00000000000000e+01	6.00000000000000e+01	6.00000000000000e+01	7.00000000000000e+01	8.00000000000000e+01	2.00000000000000e+01	9.00000000000000e+01	2.00000000000000e+01	2.00000000000000e+01	2.00000000000000e+01	2.00000000000000e+01	3.00000000000000e+01	3.00000000000000e+01	3.00000000000000e+01	1.20515060424805e+01	1.18008003234863e+01	0.00000000000000e+00	6.93446099758148e-01	1.62653303146362e-03	6.93446099758148e-01	0.00000000000000e+00	0.00000000000000e+00	2.56498107494766e+01	0.00000000000000e+00	0.00000000000000e+00	2.35689926147461e+01	1.00000000000000e+00	1.67350921630859e+01	4.17202644348145e-02	4.26747894287109e+00	1
72	65	71	64	0.00000000000000e+00	6.48517761230469e+01	2.04888835549355e-01	1.78164206445217e-02	3.11787337064743e-01	1.21151663362980e-01	7.12656825780869e-02	2.06670477986336e-01	2.73185104131699e-01	2.55368679761887e-01	2.34158664941788e-01	2.58338093757629e-01	9.54960155487061e+00	1.14816933870316e-01	3.74144822359085e-01	1.24714940786362e-01	1.78164213895798e-01	2.13797047734261e-01	2.96940356492996e-01	4.51349288225174e-01	2.96940356492996e-01	0.00000000000000e+00	0.00000000000000e+00	2.00000000000000e+01	1.00000000000000e+01	4.00000000000000e+01	4.00000000000000e+01	4.00000000000000e+01	5.00000000000000e+01	5.00000000000000e+01	5.00000000000000e+01	6.00000000000000e+01	6.00000000000000e+01	7.00000000000000e+01	8.00000000000000e+01	2.00000000000000e+01	9.00000000000000e+01	2.00000000000000e+01	2.00000000000000e+01	2.00000000000000e+01	2.00000000000000e+01	3.00000000000000e+01	3.00000000000000e+01	3.00000000000000e+01	1.20515060424805e+01	1.18008003234863e+01	0.00000000000000e+00	1.21581006050110e+00	1.62653303146362e-03	1.21581006050110e+00	0.00000000000000e+00	0.00000000000000e+00	-4.11425917896553e+01	0.00000000000000e+00	0.00000000000000e+00	-5.47204704284668e+01	1.00000000000000e+00	1.67350921630859e+01	-6.69197845458984e-02	4.26747894287109e+00	1
72	65	66	71	0.00000000000000e+00	6.57651214599609e+01	-2.31279909610748e-01	-1.29244670271873e-01	-1.56454056501389e-01	-2.31279924511909e-01	-2.50326484441757e-01	-3.56443166732788e-01	-3.21977943181992e-01	-2.94768542051315e-01	-2.60432869195938e-01	-2.15974628925323e-01	9.08113861083984e+00	-2.23721772432327e-01	-5.50990402698517e-01	-7.55060911178589e-01	-6.39420926570892e-01	-4.96571600437164e-01	-4.94304150342941e-01	-3.62792015075684e-01	-2.85698741674423e-01	0.00000000000000e+00	0.00000000000000e+00	2.00000000000000e+01	1.00000000000000e+01	4.00000000000000e+01	4.00000000000000e+01	4.00000000000000e+01	5.00000000000000e+01	5.00000000000000e+01	5.00000000000000e+01	6.00000000000000e+01	6.00000000000000e+01	7.00000000000000e+01	8.00000000000000e+01	2.00000000000000e+01	9.00000000000000e+01	2.00000000000000e+01	2.00000000000000e+01	2.00000000000000e+01	2.00000000000000e+01	3.00000000000000e+01	3.00000000000000e+01	3.00000000000000e+01	1.20741672515869e+01	1.18008003234863e+01	0.00000000000000e+00	7.23999559879303e-01	5.43907165527344e-04	7.23999559879303e-01	0.00000000000000e+00	0.00000000000000e+00	-3.22251167749085e+02	0.00000000000000e+00	0.00000000000000e+00	2.32542304992676e+01	1.00000000000000e+00	1.67350921630859e+01	-1.75274719238281e-01	2.00965142250061e+00	1
72	65	71	67	0.00000000000000e+00	6.68525466918945e+01	2.44764178991318e-01	3.77788186073303e-01	4.20355856418610e-01	1.23446270823479e-01	1.36216580867767e-01	1.27703044563532e-02	-3.90203744173050e-02	-2.83784549683332e-02	-4.25676777958870e-02	-6.65120035409927e-02	9.99276351928711e+00	-1.89189687371254e-02	2.66048014163971e-01	-6.38515204191208e-02	-2.12838407605886e-02	1.27703040838242e-01	9.22299847006798e-02	2.12838411331177e-01	2.34122261404991e-01	0.00000000000000e+00	0.00000000000000e+00	2.00000000000000e+01	1.00000000000000e+01	4.00000000000000e+01	4.00000000000000e+01	4.00000000000000e+01	5.00000000000000e+01	5.00000000000000e+01	5.00000000000000e+01	6.00000000000000e+01	6.00000000000000e+01	7.00000000000000e+01	8.00000000000000e+01	2.00000000000000e+01	9.00000000000000e+01	2.00000000000000e+01	2.00000000000000e+01	2.00000000000000e+01	2.00000000000000e+01	3.00000000000000e+01	3.00000000000000e+01	3.00000000000000e+01	1.20741672515869e+01	1.18008003234863e+01	0.00000000000000e+00	1.12291502952576e+00	5.43907165527344e-04	1.12291502952576e+00	0.00000000000000e+00	0.00000000000000e+00	2.05982438175927e+02	0.00000000000000e+00	0.00000000000000e+00	-1.23042364120483e+01	1.00000000000000e+00	1.67350921630859e+01	1.12035324096680e-01	2.00965142250061e+00	1
72	65	68	71	0.00000000000000e+00	6.70037536621094e+01	4.52049314975739e-01	2.67881065607071e-01	-8.37128385901451e-02	-6.69702738523483e-02	-2.67881061881781e-02	9.37583744525909e-02	-4.46468442678452e-02	-6.13894127309322e-02	-2.20045164227486e-01	-2.13467732071877e-01	1.03803920745850e+01	-2.86483913660049e-01	6.52960121631622e-01	5.02277016639709e-02	1.67425677180290e-01	4.35306757688522e-01	5.13438701629639e-01	6.47379219532013e-01	5.24600446224213e-01	0.00000000000000e+00	0.00000000000000e+00	2.00000000000000e+01	1.00000000000000e+01	4.00000000000000e+01	4.00000000000000e+01	4.00000000000000e+01	5.00000000000000e+01	5.00000000000000e+01	5.00000000000000e+01	6.00000000000000e+01	6.00000000000000e+01	7.00000000000000e+01	8.00000000000000e+01	2.00000000000000e+01	9.00000000000000e+01	2.00000000000000e+01	2.00000000000000e+01	2.00000000000000e+01	2.00000000000000e+01	3.00000000000000e+01	3.00000000000000e+01	3.00000000000000e+01	1.20515060424805e+01	1.18008003234863e+01	0.00000000000000e+00	1.10258877277374e+00	5.62621831893921e-04	1.10258877277374e+00	0.00000000000000e+00	0.00000000000000e+00	-1.26572588351505e+02	0.00000000000000e+00	0.00000000000000e+00	4.03276824951172e+01	1.00000000000000e+00	1.67350921630859e+01	-7.12125015258789e-02	1.98893523216248e+00	1
72	65	71	69	0.00000000000000e+00	6.63811569213867e+01	4.60980236530304e-01	5.05591273307800e-01	2.97406613826752e-02	5.94813227653503e-02	2.61717826128006e-01	2.61717826128006e-01	2.67665952444077e-01	1.09049089252949e-01	-1.10465310513973e-01	-2.89971441030502e-01	9.81441783905029e+00	-3.76715064048767e-01	1.18962645530701e-01	-4.16369229555130e-01	0.00000000000000e+00	4.75850582122803e-01	4.75850582122803e-01	6.14640295505524e-01	2.18098178505898e-01	0.00000000000000e+00	0.00000000000000e+00	2.00000000000000e+01	1.00000000000000e+01	4.00000000000000e+01	4.00000000000000e+01	4.00000000000000e+01	5.00000000000000e+01	5.00000000000000e+01	5.00000000000000e+01	6.00000000000000e+01	6.00000000000000e+01	7.00000000000000e+01	8.00000000000000e+01	2.00000000000000e+01	9.00000000000000e+01	2.00000000000000e+01	2.00000000000000e+01	2.00000000000000e+01	2.00000000000000e+01	3.00000000000000e+01	3.00000000000000e+01	3.00000000000000e+01	1.20515060424805e+01	1.18008003234863e+01	0.00000000000000e+00	1.12011206150055e+00	5.62621831893921e-04	1.12011206150055e+00	0.00000000000000e+00	0.00000000000000e+00	7.12537593116725e+01	0.00000000000000e+00	0.00000000000000e+00	-1.30100612640381e+01	1.00000000000000e+00	1.67350921630859e+01	4.00889205932617e-02	1.98893523216248e+00	1
72	65	70	71	0.00000000000000e+00	6.50676956176758e+01	2.18837529420853e-01	8.75350087881088e-02	-7.29458406567574e-02	-1.16713345050812e-01	-2.45098039507866e-01	-2.45098039507866e-01	-1.06987237930298e-01	-2.43152812123299e-01	-2.41763368248940e-01	5.10620921850204e-02	9.86227798461914e+00	-2.13974460959435e-01	2.04248368740082e-01	-1.45891681313515e-01	-2.91783362627029e-02	-8.75350087881088e-02	-2.72331148386002e-01	-2.52878934144974e-01	-1.75070032477379e-01	0.00000000000000e+00	0.00000000000000e+00	2.00000000000000e+01	1.00000000000000e+01	4.00000000000000e+01	4.00000000000000e+01	4.00000000000000e+01	5.00000000000000e+01	5.00000000000000e+01	5.00000000000000e+01	6.00000000000000e+01	6.00000000000000e+01	7.00000000000000e+01	8.00000000000000e+01	2.00000000000000e+01	9.00000000000000e+01	2.00000000000000e+01	2.00000000000000e+01	2.00000000000000e+01	2.00000000000000e+01	3.00000000000000e+01	3.00000000000000e+01	3.00000000000000e+01	1.20515060424805e+01	1.18008003234863e+01	0.00000000000000e+00	9.05583143234253e-01	1.39249897003174e-03	9.05583143234253e-01	0.00000000000000e+00	0.00000000000000e+00	-2.93442400425712e+01	0.00000000000000e+00	0.00000000000000e+00	3.64742317199707e+01	1.00000000000000e+00	1.67350921630859e+01	-4.08618240356445e-02	3.92112731933594e+00	1
0
