72
# x y z
1	0	0
2	0	0
3	0	0
4	0	0
5	0	0
6	0	0
7	0	0
8	0	0
9	0	0
10	0	0
11	0	0
12	0	0
13	0	0
14	0	0
15	0	0
16	0	0
17	0	0
18	0	0
19	0	0
20	0	0
21	0	0
22	0	0
23	0	0
24	0	0
25	0	0
26	0	0
27	0	0
28	0	0
29	0	0
30	0	0
31	0	0
32	0	0
33	0	0
34	0	0
35	0	0
36	0	0
37	0	0
38	0	0
39	0	0
40	0	0
41	0	0
42	0	0
43	0	0
44	0	0
45	0	0
46	0	0
47	0	0
48	0	0
49	0	0
50	0	0
51	0	0
52	0	0
53	0	0
54	0	0
55	0	0
56	0	0
57	0	0
58	0	0
59	0	0
60	0	0
61	0	0
62	0	0
63	0	0
64	0	0
65	0	0
66	0	0
67	0	0
68	0	0
69	0	0
70	0	0
71	0	0
72	0	0
66
# a b m n r
72	65	1	71	2.12780394251262e+02
72	65	71	2	-2.19994328617535e+02
72	65	3	71	2.25766948536205e+02
72	65	71	4	-2.21479543819509e+02
72	65	5	71	2.17873520228112e+02
72	65	71	6	-2.10721429949812e+02
72	65	7	71	2.01930529095092e+02
72	65	71	8	-1.95169036909383e+02
72	65	9	71	2.08899721658907e+02
72	65	71	10	-2.14745293458021e+02
72	65	11	71	2.15426751453625e+02
72	65	71	12	-2.09583017263314e+02
72	65	13	71	2.20936750893034e+02
72	65	71	14	-2.08418126306435e+02
72	65	15	71	1.94897962078585e+02
72	65	71	16	-1.88472835595064e+02
72	65	17	71	1.98288318465029e+02
72	65	71	18	-2.01499931263350e+02
72	65	19	71	1.81032438238031e+02
72	65	71	20	-1.78711656284976e+02
72	65	21	71	1.87000292480019e+02
72	65	71	22	-1.93193483643485e+02
72	65	23	71	1.86322941531043e+02
72	65	71	24	-1.79766317058469e+02
72	65	25	71	1.55700238994119e+02
72	65	71	26	-1.42788094176867e+02
72	65	27	71	1.33472441418249e+02
72	65	71	28	-1.37108358948517e+02
72	65	29	71	1.51616392737315e+02
72	65	71	30	-1.77433343803428e+02
72	65	31	71	1.71715375752648e+02
72	65	71	32	-1.66878715088328e+02
72	65	33	71	8.55695793695961e+01
72	65	71	34	-7.09565758793405e+01
72	65	35	71	7.40286338249405e+01
72	65	71	36	-8.70340056236235e+01
72	65	37	71	1.04892356499782e+02
72	65	71	38	-1.28581163414315e+02
72	65	39	71	1.56392704252596e+02
72	65	71	40	-1.50646281298541e+02
72	65	41	71	-2.96400526587919e+01
72	65	71	42	2.05405123272375e+01
72	65	71	44	-2.83635108913432e+01
72	65	71	46	-8.50736208067127e+01
72	65	47	71	1.08948876234272e+02
72	65	71	48	-1.15146402854119e+02
72	65	49	71	-1.56546365679900e+02
72	65	71	50	1.21334569943234e+02
72	65	51	71	-7.88092458682266e+01
72	65	71	52	3.43761798033625e+01
72	65	53	71	5.48221261980294e+00
72	65	71	54	-3.96001602967588e+01
72	65	55	71	6.18045715545053e+01
72	65	71	56	-7.41852893161288e+01
72	65	57	71	-3.10442147377636e+02
72	65	71	58	2.31785153713561e+02
72	65	59	71	-1.49787822052068e+02
72	65	71	60	8.52457887340257e+01
72	65	61	71	-4.05757581070292e+01
72	65	63	71	2.56498107494766e+01
72	65	71	64	-4.11425917896553e+01
72	65	66	71	-3.22251167749085e+02
72	65	71	67	2.05982438175927e+02
72	65	68	71	-1.26572588351505e+02
72	65	71	69	7.12537593116725e+01
72	65	70	71	-2.93442400425712e+01
0
