0.807196
-2.039242
-0.616164
-3.924196
-1.550633
-0.989222
-0.180958
1.480941
-1.520718
1.277043
-0.040708
1.208160
6.272302
0.000000
1.195581
2.118302
0.180437
1.049882
1.817207
-3.901373
-0.410143
0.432431
-2.780498
-5.843496
2.372817
-4.665445
4.985483
0.450400
0.394076
0.502099
1.275112
2.247680
0.546605
0.923448
-2.945968
-0.699767
-0.756369
1.078073
-29.553167
1.231282
1.892478
2.503044
3.968707
-0.136420
2.346739
-1.385722
-0.685664
13.412018
-0.969334
-7.989453
0.203641
-0.298499
1.701504
1.127685
1.773569
-9.133732
7.273847
0.080048
-0.371341
11.849946
-0.532724
5.307939
-5.136593
-1.291274
0.044023
-0.884919
-0.405472
-1.129931
-2.350777
0.937287
-2.452213
-0.542413
-0.274424
-2.637599
1.825132
-1.971566
-0.358378
-2.530885
-1.275880
-9.663803
-0.467687
-0.819342
-0.599533
-0.203293
-0.361321
-2.172788
0.170765
-1.467888
-2.440706
1.283720
-0.308992
0.949452
-1.463411
0.123871
-1.068536
-1.666194
-0.342853
-3.000058
-1.971537
-2.286247
0.033174
0.201985
-1.200604
-1.317771
-4.901766
-6.871327
-3.526646
-1.653414
2.192140
-1.238441
-1.905080
-0.979359
0.628444
2.469931
0.409695
-0.593772
-0.831589
-2.071481
-1.027120
1.026958
0.555148
-0.070820
-0.067850
-1.689189
3.941664
17.720009
0.240354
-1.089455
-0.189635
0.318132
0.182562
0.115029
1.565011
4.451130
-1.412001
-0.133262
0.601148
-0.218254
-0.346191
-1.271320
-1.669885
-1.132367
-5.770625
-14.217590
-0.238297
0.427664
-0.919639
0.518986
14.508929
1.173996
-0.684021
0.284251
-23.934807
0.162743
0.175819
0.099355
-1.237940
8.474043
-1.438941
0.275523
0.291070
3.030335
-0.290296
-1.542350
-16.753073
-4.478227
-2.269304
-5.821952
1.234484
-1.580056
0.015461
-0.223814
-0.654969
0.543756
-24.228754
0.628307
-0.938818
-0.120825
-0.900568
-1.764829
-1.217386
-2.132028
-1.433616
-0.371116
-0.616039
-0.726440
-1.018137
-0.481144
-1.837306
8.891575
-1.028890
0.359808
-0.827432
-0.367759
-4.699757
-2.678809
41.858856
-3.218045
-5.493672
-2.113017
0.552741
-0.094320
-3.245405
-1.687320
-0.990552
-0.562016
-1.569635
-1.570941
-0.573337
-0.647380
-0.392885
-13.742997
0.029546
-0.245367
8.837533
2.842032
8.890701
5.048895
1.928457
0.917526
22.874561
-12.964908
1.033271
4.585598
7.008941
