1.219030
-2.025463
-0.895182
-4.729773
-2.088608
-1.064592
0.445434
3.412603
-1.069019
1.331676
-0.047492
1.654126
7.610393
0.372517
1.676561
2.693270
-0.051553
1.488565
1.995948
-3.082085
-0.136714
0.487169
-2.658086
-5.856868
1.542331
-4.258279
6.914732
-0.289146
0.646071
0.250017
0.998621
4.712877
1.093211
0.093683
-2.765990
-1.037910
-0.644904
1.164319
-37.707394
1.215938
2.099118
2.862147
4.375571
-0.604147
2.869898
-1.932092
-0.560733
14.172031
-1.652273
-9.475863
0.280326
-0.909711
1.545773
1.352698
2.212320
-9.564569
8.424053
0.168991
-0.455809
11.206663
0.123668
4.741759
-5.925735
-1.650943
0.083853
-2.006503
-0.505648
-1.968818
-2.178301
3.898262
-2.842052
-0.052492
-1.920966
-2.944892
1.609565
-2.065451
0.068393
-2.816861
-1.434233
-7.071978
-1.870748
0.431233
-0.901953
-0.279528
-0.744150
-2.867535
-0.362876
-1.143134
-1.827171
0.940928
-0.186682
1.876564
-1.597410
1.369467
-1.921491
-3.562819
-1.593256
-2.273652
-0.147299
-3.203525
-0.646895
-1.154201
-1.423573
-2.597892
-2.555281
-8.478208
0.751045
-1.566137
0.592038
-1.456643
-1.704545
-0.914731
0.150654
8.000429
0.102424
-0.890658
-0.397107
-3.122681
-1.144201
1.243582
0.662944
0.152371
-0.533111
-1.817482
4.459006
22.026775
0.315219
-1.441766
-0.147739
0.277034
0.409242
0.140241
2.606956
6.108792
-2.424510
-0.333156
1.493174
-0.291005
-0.249829
-1.820120
-2.270847
-1.222290
-7.029488
-16.888908
0.072813
0.365394
-1.001862
0.483801
20.461311
1.388817
-0.383052
0.334561
-30.159138
0.408552
-0.010192
0.099355
-1.592651
7.591986
-1.737541
0.299244
0.085954
4.273143
-0.592361
-1.527424
-19.585255
-5.497485
-2.680553
-6.875084
1.543278
-1.478770
0.170068
0.107244
-0.686918
0.835390
-32.195866
0.524691
-1.109013
-0.047913
-1.107121
-2.772556
-1.352651
-3.178301
-0.911017
-0.813405
-0.280018
-0.660995
-0.726271
-0.066995
-1.608136
8.956319
-1.835862
0.233209
-1.042949
-0.128122
-5.270321
-2.370517
23.869926
-4.041817
-3.738298
-3.308180
0.820918
-0.209362
-3.729794
-1.818710
-1.228665
-0.612253
-2.711187
-0.745611
-0.956253
-0.562227
-0.557348
-6.740196
-0.492436
0.037090
8.993843
1.791716
12.418433
5.824830
2.455796
1.213344
26.348310
-16.174526
1.382000
5.971467
8.438453
