1.021350
-0.261795
-0.296456
-2.679939
-1.408228
-1.102276
0.334076
1.330701
-0.997501
0.761446
0.274777
1.467631
5.519626
-0.455298
1.731530
2.385612
0.315765
1.079456
2.110145
-1.716604
-0.298613
0.314744
-4.048335
-7.722240
1.192340
-1.917074
2.062958
1.348421
0.495947
0.560988
1.444259
6.598028
0.920598
0.200749
-2.979122
-1.049651
-0.613057
0.734577
-21.410728
1.008807
1.195929
1.775492
2.583942
0.555426
1.626774
-1.217455
-0.631915
16.608547
-0.022030
-5.658090
0.018745
1.389442
1.606335
0.718309
1.216581
-1.780790
5.467535
-0.250151
-0.112358
11.460590
-0.917998
5.748302
-3.113522
-0.990566
-0.201772
-0.020580
-0.131182
-1.224092
-1.034853
1.448534
-1.622233
-0.332447
-2.229693
-2.048620
0.883824
-1.304319
-0.229800
-0.993766
-1.117526
-4.332049
-0.882228
-1.897424
-0.416490
-0.382763
-0.750602
-2.108081
-0.124516
-0.794565
-1.119590
0.316558
-0.278414
0.448663
-0.675285
-0.165162
-1.396596
-2.091605
-0.418482
-1.046025
-0.662844
-0.736602
-0.273686
-0.555459
0.008576
-1.342872
-0.750676
-2.096596
-0.571447
-0.741854
0.888057
-0.934728
-0.785428
-0.631363
-0.071023
0.375859
0.008086
-0.247405
-0.310678
-0.904341
-0.694504
1.552471
0.207507
-0.031655
-0.159933
-0.612064
1.383688
7.614674
0.102446
-0.604349
-0.092612
0.179615
0.099648
-0.129210
0.469712
1.709848
-1.112381
-0.161025
0.722347
-0.300926
-0.212354
-0.645531
-0.635443
-0.619471
-2.200491
-7.009449
-0.347516
0.206782
-0.619839
0.282364
8.432540
0.657889
-0.449500
-0.041506
-12.544919
0.164438
-0.068799
0.006900
-0.595914
2.252394
-1.006487
0.008667
0.129907
1.057709
-0.017653
-1.156762
-14.880953
-2.282486
-1.251090
-2.836663
0.516624
-1.931180
-0.005798
-0.101416
-0.450491
0.245537
-12.732829
0.015432
-0.269018
-0.290606
-0.561823
-0.992063
-0.584270
-0.700805
-1.045198
-0.160139
-0.638950
-0.039267
-0.760208
-0.688219
-1.349333
6.161516
1.220546
-0.169909
-0.384852
-0.010677
-3.981269
-2.018481
23.812269
-2.699483
-2.161711
-1.390451
0.473033
-0.244732
-1.626163
-0.622372
-0.345264
-0.469394
-0.909675
-0.855811
-0.300122
-0.371179
-0.307390
-10.022759
-0.041857
-0.223968
4.743411
0.840253
4.893964
2.533305
0.835957
0.329272
11.135215
-5.174292
0.529552
0.934103
3.222900
