-0.164734
-5.373677
-0.534784
-5.742726
-3.101266
-0.414531
0.222717
3.476992
-1.174416
0.710227
-0.284954
1.637909
9.310884
1.531457
2.198769
3.268238
0.111699
1.744874
2.820146
-5.930087
-0.201474
0.558329
-5.106323
-6.685923
1.542331
-6.412867
9.665342
-0.322509
0.820323
0.644671
1.691475
9.933295
1.438435
0.214133
-3.182783
-1.249249
-0.477707
2.046109
-56.796757
0.805511
3.170202
4.442736
4.625400
-1.656533
4.723374
-2.415115
-0.883228
18.866238
-1.409940
-12.457530
0.894659
-1.734137
1.672665
2.233342
3.746482
-19.761030
14.418093
0.257934
-0.347435
18.553629
-0.932268
6.794162
-7.532713
-1.108491
0.153032
-1.255351
-0.076324
-2.682158
-2.951247
5.240286
-4.124749
-1.889698
-3.979144
-4.472822
2.141297
-2.575107
-0.114900
-4.060855
-1.619734
-6.960900
-2.423469
-0.718721
-0.960314
-0.038118
0.172058
-3.010571
-0.697291
-1.939864
-3.439381
1.567047
-0.534298
2.956333
-1.481043
4.087756
-1.780894
-1.985252
-2.117619
-3.152603
-0.725163
-4.530798
-1.194268
-1.269621
-2.058178
-2.819612
-7.476933
-11.171645
-1.240857
-2.501940
0.192012
-2.724571
0.200535
-1.014158
-0.275482
5.906358
0.668449
-1.198540
-0.495216
-3.710116
-1.564629
2.086008
0.754571
0.422776
-1.560561
-1.913702
6.938970
35.777294
0.386143
-1.772396
-0.105843
0.605821
0.535514
0.705930
4.506729
11.370334
-2.865330
-0.510839
2.036146
-0.489418
-0.299794
-2.724258
-3.270807
-1.492060
-10.977280
-24.328859
-0.172103
0.368919
-1.247268
0.383522
35.838295
1.752939
-0.633208
0.684215
-37.345997
0.522133
0.270099
0.551974
-2.568105
15.940020
-1.879119
0.425145
0.468838
7.171264
-0.313834
-2.756329
-32.930111
-7.329979
-4.102584
-11.219255
3.021328
-2.403846
1.074521
0.503581
-1.661384
1.478867
-46.274738
1.000882
-1.273718
0.374975
-1.657927
-3.185046
-1.923771
-6.238155
-1.341808
-1.382788
-0.672043
-1.060209
-1.859796
-1.205905
-1.019408
4.661602
-1.533247
0.413113
-1.808805
-0.260990
-3.846024
-3.207906
48.201107
-2.086099
-6.588072
-3.507374
0.932658
0.110040
-5.577392
-2.171387
-2.333511
-1.048679
-2.158247
-1.275510
-0.633362
-0.705240
-0.531243
-29.936975
-0.768200
-0.165480
9.041939
2.520759
18.209623
7.979025
3.913924
2.028254
40.696396
-25.268440
5.166357
9.470109
12.354449
