1.186083
-1.818783
-0.813802
-3.788604
-1.803797
-1.309542
-0.027840
1.416552
-1.520718
1.379480
-0.081416
1.021666
7.108609
-0.620861
1.786500
2.088041
0.425316
0.931585
1.310772
-5.774033
-0.021586
0.202531
-2.570649
-6.899872
1.150816
-4.546689
4.679859
0.189057
0.705049
0.301673
0.979104
5.546694
0.798331
0.709315
-2.406032
-0.920499
-0.222930
0.884764
-29.741705
1.357862
1.795185
2.333504
4.154294
0.097443
1.978037
-1.290701
-0.644989
11.266094
-0.484667
-8.369904
0.140589
0.170571
1.395810
1.041142
1.674875
-7.841223
7.338647
-0.031130
-0.275717
10.969664
-0.523212
5.150667
-5.308770
-1.079009
0.025156
-1.193612
-0.410243
-1.198411
-2.261345
-0.745569
-2.653420
-0.507419
-2.229693
-2.620527
1.875431
-1.864270
-0.082071
-2.159117
-1.271355
-9.441647
-2.529762
-1.609936
-0.506685
-0.412940
-0.438747
-2.799423
0.120959
-1.337987
-1.916738
1.049362
-0.247837
0.953175
-1.336465
1.094197
-2.183938
-4.555445
-1.492417
-1.881392
-0.691171
-2.355737
0.481024
-0.317405
0.222969
-1.706827
-2.803850
-5.647038
0.065308
-1.464314
1.424091
-1.433053
-0.885695
-0.909760
0.288395
0.429553
-0.323443
-1.264514
-0.149499
-2.635728
-0.239484
1.091142
0.449149
0.046141
-0.547650
-1.486059
3.740474
17.071398
0.654079
-0.964791
-0.293272
0.232891
0.138443
0.044121
1.462490
4.088900
-1.432665
0.144367
0.533276
-0.112434
-0.399726
-1.062066
-1.275812
-0.696073
-4.511763
-12.826740
0.139007
0.418265
-0.869039
0.476764
12.307788
1.151440
-0.510084
0.218848
-22.458933
0.201733
-0.020385
0.104875
-1.198922
6.646925
-1.495572
0.270962
0.164093
2.739465
0.074536
-1.666733
-17.473118
-3.838480
-1.793642
-5.325112
1.058922
-1.991951
0.448361
0.083930
-0.632604
0.792116
-26.338764
0.279982
-0.439213
-0.229151
-0.798669
-2.010234
-1.281261
-1.480575
-0.974576
-0.721897
-0.132372
-1.210733
-0.176477
-0.542048
-1.529112
8.244130
0.242092
0.719616
-1.092980
-0.192184
-4.310928
-3.187075
26.406826
-2.963209
-4.355929
-2.433290
0.533373
-0.185068
-3.466840
-0.968135
-0.876257
-0.210364
-2.354452
-0.825330
-0.600245
-0.494541
-0.413769
-0.612745
-0.827293
0.131243
8.669200
1.902926
9.278141
4.609552
1.745917
0.830697
19.771528
-12.332710
1.039729
4.415761
6.419809
