-1.677385
-1.609483
-0.834782
-0.226538
-1.162520
-1.078224
-0.721723
-0.702801
-0.509712
-0.411184
-0.366641
-0.715347
-0.842704
-0.730226
-0.623777
-0.606142
-0.534320
-0.273207
-0.471906
-0.758317
-0.580855
-0.624510
-0.453787
-0.693217
-0.402080
-0.396983
-0.731988
-0.804523
-0.662337
-0.834195
-0.427956
-0.415640
-2.215637
-1.546626
-0.449030
-0.810716
-1.022806
-0.626364
-0.604179
-0.551398
1.247456
1.185220
2.332089
-1.619839
-0.698991
-0.731507
-0.547642
-0.143952
0.067881
-0.302279
0.192901
2.075812
-5.616634
-1.087909
-0.716375
-0.805671
-0.504621
-0.546027
-0.680026
0.374165
0.723539
83.333328
-0.185130
-0.993898
-0.895546
-0.675977
-0.262605
0.079923
0.451264
-1.277043
1.777627
118.164055
