-1.686880
-1.244413
-0.850298
-0.352052
-1.064365
-0.671579
-0.545919
-0.551761
-0.262579
-0.478692
-0.305534
-0.480957
-0.565859
-0.678285
-0.590142
-0.511241
-0.265616
-0.463531
-0.551579
-0.593200
-0.412713
-0.401033
-0.459920
-0.463167
-0.498703
-0.539649
-0.589914
-0.585668
-0.662337
-0.381698
-0.615764
-0.440271
-1.807851
-1.201923
-0.558933
-0.767062
-0.718141
-0.533340
-0.489540
-0.827097
0.728906
1.013318
-0.621891
-1.576835
-0.528505
-0.754265
-0.472537
-0.406820
-0.132677
-0.202558
-0.146605
1.590704
-6.005019
-0.730140
-0.706356
-0.584424
-0.611017
-0.546027
-0.408639
0.021586
0.422065
114.583328
-1.357622
-0.770464
-0.540363
-0.372098
-0.293868
-0.031081
0.767148
-0.688602
1.143569
84.960938
