-2.835730
-2.476128
-1.638530
-0.269397
-2.686985
-1.762125
-1.665515
-1.294634
-1.223310
-1.018755
-1.063258
-1.875122
-2.214759
-1.833203
-1.553327
-1.065341
-1.309547
-1.117387
-1.716023
-1.932485
-2.078850
-2.020474
-0.919839
-0.920200
-1.957411
-2.270246
-2.100218
-2.219373
-2.057867
-1.674547
-1.674877
-1.403941
-6.850805
-5.279391
-2.072448
-2.993414
-3.171011
-1.351955
-1.462423
-1.660389
5.635567
7.780834
-17.101990
-5.447248
-2.898254
-2.926030
-1.514620
-1.251752
1.518069
0.261767
1.774691
7.761733
-29.756214
-3.971962
-1.062039
-0.768101
-0.401265
-0.012340
0.262028
1.597398
3.238699
552.083374
-4.393760
-3.667407
-0.473577
-0.744195
0.612745
2.983802
5.550541
-4.306891
5.344203
539.062500
