-2.038181
-2.158675
-1.303376
-0.300010
-1.496859
-1.675867
-1.270726
-0.739791
-0.834075
-0.564611
-0.476633
-1.528103
-1.338590
-1.307685
-0.929550
-0.667369
-0.840087
-0.927063
-0.974456
-1.265900
-1.057768
-1.108199
-0.466052
-0.601197
-0.978705
-1.172340
-1.179828
-1.146676
-1.182965
-1.132782
-0.991379
-0.892857
-3.656481
-2.757620
-1.174387
-1.640142
-1.541982
-0.917841
-0.842752
-1.059427
2.475344
3.818037
-10.261193
-2.508601
-1.201923
-1.404494
-0.957591
-0.769828
0.580075
-0.199442
0.601852
3.203971
-14.340343
-1.343458
-1.112135
-0.734705
-0.674854
-0.246792
-0.361849
0.820286
1.860529
239.583328
-1.357622
-2.403846
-0.874296
-0.601558
-0.106293
0.239770
1.534296
-1.878005
1.653080
283.203125
