-2.823071
-2.298354
-1.415094
-0.391850
-2.171672
-1.774448
-1.233715
-1.343953
-1.186240
-0.994207
-0.391083
-1.631599
-1.983548
-1.882088
-1.333170
-0.538793
-1.420735
-1.424361
-1.691508
-1.516634
-1.491880
-1.812304
-0.993426
-0.797507
-1.633254
-2.071755
-2.075509
-1.861807
-1.996254
-1.625295
-1.453202
-1.453202
-6.742062
-4.680697
-2.047327
-2.457094
-2.748209
-1.215519
-1.536784
-1.499306
4.363650
7.237985
-4.975124
-5.676605
-2.676623
-2.470870
-1.351893
-0.863709
1.246544
0.249302
1.589506
7.581227
-26.649137
-3.563084
-1.182270
-0.567726
-0.547179
0.061698
-0.087343
1.870827
3.583242
510.416656
-5.479858
-3.451677
-1.020012
-0.831018
0.587735
2.220091
5.144404
-4.707532
3.623188
531.250000
