-3.392749
-2.615807
-1.353029
-0.428585
-2.527483
-2.131802
-1.554481
-1.159006
-1.396303
-0.932836
-1.112143
-1.996883
-2.153913
-2.004302
-1.834638
-1.298002
-1.568986
-1.301572
-2.365660
-1.944716
-1.956564
-2.057210
-1.520801
-1.091971
-2.306503
-2.741663
-2.149634
-2.478299
-2.661672
-2.228625
-1.699507
-1.182266
-7.503263
-5.678520
-2.662781
-3.355119
-3.394847
-2.120957
-1.586357
-1.709952
5.479023
10.495078
-23.320894
-6.221330
-2.420895
-3.433208
-1.752454
-1.502103
1.579779
0.398883
1.990741
9.657040
-33.460804
-3.095794
-1.522924
-1.335827
-0.340467
0.468904
0.311939
2.417684
3.858876
635.416687
-3.307662
-3.913955
-0.461434
-0.868228
0.837835
3.179170
7.129963
-5.058093
7.653986
718.750000
