-1.750177
-1.447582
-0.943396
-0.333684
-1.113442
-0.982724
-0.842010
-0.829182
-0.500445
-0.457212
-0.241372
-0.648378
-0.742309
-0.693562
-0.467833
-0.422463
-0.311944
-0.343811
-0.548514
-0.819472
-0.657283
-0.618388
-0.407795
-0.395686
-0.486236
-0.406287
-0.673305
-0.770616
-0.440531
-0.775709
-0.458744
-0.508005
-2.079709
-1.596517
-0.599754
-0.792008
-0.851821
-0.536441
-0.793179
-0.390315
0.758258
0.642371
-6.685323
-1.397649
-0.771447
-0.695745
-0.760440
-0.657170
0.012342
-0.208790
-0.088735
1.940433
-7.050669
-1.182827
-0.275529
-0.471714
-0.483341
-0.382527
-0.570848
0.338188
0.671858
98.090271
-0.345577
-0.816691
-0.883403
-0.499231
-0.340761
-0.084363
1.015343
-0.964042
1.098279
128.906250
