-2.835730
-1.587261
-0.744786
0.795944
-2.306635
-1.109030
-0.851263
-0.517854
-0.951463
-0.405047
-0.048885
-1.193259
-1.606308
-1.307685
-0.966243
-0.453076
-1.297193
-0.564833
-1.826339
-1.479941
-1.063882
-1.702096
-0.490581
-0.257656
-2.181827
-2.505955
-2.026092
-1.787828
-2.390576
-1.489854
-1.256158
-0.615764
-11.744237
-7.637881
-3.843449
-3.679405
-3.668424
-1.959714
-1.078227
-1.276269
11.153726
18.058771
-42.910446
-9.174312
-3.750682
-5.149813
-1.239235
-0.300421
3.714949
2.330973
5.030864
16.696751
-51.983746
-4.848131
-1.462809
0.100187
0.984922
2.134748
2.096227
5.439788
11.852261
1152.777710
-8.293839
-5.393245
1.275015
0.334888
3.251301
7.051009
11.823105
-7.912660
12.771739
1332.031250
