-160.849407
-184.242921
-229.357776
-303.496836
-290.886253
-230.920951
-197.773759
-182.466364
-144.249720
-163.694558
-190.757978
-221.722691
-223.392829
-200.741898
-178.757981
-168.266772
-116.077819
-129.618670
-146.702082
-162.527604
-169.847354
-163.674060
-153.093503
-147.912451
-75.049757
-87.384385
-100.944033
-115.617246
-122.987989
-127.308220
-124.509932
-122.683206
-24.471785
-36.856222
-53.669056
-70.740140
-81.729533
-90.316977
-94.780105
-96.138063
35.748785
19.389530
-2.285031
-24.806153
-42.047644
-55.511454
-64.986294
-70.091590
105.362584
80.700559
47.721688
16.452047
-6.223212
-25.611886
-37.403506
-45.020733
184.216065
141.752210
91.672731
52.729049
22.161768
0.220254
-15.559879
-24.936619
189.714686
125.723453
78.843725
43.776725
17.255869
-15.532201
17.227626
0.200566
