-1.367227
-1.539644
-0.918570
-0.336746
-1.070500
-1.010450
-0.743313
-0.594915
-0.583852
-0.386636
-0.336087
-0.614894
-0.666253
-0.598846
-0.645181
-0.440831
-0.274881
-0.365300
-0.625123
-0.648239
-0.449398
-0.523486
-0.521242
-0.349676
-0.545457
-0.334954
-0.358272
-0.693554
-0.613047
-0.652581
-0.661946
-0.375616
-2.263212
-1.152032
-0.602894
-0.695345
-0.506740
-0.651171
-0.548409
-0.542104
1.081129
1.329980
1.088308
-1.053612
-0.528505
-0.663233
-0.303550
-0.391173
-0.104907
-0.395767
-0.088735
1.680957
-3.047323
-0.956484
-0.646241
-0.425795
-0.452943
-0.280726
-0.386804
0.158301
-0.060295
108.506950
-0.481339
-1.225037
-0.634472
-0.496130
-0.309499
0.097684
0.891245
-1.690204
0.328351
83.984375
