-2.145787
-1.853921
-1.185452
-0.165312
-1.687034
-1.472545
-1.141186
-1.109686
-0.951463
-0.816231
-0.794388
-1.339373
-1.502872
-1.356570
-1.229207
-0.893907
-0.969806
-0.927063
-1.385075
-1.449364
-1.167824
-1.163303
-0.858517
-0.754564
-1.178187
-1.587932
-1.476329
-1.553561
-1.546481
-1.545262
-1.262315
-0.979064
-4.961396
-3.628447
-1.325111
-2.182698
-1.908824
-1.203116
-0.768392
-1.183337
3.189574
5.175159
-6.063433
-3.698395
-1.542894
-2.145755
-1.170389
-1.151612
0.573904
-0.280465
0.524691
4.557762
-16.909655
-1.752337
-1.573020
-0.884985
-0.687014
-0.370188
-0.393043
1.201646
2.532387
378.472198
-3.307662
-2.373028
-1.020012
-0.812413
0.362645
1.145567
2.572202
-1.777845
3.464674
398.437500
