-2.209085
-1.657101
-0.924777
-0.214293
-1.736111
-1.343158
-0.863600
-1.004883
-0.895858
-0.503240
-0.519408
-1.138467
-1.381182
-1.228246
-0.819472
-0.606142
-0.648597
-0.730599
-0.753824
-1.100783
-0.880454
-1.010237
-0.766533
-0.674813
-0.947536
-0.924226
-1.037755
-1.097357
-1.022772
-0.972715
-1.096059
-0.966749
-3.180731
-2.285922
-1.048784
-1.471762
-1.386540
-0.886833
-0.737408
-0.594766
1.839386
3.655182
-10.416667
-2.752293
-1.500273
-1.456513
-0.726016
-0.726016
0.394945
-0.529767
0.424383
3.339350
-11.532026
-0.788551
-0.801539
-0.893334
-0.717412
-0.364018
-0.149730
0.518075
1.981119
265.625000
-1.925355
-1.972387
-0.953225
-0.824816
-0.081283
0.603865
1.692238
-1.577524
1.607790
249.999985
