-1.784991
-1.612657
-0.993049
-0.122453
-1.202395
-1.145998
-0.851263
-0.770616
-0.840253
-0.656667
-0.372751
-0.949737
-1.046534
-0.916601
-0.544276
-0.826558
-0.555940
-0.399067
-0.998970
-0.862280
-0.807083
-0.765331
-0.674549
-0.478504
-0.760523
-0.818777
-1.031577
-0.967893
-0.868740
-0.788022
-0.757389
-0.757389
-3.207917
-1.932148
-0.910621
-1.272201
-1.243534
-0.930244
-0.799375
-0.755849
1.692627
1.719021
-0.310945
-1.992546
-0.681942
-1.170412
-0.682205
-0.444372
-0.215985
-0.461209
0.501543
2.053249
-9.022466
-1.270444
-0.480923
-0.910032
-0.869407
-0.573791
-0.542773
0.323797
1.223126
217.013901
-0.765205
-1.171105
-0.989654
-0.440316
-0.268858
0.417377
1.240975
-1.677684
1.086957
216.796875
