-1.690045
-1.695195
-0.887537
-0.257151
-1.337358
-1.330836
-0.684712
-0.856924
-0.691973
-0.490966
-0.299423
-0.590542
-0.766647
-0.714949
-0.831703
-0.532670
-0.438575
-0.724460
-0.778339
-0.733855
-0.727597
-0.636755
-0.692945
-0.503043
-0.766756
-0.657503
-1.111880
-0.838430
-0.850256
-1.200502
-0.591133
-0.646552
-2.106894
-1.877721
-0.734777
-1.110058
-1.287057
-0.700784
-0.768392
-0.551398
1.682843
1.773306
2.953980
-1.849197
-0.886525
-0.838795
-1.126577
-0.700981
0.037026
-0.579627
0.455247
2.414260
-9.321223
-0.642523
0.210404
-0.559378
-0.680934
-0.030849
-0.561489
0.489293
0.913038
152.777771
-0.592417
-1.433062
-0.837867
-0.434114
-0.506453
0.195368
0.654332
-1.151843
0.951087
189.453125
