-3.468706
-2.717391
-1.601291
-0.489812
-3.030526
-2.205737
-1.961607
-1.516571
-1.507513
-1.350157
-1.209914
-2.276934
-2.470308
-2.248729
-1.724560
-1.285756
-1.853133
-1.583988
-2.500490
-2.189335
-2.042164
-2.167418
-1.557594
-1.447782
-2.655596
-3.089023
-2.631449
-2.700237
-2.932768
-2.487195
-2.019705
-1.514778
-9.460635
-6.349782
-3.504321
-3.741768
-3.655989
-2.654296
-1.834226
-1.734734
6.731371
12.919803
-28.296021
-7.282110
-3.171031
-4.408552
-2.052874
-1.714901
1.888329
0.922417
2.654321
10.649819
-40.272465
-4.410047
-1.763386
-0.834892
-0.097276
0.629319
0.474147
2.906977
5.719405
791.666687
-5.677330
-4.992603
-0.910725
-0.955051
1.125450
4.333618
7.716607
-5.458734
9.556160
996.093811
