-1.974884
-1.999949
-1.253724
-0.397972
-1.779054
-1.706674
-1.091838
-0.912409
-1.118278
-0.730312
-0.501075
-1.424605
-1.162140
-1.295463
-1.002935
-0.606142
-0.932744
-0.693762
-1.017356
-1.308708
-1.057768
-1.108199
-0.968897
-0.662544
-0.847796
-1.228166
-1.377496
-1.368613
-1.306191
-1.311318
-1.182266
-0.738916
-4.173010
-3.156749
-1.155547
-1.565306
-1.622811
-0.955051
-1.028654
-1.040841
2.984111
4.487551
-9.328358
-2.881307
-1.287166
-1.450010
-0.563289
-0.957591
0.543049
-0.311627
0.570988
4.467509
-19.060707
-2.146612
-0.721385
-1.102057
-0.772130
-0.012340
-0.449191
0.906631
1.963892
180.555557
-1.431675
-1.972387
-0.977511
-0.787607
-0.068778
0.914678
3.181408
-2.529046
2.219203
347.656250
