-1.993873
-1.606308
-0.937190
-0.434708
-1.410974
-1.102869
-0.906780
-0.856924
-0.691973
-0.423458
-0.378862
-0.578366
-0.888337
-0.941044
-0.868395
-0.710227
-0.593003
-0.669204
-0.943812
-0.917319
-0.978282
-1.010237
-0.711342
-0.453965
-0.804159
-0.980052
-0.982161
-1.048037
-0.930353
-0.972715
-0.862069
-0.855911
-2.895281
-1.841437
-0.954582
-1.278437
-1.299493
-0.694582
-0.786982
-0.836390
2.299233
2.243775
-0.466418
-1.849197
-0.954719
-1.586558
-0.644652
-0.876227
0.092565
-0.137116
0.324074
2.436823
-11.771032
-1.577103
-0.310596
-0.567726
-0.565418
-0.684847
-0.592683
0.518075
1.171444
159.722214
-1.283570
-1.309788
-1.020012
-0.868228
-0.193828
0.435138
1.985559
-1.878005
1.721014
318.359375
