-2.278712
-2.069789
-1.501986
-0.244906
-2.073518
-1.725158
-1.122681
-1.122016
-0.790826
-0.797820
-0.672174
-1.388077
-1.423773
-1.845424
-1.100783
-1.004114
-1.037755
-0.945481
-1.654736
-1.186399
-1.259538
-1.322492
-1.017955
-0.969278
-1.259226
-1.811235
-1.630757
-1.615210
-1.922319
-1.588357
-1.219212
-1.243842
-5.600261
-3.755443
-1.494675
-2.257534
-2.138878
-1.103890
-0.991473
-1.177141
3.267846
4.740880
-6.218905
-4.357798
-1.585516
-2.028714
-1.276788
-1.114060
0.814573
0.024930
0.848765
5.144404
-19.956978
-2.540888
-0.901731
-0.651216
-0.656615
-0.148075
0.037433
1.424706
2.446251
447.916687
-3.307662
-1.448471
-0.910725
-0.731792
0.662765
1.065644
2.752708
-2.954728
4.347826
433.593750
