-1.845124
-1.606308
-0.980635
-0.097962
-1.226934
-1.204530
-0.798830
-0.591833
-0.549872
-0.607571
-0.348309
-0.800580
-0.915718
-0.702728
-0.791952
-0.462260
-0.704191
-0.512647
-0.698666
-0.620719
-0.816254
-0.728595
-0.383266
-0.708554
-0.604678
-0.787763
-0.775227
-0.964811
-1.010450
-0.821882
-0.689655
-0.640394
-2.134080
-1.587446
-0.668835
-1.200484
-1.100527
-0.527138
-0.520523
-0.408902
1.359972
1.999493
1.166045
-1.999713
-0.596699
-1.167161
-0.885615
-0.560159
0.129591
-0.177628
0.096451
2.651173
-8.843212
-1.336157
-0.786510
-0.070966
-0.747811
-0.462734
-0.402401
0.413741
0.887197
184.895828
-1.209518
-1.787475
-0.701258
-0.672877
-0.040641
-0.071043
1.173285
-0.463241
1.109601
180.664062
