-2.519243
-2.171374
-1.427507
-0.244906
-2.282097
-1.749803
-1.332412
-1.208325
-0.617833
-0.675079
-0.378862
-1.704656
-1.776675
-2.126515
-1.235323
-0.893907
-0.963629
-1.191061
-1.924397
-1.541096
-1.283995
-1.812304
-1.201923
-0.957008
-1.583383
-2.183406
-1.914904
-1.689189
-2.304318
-1.711485
-1.453202
-1.071429
-6.361461
-3.828012
-1.595157
-2.270006
-2.300537
-1.215519
-1.412850
-1.127577
3.933156
6.695136
-13.370646
-5.619266
-2.114021
-2.535892
-1.276788
-0.350491
1.271228
0.299162
1.435185
5.370036
-21.988525
-2.862150
-0.741424
-0.801496
-0.352626
0.160415
0.012478
1.611789
2.825248
493.055542
-3.455766
-2.496302
-1.117156
-0.917841
0.312625
1.491901
4.106498
-5.058093
4.710145
398.437500
