-13.336365
-16.375036
-9.977573
-13.904188
-3.909652
6.179591
5.411652
4.024557
7.788641
12.523988
-16.304635
-17.718219
-4.406925
-19.271382
-8.911709
11.480432
6.189825
-2.956673
11.460526
16.339335
-27.989581
2.641880
-1.101181
-13.958819
-20.176977
-8.212923
27.745461
-2.327222
-8.581787
85.878353
-21.447057
0.364642
-5.687259
-16.898207
-24.359825
-19.185918
42.746896
-60.036889
106.451784
-17.198319
-3.112896
-12.306714
-19.769945
-22.293523
-25.799840
-22.418311
47.287248
40.605911
-15.058642
32.754040
-26.398076
-35.304224
-36.773680
-33.867208
-28.796932
-23.109808
24.894556
48.434643
-15.554406
-17.385012
-72.282196
-73.259846
-54.050611
-42.428849
-33.825798
-24.423352
32.745987
21.753301
26.600568
-47.700171
-107.159331
-70.241188
-48.147306
-38.265813
-25.163901
-8.481037
-42.189019
-46.249696
-47.698213
-37.438344
-85.928986
-86.876054
-67.721018
-49.889790
-39.741250
-23.758172
-33.461686
-12.993537
-48.678934
-48.906692
9.682627
20.168100
44.790236
61.192656
126.160752
158.986610
17.677683
5.513951
-112.772132
-58.133386
6.744343
8.531634
51.385662
79.865349
102.070968
112.660285
90.953247
-81.782358
-25.374829
16.131773
5.381761
28.120856
49.158724
67.970208
78.397845
74.140182
-38.493262
-99.847316
-82.239168
-23.415101
10.710716
30.676022
44.522891
53.986215
60.503155
56.075892
42.557806
27.499753
42.555801
-108.443848
4.771382
35.455270
42.172552
-27.364800
-26.053099
10.877320
22.775789
-7.763937
-27.665503
-14.853301
46.670256
37.066700
25.220483
22.292046
-85.480697
-13.152848
-40.685244
-66.745104
-48.913784
-10.423368
-0.652568
23.495898
-14.636600
8.538324
-9.942743
4.097460
3.487388
24.999150
47.137668
30.255128
41.515372
155.671196
85.655413
-146.165031
-66.109009
-57.608366
-69.937913
50.062978
47.369312
26.627128
-75.147241
-23.476898
243.576557
-11.774585
95.484306
-362.947967
6.597610
198.524206
19.526643
-5.139610
-14.024457
-23.725389
-0.120177
-2.848855
-141.523797
-62.090130
17.919991
-16.069830
35.028451
42.435575
31.731703
20.106121
17.578236
57.898212
62.738490
-183.028596
22.947768
64.188331
70.707441
74.572431
1.244515
16.314072
17.350747
26.211059
69.446596
76.163940
-227.453778
-3.890616
14.491409
46.234924
74.046026
82.918666
110.909195
165.426067
92.174206
-583.141817
10.095916
13.838264
-17.682758
9.660569
55.329639
-128.404732
65.706717
72.860161
87.501047
-253.391928
-1.845740
11.584269
63.185162
71.924979
97.923826
-246.212696
-7.175862
43.363843
58.782970
73.287785
113.002394
185.567167
-473.341728
8.043434
48.958279
49.587990
77.778793
127.087930
-307.371037
22.822544
31.386991
-32.740677
22.051080
35.317003
-10.877853
