-133.779660
-153.122456
-193.530010
-262.364530
-251.160509
-196.445467
-166.154713
-151.568271
-118.196857
-136.077791
-159.741486
-185.140170
-187.231822
-167.495718
-150.673133
-141.097707
-94.072888
-106.370318
-121.398269
-136.533057
-140.348109
-136.827306
-128.911614
-123.069336
-60.875192
-70.836358
-83.399849
-95.436315
-101.429658
-105.495541
-102.429833
-101.972793
-19.334180
-29.351962
-43.350168
-57.642121
-67.251651
-74.564098
-77.642491
-79.355788
29.201452
-19.909634
-33.988682
-46.025022
-52.918912
-57.070286
86.152101
66.821769
39.420622
13.742487
-20.523364
-30.456169
-36.822151
152.806636
116.418093
75.488946
43.086991
18.260735
-20.341094
156.176882
102.812187
65.557058
35.740887
14.289763
