72
# x y z
1	0	0
2	0	0
3	0	0
4	0	0
5	0	0
6	0	0
7	0	0
8	0	0
9	0	0
10	0	0
11	0	0
12	0	0
13	0	0
14	0	0
15	0	0
16	0	0
17	0	0
18	0	0
19	0	0
20	0	0
21	0	0
22	0	0
23	0	0
24	0	0
25	0	0
26	0	0
27	0	0
28	0	0
29	0	0
30	0	0
31	0	0
32	0	0
33	0	0
34	0	0
35	0	0
36	0	0
37	0	0
38	0	0
39	0	0
40	0	0
41	0	0
42	0	0
43	0	0
44	0	0
45	0	0
46	0	0
47	0	0
48	0	0
49	0	0
50	0	0
51	0	0
52	0	0
53	0	0
54	0	0
55	0	0
56	0	0
57	0	0
58	0	0
59	0	0
60	0	0
61	0	0
62	0	0
63	0	0
64	0	0
65	0	0
66	0	0
67	0	0
68	0	0
69	0	0
70	0	0
71	0	0
72	0	0
64
# a b m n M1 M10 M11 M12 M13 M14 M15 M16 M17 M18 M19 M2 M20 M3 M4 M5 M6 M7 M8 M9 TM0 TM1 TM10 TM11 TM12 TM13 TM14 TM15 TM16 TM17 TM18 TM19 TM2 TM20 TM3 TM4 TM5 TM6 TM7 TM8 TM9 bat_rx bat_tx c err fit gm i ip iperr k m0 r rhoa rs_check sp stacks tau temp u vab valid 
72	65	71	1	-2.56609249114990e+00	-1.67108952999115e+00	-1.80252361297607e+00	-1.74619472026825e+00	-1.32685768604279e+00	-1.12031841278076e+00	-9.35684978961945e-01	-6.25876247882843e-01	-4.03690189123154e-01	-2.09668546915054e-01	-1.56469065696001e-02	-3.39224934577942e+00	5.00700958073139e-02	-2.49098730087280e+00	-2.59112763404846e+00	-2.12797927856445e+00	-2.26567196846008e+00	-1.71490097045898e+00	-1.88388752937317e+00	-1.82755863666534e+00	4.00000000000000e+01	4.00000000000000e+01	8.00000000000000e+01	8.00000000000000e+01	8.00000000000000e+01	8.00000000000000e+01	8.00000000000000e+01	1.60000000000000e+02	1.60000000000000e+02	1.60000000000000e+02	1.60000000000000e+02	1.60000000000000e+02	4.00000000000000e+01	1.60000000000000e+02	4.00000000000000e+01	4.00000000000000e+01	4.00000000000000e+01	4.00000000000000e+01	4.00000000000000e+01	8.00000000000000e+01	8.00000000000000e+01	1.22781124114990e+01	1.22477998733521e+01	2.87210064641245e-01	0.00000000000000e+00	5.82578587777316e-01	-1.07706344127655e+00	3.55991601943970e-04	-1.07706344127655e+00	0.00000000000000e+00	7.52591003492418e+00	1.74210453748901e+01	-1.33779659870461e+02	-1.00681368468784e+03	0.00000000000000e+00	-2.30348529815674e+01	1.00000000000000e+00	1.07979498547971e+00	2.11339206695557e+01	-4.76244354248047e-02	1.76389446258545e+01	1
72	65	71	2	-1.76177787780762e+00	-1.54617571830750e+00	-1.60777628421783e+00	-1.18889212608337e+00	-1.10265123844147e+00	-1.04105055332184e+00	-9.79450047016144e-01	-8.65488827228546e-01	-1.20737230777740e+00	-5.91365993022919e-01	-8.00808191299438e-01	-2.34082388877869e+00	-5.82125961780548e-01	-1.83569872379303e+00	-1.70017731189728e+00	-1.76177787780762e+00	-1.95890009403229e+00	-2.10674142837524e+00	-1.67553699016571e+00	-1.50305533409119e+00	4.00000000000000e+01	4.00000000000000e+01	8.00000000000000e+01	8.00000000000000e+01	8.00000000000000e+01	8.00000000000000e+01	8.00000000000000e+01	1.60000000000000e+02	1.60000000000000e+02	1.60000000000000e+02	1.60000000000000e+02	1.60000000000000e+02	4.00000000000000e+01	1.60000000000000e+02	4.00000000000000e+01	4.00000000000000e+01	4.00000000000000e+01	4.00000000000000e+01	4.00000000000000e+01	8.00000000000000e+01	8.00000000000000e+01	1.22781124114990e+01	1.22477998733521e+01	2.99640833870431e-01	0.00000000000000e+00	1.42591771728992e-01	-1.17561388015747e+00	3.16005229949951e-04	-1.17561388015747e+00	0.00000000000000e+00	7.52548810555730e+00	1.13094121860586e+01	-1.53122456093229e+02	-1.15232122202332e+03	0.00000000000000e+00	-3.78954315185547e+01	1.00000000000000e+00	1.01558868197845e+00	2.11339206695557e+01	-4.83874969482422e-02	1.55143537521362e+01	1
72	65	71	3	-1.61923456192017e+00	-1.36776244640350e+00	-1.12855744361877e+00	-1.25122678279877e+00	-1.17762506008148e+00	-1.11015701293945e+00	-9.59887146949768e-01	-1.04268896579742e+00	-8.74018669128418e-01	-9.35353279113770e-01	-9.66020643711090e-01	-2.53925418853760e+00	-7.69749760627747e-01	-2.52698731422424e+00	-2.31844949722290e+00	-2.09764480590820e+00	-1.84003925323486e+00	-1.58243381977081e+00	-1.48429822921753e+00	-1.46589803695679e+00	4.00000000000000e+01	4.00000000000000e+01	8.00000000000000e+01	8.00000000000000e+01	8.00000000000000e+01	8.00000000000000e+01	8.00000000000000e+01	1.60000000000000e+02	1.60000000000000e+02	1.60000000000000e+02	1.60000000000000e+02	1.60000000000000e+02	4.00000000000000e+01	1.60000000000000e+02	4.00000000000000e+01	4.00000000000000e+01	4.00000000000000e+01	4.00000000000000e+01	4.00000000000000e+01	8.00000000000000e+01	8.00000000000000e+01	1.22781124114990e+01	1.22477998733521e+01	2.99806409141437e-01	0.00000000000000e+00	1.56786277874403e-01	-1.21524369716644e+00	2.51110076904297e-04	-1.21524369716644e+00	0.00000000000000e+00	7.52504668088305e+00	1.12319568537710e+01	-1.93530010482021e+02	-1.45632236302899e+03	0.00000000000000e+00	1.38333114624023e+02	1.00000000000000e+00	1.01461707037612e+00	2.11339206695557e+01	-4.85973358154297e-02	1.23749980926514e+01	1
72	65	71	4	-5.43583273887634e-01	-9.90529596805573e-01	-7.79136121273041e-01	-9.66370344161987e-01	-7.00618505477905e-01	-7.91215717792511e-01	-7.39877283573151e-01	-8.21414768695831e-01	-6.64379537105560e-01	-6.91558778285980e-01	-7.45917141437531e-01	-1.77570545673370e+00	-6.76459252834320e-01	-1.64282953739166e+00	-1.42539632320404e+00	-1.37707781791687e+00	-1.36499798297882e+00	-1.24420177936554e+00	-1.08112680912018e+00	-1.05696749687195e+00	4.00000000000000e+01	4.00000000000000e+01	8.00000000000000e+01	8.00000000000000e+01	8.00000000000000e+01	8.00000000000000e+01	8.00000000000000e+01	1.60000000000000e+02	1.60000000000000e+02	1.60000000000000e+02	1.60000000000000e+02	1.60000000000000e+02	4.00000000000000e+01	1.60000000000000e+02	4.00000000000000e+01	4.00000000000000e+01	4.00000000000000e+01	4.00000000000000e+01	4.00000000000000e+01	8.00000000000000e+01	8.00000000000000e+01	1.22781124114990e+01	1.22477998733521e+01	3.00274770533896e-01	0.00000000000000e+00	2.49103301574545e-01	-8.76981079578400e-01	1.88100337982178e-04	-8.76981079578400e-01	0.00000000000000e+00	7.52458454071242e+00	1.18758495983877e+01	-2.62364530071614e+02	-1.97418408700815e+03	0.00000000000000e+00	1.83668365478516e+02	1.00000000000000e+00	1.02114396801368e+00	2.11339206695557e+01	-4.93508567810059e-02	9.24467182159424e+00	1
72	65	71	5	-3.51027393341064e+00	-2.12818002700806e+00	-1.82240700721741e+00	-1.74902153015137e+00	-1.58390402793884e+00	-1.64505875110626e+00	-1.42490220069885e+00	-1.11301374435425e+00	-8.98972570896149e-01	-8.56164395809174e-01	-5.93199610710144e-01	-3.90166330337524e+00	-4.58659499883652e-01	-3.59589028358459e+00	-3.03326797485352e+00	-2.86203503608704e+00	-2.71526432037354e+00	-2.47064566612244e+00	-2.73972606658936e+00	-2.22602748870850e+00	4.00000000000000e+01	4.00000000000000e+01	8.00000000000000e+01	8.00000000000000e+01	8.00000000000000e+01	8.00000000000000e+01	8.00000000000000e+01	1.60000000000000e+02	1.60000000000000e+02	1.60000000000000e+02	1.60000000000000e+02	1.60000000000000e+02	4.00000000000000e+01	1.60000000000000e+02	4.00000000000000e+01	4.00000000000000e+01	4.00000000000000e+01	4.00000000000000e+01	4.00000000000000e+01	8.00000000000000e+01	8.00000000000000e+01	1.23007726669312e+01	1.22477998733521e+01	2.99215400501419e-01	0.00000000000000e+00	7.46317405755362e-02	-1.58349645137787e+00	1.94060802459717e-04	-1.58349645137787e+00	0.00000000000000e+00	7.52410036784687e+00	1.10239662170062e+01	-2.51160508630751e+02	-1.88975687537724e+03	0.00000000000000e+00	-1.54424118041992e+02	1.00000000000000e+00	1.01273019957074e+00	2.11339206695557e+01	-4.87404098510742e-02	9.40535163879395e+00	1
72	65	71	6	-1.93107545375824e+00	-1.37403452396393e+00	-1.57209348678589e+00	-1.42354929447174e+00	-1.41735982894897e+00	-1.23167955875397e+00	-1.26881563663483e+00	-1.12955534458160e+00	-1.17907011508942e+00	-1.25643694400787e+00	-1.42973852157593e+00	-2.84709858894348e+00	-1.06456720829010e+00	-2.43860173225403e+00	-2.19102787971497e+00	-1.94345414638519e+00	-2.21578526496887e+00	-1.96821165084839e+00	-1.78253126144409e+00	-1.71444845199585e+00	4.00000000000000e+01	4.00000000000000e+01	8.00000000000000e+01	8.00000000000000e+01	8.00000000000000e+01	8.00000000000000e+01	8.00000000000000e+01	1.60000000000000e+02	1.60000000000000e+02	1.60000000000000e+02	1.60000000000000e+02	1.60000000000000e+02	4.00000000000000e+01	1.60000000000000e+02	4.00000000000000e+01	4.00000000000000e+01	4.00000000000000e+01	4.00000000000000e+01	4.00000000000000e+01	8.00000000000000e+01	8.00000000000000e+01	1.23007726669312e+01	1.22477998733521e+01	2.99994443482011e-01	0.00000000000000e+00	1.45268529184741e-01	-1.46398651599884e+00	2.45149850845337e-04	-1.46398651599884e+00	0.00000000000000e+00	7.52359273867076e+00	1.10154488596318e+01	-1.96445467126614e+02	-1.47797569001858e+03	0.00000000000000e+00	3.01503772735596e+01	1.00000000000000e+00	1.01203383063234e+00	2.11339206695557e+01	-4.81585769653320e-02	1.19772558212280e+01	1
72	65	71	7	-1.68717730045319e+00	-9.80051577091217e-01	-1.19715166091919e+00	-1.15993452072144e+00	-1.09790587425232e+00	-1.12892019748688e+00	-9.61443066596985e-01	-6.01677238941193e-01	-8.31183016300201e-01	-6.76111519336700e-01	-7.75357306003571e-01	-2.34468054771423e+00	-7.50545799732208e-01	-1.98491466045380e+00	-1.83604609966278e+00	-1.47628021240234e+00	-1.41425168514252e+00	-1.58793163299561e+00	-1.69958317279816e+00	-1.30880308151245e+00	4.00000000000000e+01	4.00000000000000e+01	8.00000000000000e+01	8.00000000000000e+01	8.00000000000000e+01	8.00000000000000e+01	8.00000000000000e+01	1.60000000000000e+02	1.60000000000000e+02	1.60000000000000e+02	1.60000000000000e+02	1.60000000000000e+02	4.00000000000000e+01	1.60000000000000e+02	4.00000000000000e+01	4.00000000000000e+01	4.00000000000000e+01	4.00000000000000e+01	4.00000000000000e+01	8.00000000000000e+01	8.00000000000000e+01	1.22781124114990e+01	1.22477998733521e+01	2.99709593402831e-01	0.00000000000000e+00	1.61443080779558e-01	-1.06358349323273e+00	2.89210319519043e-04	-1.06358349323273e+00	0.00000000000000e+00	7.52306011266156e+00	1.14370682538851e+01	-1.66154712638372e+02	-1.24999189118048e+03	0.00000000000000e+00	3.00359191894531e+02	1.00000000000000e+00	1.01696892665175e+00	2.11339206695557e+01	-4.80536575317383e-02	1.43537788391113e+01	1
72	65	71	8	-1.89318943023682e+00	-1.28068697452545e+00	-1.18169665336609e+00	-9.58968520164490e-01	-1.19407045841217e+00	-1.12601470947266e+00	-1.06414568424225e+00	-8.59978199005127e-01	-8.97099614143372e-01	-9.49688196182251e-01	-7.33146846294403e-01	-2.61086916923523e+00	-6.74371361732483e-01	-2.00455355644226e+00	-1.85606801509857e+00	-1.83132052421570e+00	-1.58384466171265e+00	-1.44773304462433e+00	-1.40442490577698e+00	-1.46010696887970e+00	4.00000000000000e+01	4.00000000000000e+01	8.00000000000000e+01	8.00000000000000e+01	8.00000000000000e+01	8.00000000000000e+01	8.00000000000000e+01	1.60000000000000e+02	1.60000000000000e+02	1.60000000000000e+02	1.60000000000000e+02	1.60000000000000e+02	4.00000000000000e+01	1.60000000000000e+02	4.00000000000000e+01	4.00000000000000e+01	4.00000000000000e+01	4.00000000000000e+01	4.00000000000000e+01	8.00000000000000e+01	8.00000000000000e+01	1.23007726669312e+01	1.22477998733521e+01	2.99748304579923e-01	0.00000000000000e+00	1.28182189412912e-01	-1.13673865795135e+00	3.17861080169678e-04	-1.13673865795135e+00	0.00000000000000e+00	7.52250082067316e+00	1.13301051773443e+01	-1.51568270769859e+02	-1.14017244125427e+03	0.00000000000000e+00	2.35585006713867e+02	1.00000000000000e+00	1.01576123896940e+00	2.11339206695557e+01	-4.81776542663574e-02	1.59484577178955e+01	1
72	65	71	9	-1.40128958225250e+00	-8.61855089664459e-01	-8.99057507514954e-01	-5.64236104488373e-01	-8.30853164196014e-01	-6.94444417953491e-01	-7.84350156784058e-01	-6.63442432880402e-01	-4.65029746294022e-01	-4.92931544780731e-01	-4.99131917953491e-01	-1.93452382087708e+00	-4.40228164196014e-01	-1.83531749248505e+00	-1.43849205970764e+00	-1.05406749248505e+00	-1.26488089561462e+00	-1.21527779102325e+00	-1.09747016429901e+00	-1.12847220897675e+00	4.00000000000000e+01	4.00000000000000e+01	8.00000000000000e+01	8.00000000000000e+01	8.00000000000000e+01	8.00000000000000e+01	8.00000000000000e+01	1.60000000000000e+02	1.60000000000000e+02	1.60000000000000e+02	1.60000000000000e+02	1.60000000000000e+02	4.00000000000000e+01	1.60000000000000e+02	4.00000000000000e+01	4.00000000000000e+01	4.00000000000000e+01	4.00000000000000e+01	4.00000000000000e+01	8.00000000000000e+01	8.00000000000000e+01	1.23007726669312e+01	1.22477998733521e+01	2.99330307203386e-01	0.00000000000000e+00	1.69956136493152e-01	-7.92824149131775e-01	4.06717538833618e-04	-7.92824149131775e-01	0.00000000000000e+00	7.52191305182544e+00	1.20443165253962e+01	-1.18196857137330e+02	-8.89066482386030e+02	0.00000000000000e+00	-4.03753738403320e+01	1.00000000000000e+00	1.02378866563293e+00	2.11339206695557e+01	-4.80727348327637e-02	2.07568073272705e+01	1
72	65	71	10	-1.09714007377625e+00	-6.59516751766205e-01	-8.81410241127014e-01	-7.51972436904907e-01	-8.13609480857849e-01	-8.44428062438965e-01	-7.70463585853577e-01	-6.71844184398651e-01	-8.81410241127014e-01	-6.10207140445709e-01	-6.10207140445709e-01	-2.25591731071472e+00	-3.97559195756912e-01	-1.30670619010925e+00	-1.25739645957947e+00	-1.59023678302765e+00	-1.44230771064758e+00	-1.30670619010925e+00	-9.98520731925964e-01	-1.08481264114380e+00	4.00000000000000e+01	4.00000000000000e+01	8.00000000000000e+01	8.00000000000000e+01	8.00000000000000e+01	8.00000000000000e+01	8.00000000000000e+01	1.60000000000000e+02	1.60000000000000e+02	1.60000000000000e+02	1.60000000000000e+02	1.60000000000000e+02	4.00000000000000e+01	1.60000000000000e+02	4.00000000000000e+01	4.00000000000000e+01	4.00000000000000e+01	4.00000000000000e+01	4.00000000000000e+01	8.00000000000000e+01	8.00000000000000e+01	1.22781124114990e+01	1.22477998733521e+01	2.99663086980611e-01	0.00000000000000e+00	2.07710287397695e-01	-8.46482574939728e-01	3.55376720428467e-04	-8.46482574939728e-01	0.00000000000000e+00	7.52129483880730e+00	1.19050340796573e+01	-1.36077791001759e+02	-1.02348118713783e+03	0.00000000000000e+00	-4.10335121154785e+01	1.00000000000000e+00	1.02203038569596e+00	2.11339206695557e+01	-4.83588790893555e-02	1.83621120452881e+01	1
72	65	71	11	-1.66092514991760e+00	-7.07431137561798e-01	-8.73523652553558e-01	-8.73523652553558e-01	-1.00885832309723e+00	-9.28887784481049e-01	-8.12007844448090e-01	-5.65944910049438e-01	-5.93626976013184e-01	-5.01353383064270e-01	-6.95127964019775e-01	-2.11614179611206e+00	-6.27460658550262e-01	-2.01771664619446e+00	-1.58710634708405e+00	-1.55019688606262e+00	-1.20570874214172e+00	-1.57480311393738e+00	-1.40871059894562e+00	-1.00270676612854e+00	4.00000000000000e+01	4.00000000000000e+01	8.00000000000000e+01	8.00000000000000e+01	8.00000000000000e+01	8.00000000000000e+01	8.00000000000000e+01	1.60000000000000e+02	1.60000000000000e+02	1.60000000000000e+02	1.60000000000000e+02	1.60000000000000e+02	4.00000000000000e+01	1.60000000000000e+02	4.00000000000000e+01	4.00000000000000e+01	4.00000000000000e+01	4.00000000000000e+01	4.00000000000000e+01	8.00000000000000e+01	8.00000000000000e+01	1.22781124114990e+01	1.22477998733521e+01	2.99503371742646e-01	0.00000000000000e+00	2.08150142473801e-01	-9.00043725967407e-01	3.03329229354858e-04	-9.00043725967407e-01	0.00000000000000e+00	7.52064404136975e+00	1.17465219928609e+01	-1.59741485787047e+02	-1.20135885324391e+03	0.00000000000000e+00	-3.96409301757812e+01	1.00000000000000e+00	1.02051173814206e+00	2.11339206695557e+01	-4.84542617797852e-02	1.56154012680054e+01	1
72	65	71	12	-1.50705742835999e+00	-1.38453233242035e+00	-1.20074498653412e+00	-1.75210726261139e+00	-1.21299743652344e+00	-1.10885119438171e+00	-1.07209372520447e+00	-6.92266166210175e-01	-7.71907448768616e-01	-7.19834327697754e-01	-7.10644960403442e-01	-2.62203478813171e+00	-8.97495567798615e-01	-2.07067227363586e+00	-1.88688480854034e+00	-1.66633975505829e+00	-1.87463235855103e+00	-1.58057248592377e+00	-1.29263865947723e+00	-1.31101739406586e+00	4.00000000000000e+01	4.00000000000000e+01	8.00000000000000e+01	8.00000000000000e+01	8.00000000000000e+01	8.00000000000000e+01	8.00000000000000e+01	1.60000000000000e+02	1.60000000000000e+02	1.60000000000000e+02	1.60000000000000e+02	1.60000000000000e+02	4.00000000000000e+01	1.60000000000000e+02	4.00000000000000e+01	4.00000000000000e+01	4.00000000000000e+01	4.00000000000000e+01	4.00000000000000e+01	8.00000000000000e+01	8.00000000000000e+01	1.22781124114990e+01	1.22477998733521e+01	2.99752406315981e-01	0.00000000000000e+00	1.77103053608475e-01	-1.13757646083832e+00	2.62798547744751e-04	-1.13757646083832e+00	0.00000000000000e+00	7.51995832774975e+00	1.13367908051062e+01	-1.85140169670050e+02	-1.39224636071129e+03	0.00000000000000e+00	-3.31549263000488e+01	1.00000000000000e+00	1.01581439964466e+00	2.11339206695557e+01	-4.86545677185059e-02	1.35836362838745e+01	1
72	65	71	13	-1.73372030258179e+00	-1.88127100467682e+00	-1.33410394191742e+00	-1.17425739765167e+00	-1.08818614482880e+00	-1.39558339118958e+00	-1.11892592906952e+00	-9.56005334854126e-01	-1.17733132839203e+00	-9.80597078800201e-01	-9.65227246284485e-01	-3.08626794815063e+00	-9.16043698787689e-01	-2.80346274375916e+00	-2.52065730094910e+00	-1.94275033473969e+00	-2.21325993537903e+00	-2.11489272117615e+00	-2.09030103683472e+00	-1.57387375831604e+00	4.00000000000000e+01	4.00000000000000e+01	8.00000000000000e+01	8.00000000000000e+01	8.00000000000000e+01	8.00000000000000e+01	8.00000000000000e+01	1.60000000000000e+02	1.60000000000000e+02	1.60000000000000e+02	1.60000000000000e+02	1.60000000000000e+02	4.00000000000000e+01	1.60000000000000e+02	4.00000000000000e+01	4.00000000000000e+01	4.00000000000000e+01	4.00000000000000e+01	4.00000000000000e+01	8.00000000000000e+01	8.00000000000000e+01	1.22781124114990e+01	1.22477998733521e+01	2.99799141740867e-01	0.00000000000000e+00	1.79884123354368e-01	-1.37659299373627e+00	2.58945703506470e-04	-1.37659299373627e+00	0.00000000000000e+00	7.51923515372265e+00	1.10884920725837e+01	-1.87231821835435e+02	-1.40784009664054e+03	0.00000000000000e+00	-6.70347518920898e+01	1.00000000000000e+00	1.01301035011382e+00	2.11339206695557e+01	-4.84828758239746e-02	1.35697517395020e+01	1
72	65	71	14	-2.03844618797302e+00	-1.32190155982971e+00	-1.33425581455231e+00	-1.21689069271088e+00	-1.12423408031464e+00	-1.19218230247498e+00	-1.08408284187317e+00	-1.06863999366760e+00	-7.84492969512939e-01	-9.26566481590271e-01	-9.04946625232697e-01	-2.47084403038025e+00	-7.04190611839294e-01	-2.01373791694641e+00	-2.31023907661438e+00	-2.03844618797302e+00	-1.96432113647461e+00	-1.79136192798615e+00	-1.47632944583893e+00	-1.33425581455231e+00	4.00000000000000e+01	4.00000000000000e+01	8.00000000000000e+01	8.00000000000000e+01	8.00000000000000e+01	8.00000000000000e+01	8.00000000000000e+01	1.60000000000000e+02	1.60000000000000e+02	1.60000000000000e+02	1.60000000000000e+02	1.60000000000000e+02	4.00000000000000e+01	1.60000000000000e+02	4.00000000000000e+01	4.00000000000000e+01	4.00000000000000e+01	4.00000000000000e+01	4.00000000000000e+01	8.00000000000000e+01	8.00000000000000e+01	1.23007726669312e+01	1.22477998733521e+01	2.99737806992689e-01	0.00000000000000e+00	1.21182616817404e-01	-1.21153712272644e+00	2.88090705871582e-04	-1.21153712272644e+00	0.00000000000000e+00	7.51847173893091e+00	1.12303545445278e+01	-1.67495718092590e+02	-1.25931182287108e+03	0.00000000000000e+00	-2.46086616516113e+01	1.00000000000000e+00	1.01465844343124e+00	2.11339206695557e+01	-4.82539596557617e-02	1.49752206802368e+01	1
72	65	71	15	-2.00495028495789e+00	-1.31188118457794e+00	-1.28094053268433e+00	-1.23762369155884e+00	-1.17574250698090e+00	-1.19430685043335e+00	-1.03341579437256e+00	-9.99381184577942e-01	-9.77722704410553e-01	-7.45668292045593e-01	-7.70420789718628e-01	-2.56188106536865e+00	-6.49752438068390e-01	-2.48762369155884e+00	-2.53712868690491e+00	-2.38861370086670e+00	-1.78217816352844e+00	-1.73267328739166e+00	-1.57797026634216e+00	-1.56559395790100e+00	4.00000000000000e+01	4.00000000000000e+01	8.00000000000000e+01	8.00000000000000e+01	8.00000000000000e+01	8.00000000000000e+01	8.00000000000000e+01	1.60000000000000e+02	1.60000000000000e+02	1.60000000000000e+02	1.60000000000000e+02	1.60000000000000e+02	4.00000000000000e+01	1.60000000000000e+02	4.00000000000000e+01	4.00000000000000e+01	4.00000000000000e+01	4.00000000000000e+01	4.00000000000000e+01	8.00000000000000e+01	8.00000000000000e+01	1.22554521560669e+01	1.22477998733521e+01	2.99612478588287e-01	0.00000000000000e+00	1.21645473386110e-01	-1.21974694728851e+00	3.19686174392700e-04	-1.21974694728851e+00	0.00000000000000e+00	7.51766504007633e+00	1.12316188216272e+01	-1.50673133158471e+02	-1.13271014562420e+03	0.00000000000000e+00	-3.59400901794434e+01	1.00000000000000e+00	1.01476776670606e+00	2.11339206695557e+01	-4.81681175231934e-02	1.67718582153320e+01	1
72	65	71	16	-1.79313421249390e+00	-1.22427785396576e+00	-1.31702613830566e+00	-1.10679662227631e+00	-1.23664426803589e+00	-9.70765709877014e-01	-9.30574834346771e-01	-8.87292265892029e-01	-8.47101330757141e-01	-8.47101330757141e-01	-7.88360714912415e-01	-2.49802136421204e+00	-7.07978844642639e-01	-2.18886017799377e+00	-2.10229539871216e+00	-2.08992862701416e+00	-1.81786704063416e+00	-1.78076779842377e+00	-1.68183612823486e+00	-1.66328656673431e+00	4.00000000000000e+01	4.00000000000000e+01	8.00000000000000e+01	8.00000000000000e+01	8.00000000000000e+01	8.00000000000000e+01	8.00000000000000e+01	1.60000000000000e+02	1.60000000000000e+02	1.60000000000000e+02	1.60000000000000e+02	1.60000000000000e+02	4.00000000000000e+01	1.60000000000000e+02	4.00000000000000e+01	4.00000000000000e+01	4.00000000000000e+01	4.00000000000000e+01	4.00000000000000e+01	8.00000000000000e+01	8.00000000000000e+01	1.22781124114990e+01	1.22477998733521e+01	2.99670667968871e-01	0.00000000000000e+00	1.23623049590137e-01	-1.17123949527740e+00	3.41651678085327e-04	-1.17123949527740e+00	0.00000000000000e+00	7.51681172049155e+00	1.12814003309033e+01	-1.41097706824397e+02	-1.06060489639211e+03	0.00000000000000e+00	-2.61729335784912e+01	1.00000000000000e+00	1.01527471351645e+00	2.11339206695557e+01	-4.82062683105469e-02	1.83837604522705e+01	1
72	65	71	17	-2.12618660926819e+00	-1.22997426986694e+00	-1.12490105628967e+00	-9.95104789733887e-01	-9.76562440395355e-01	-9.88924026489258e-01	-8.25133502483368e-01	-6.98427557945251e-01	-6.73704504966736e-01	-6.39710247516632e-01	-6.67523741722107e-01	-2.81843376159668e+00	-6.86066091060638e-01	-2.20035600662231e+00	-2.22507905960083e+00	-1.80478632450104e+00	-1.84187102317810e+00	-1.68117082118988e+00	-1.52047073841095e+00	-1.21143198013306e+00	4.00000000000000e+01	4.00000000000000e+01	8.00000000000000e+01	8.00000000000000e+01	8.00000000000000e+01	8.00000000000000e+01	8.00000000000000e+01	1.60000000000000e+02	1.60000000000000e+02	1.60000000000000e+02	1.60000000000000e+02	1.60000000000000e+02	4.00000000000000e+01	1.60000000000000e+02	4.00000000000000e+01	4.00000000000000e+01	4.00000000000000e+01	4.00000000000000e+01	4.00000000000000e+01	8.00000000000000e+01	8.00000000000000e+01	1.22781124114990e+01	1.22477998733521e+01	2.99431334165307e-01	0.00000000000000e+00	1.64216508172119e-01	-1.05677521228790e+00	5.12638092041016e-04	-1.05677521228790e+00	0.00000000000000e+00	7.51590811552066e+00	1.14463335145352e+01	-9.40728875990624e+01	-7.07043179356256e+02	0.00000000000000e+00	-6.15598068237305e+01	1.00000000000000e+00	1.01731071596976e+00	2.11339206695557e+01	-4.82253456115723e-02	2.76396121978760e+01	1
72	65	71	18	-1.73269760608673e+00	-1.29645109176636e+00	-1.11826586723328e+00	-1.37632715702057e+00	-1.03838968276978e+00	-1.17970895767212e+00	-9.43152785301208e-01	-8.54060113430023e-01	-8.66348803043365e-01	-7.58823275566101e-01	-7.31173813343048e-01	-2.62976789474487e+00	-6.60514116287231e-01	-2.18737721443176e+00	-1.78185212612152e+00	-1.75727474689484e+00	-1.63438856601715e+00	-1.57294523715973e+00	-1.21657490730286e+00	-1.36403858661652e+00	4.00000000000000e+01	4.00000000000000e+01	8.00000000000000e+01	8.00000000000000e+01	8.00000000000000e+01	8.00000000000000e+01	8.00000000000000e+01	1.60000000000000e+02	1.60000000000000e+02	1.60000000000000e+02	1.60000000000000e+02	1.60000000000000e+02	4.00000000000000e+01	1.60000000000000e+02	4.00000000000000e+01	4.00000000000000e+01	4.00000000000000e+01	4.00000000000000e+01	4.00000000000000e+01	8.00000000000000e+01	8.00000000000000e+01	1.22781124114990e+01	1.22477998733521e+01	2.99703113083060e-01	0.00000000000000e+00	1.28770402698814e-01	-1.10515797138214e+00	4.56062316894531e-04	-1.10515797138214e+00	0.00000000000000e+00	7.51495019303572e+00	1.13631836775117e+01	-1.06370318015290e+02	-7.99367641902275e+02	0.00000000000000e+00	-6.42781982421875e+01	1.00000000000000e+00	1.01615653409535e+00	2.11339206695557e+01	-4.85114936828613e-02	2.48170928955078e+01	1
72	65	71	19	-2.47050166130066e+00	-1.45034420490265e+00	-1.48721730709076e+00	-1.20452320575714e+00	-1.49336290359497e+00	-1.08161258697510e+00	-1.21988701820374e+00	-1.24446904659271e+00	-1.02015733718872e+00	-8.23500514030457e-01	-7.49754190444946e-01	-3.09734535217285e+00	-9.15683388710022e-01	-2.60570311546326e+00	-2.76548695564270e+00	-1.96656835079193e+00	-2.31071782112122e+00	-2.06489682197571e+00	-1.75762045383453e+00	-1.57325470447540e+00	4.00000000000000e+01	4.00000000000000e+01	8.00000000000000e+01	8.00000000000000e+01	8.00000000000000e+01	8.00000000000000e+01	8.00000000000000e+01	1.60000000000000e+02	1.60000000000000e+02	1.60000000000000e+02	1.60000000000000e+02	1.60000000000000e+02	4.00000000000000e+01	1.60000000000000e+02	4.00000000000000e+01	4.00000000000000e+01	4.00000000000000e+01	4.00000000000000e+01	4.00000000000000e+01	8.00000000000000e+01	8.00000000000000e+01	1.22781124114990e+01	1.22477998733521e+01	2.99670235432413e-01	0.00000000000000e+00	1.48951194817355e-01	-1.36157536506653e+00	3.99527549743652e-04	-1.36157536506653e+00	0.00000000000000e+00	7.51393350829161e+00	1.10978098865947e+01	-1.21398269421271e+02	-9.12178524453098e+02	0.00000000000000e+00	-4.08427467346191e+01	1.00000000000000e+00	1.01323223354730e+00	2.16226787567139e+01	-4.85019531250000e-02	2.20038757324219e+01	1
72	65	71	20	-2.17851495742798e+00	-1.44618940353394e+00	-1.37234139442444e+00	-1.34772551059723e+00	-1.18772149085999e+00	-1.16925954818726e+00	-1.00617849826813e+00	-8.76944661140442e-01	-9.41561579704285e-01	-9.47715580463409e-01	-9.35407638549805e-01	-3.00315093994141e+00	-9.50792610645294e-01	-2.89237880706787e+00	-2.67083501815796e+00	-2.25236296653748e+00	-1.68619537353516e+00	-1.79696726799011e+00	-1.61234724521637e+00	-1.52619135379791e+00	4.00000000000000e+01	4.00000000000000e+01	8.00000000000000e+01	8.00000000000000e+01	8.00000000000000e+01	8.00000000000000e+01	8.00000000000000e+01	1.60000000000000e+02	1.60000000000000e+02	1.60000000000000e+02	1.60000000000000e+02	1.60000000000000e+02	4.00000000000000e+01	1.60000000000000e+02	4.00000000000000e+01	4.00000000000000e+01	4.00000000000000e+01	4.00000000000000e+01	4.00000000000000e+01	8.00000000000000e+01	8.00000000000000e+01	1.22781124114990e+01	1.22477998733521e+01	2.99729973010956e-01	0.00000000000000e+00	1.76428868261607e-01	-1.29863035678864e+00	3.54750633239746e-04	-1.29863035678864e+00	0.00000000000000e+00	7.51285315217181e+00	1.11435651937595e+01	-1.36533056618179e+02	-1.02575280478954e+03	0.00000000000000e+00	-3.67317657470703e+01	1.00000000000000e+00	1.01370708321291e+00	2.11339206695557e+01	-4.84351882934570e-02	1.95968723297119e+01	1
72	65	71	21	-2.00501871109009e+00	-1.41458368301392e+00	-1.42073404788971e+00	-1.43918514251709e+00	-1.43918514251709e+00	-1.37153112888336e+00	-1.23622322082520e+00	-1.12244141101837e+00	-1.06093776226044e+00	-8.91802787780762e-01	-8.27223956584930e-01	-2.58315277099609e+00	-8.08772861957550e-01	-2.26333379745483e+00	-2.02962017059326e+00	-2.12802577018738e+00	-2.10342454910278e+00	-1.72210192680359e+00	-1.67904937267303e+00	-1.56834280490875e+00	4.00000000000000e+01	4.00000000000000e+01	8.00000000000000e+01	8.00000000000000e+01	8.00000000000000e+01	8.00000000000000e+01	8.00000000000000e+01	1.60000000000000e+02	1.60000000000000e+02	1.60000000000000e+02	1.60000000000000e+02	1.60000000000000e+02	4.00000000000000e+01	1.60000000000000e+02	4.00000000000000e+01	4.00000000000000e+01	4.00000000000000e+01	4.00000000000000e+01	4.00000000000000e+01	8.00000000000000e+01	8.00000000000000e+01	1.23007726669312e+01	1.22477998733521e+01	2.99806588346806e-01	0.00000000000000e+00	7.94967085365259e-02	-1.31754469871521e+00	3.45311403274536e-04	-1.31754469871521e+00	0.00000000000000e+00	7.51170369169472e+00	1.11238410907155e+01	-1.40348108629114e+02	-1.05425340571169e+03	0.00000000000000e+00	-4.38091392517090e+01	1.00000000000000e+00	1.01339839542327e+00	2.11339206695557e+01	-4.84638023376465e-02	1.91487426757812e+01	1
72	65	71	22	-2.52712035179138e+00	-1.65803754329681e+00	-1.58407306671143e+00	-1.41148912906647e+00	-1.20192313194275e+00	-1.46696257591248e+00	-1.33444285392761e+00	-1.15569531917572e+00	-1.00776624679565e+00	-9.61538493633270e-01	-8.99901390075684e-01	-3.06952667236328e+00	-9.67702209949493e-01	-2.63806700706482e+00	-2.52712035179138e+00	-2.18195271492004e+00	-2.21893501281738e+00	-2.15729784965515e+00	-1.83062136173248e+00	-1.73816573619843e+00	4.00000000000000e+01	4.00000000000000e+01	8.00000000000000e+01	8.00000000000000e+01	8.00000000000000e+01	8.00000000000000e+01	8.00000000000000e+01	1.60000000000000e+02	1.60000000000000e+02	1.60000000000000e+02	1.60000000000000e+02	1.60000000000000e+02	4.00000000000000e+01	1.60000000000000e+02	4.00000000000000e+01	4.00000000000000e+01	4.00000000000000e+01	4.00000000000000e+01	4.00000000000000e+01	8.00000000000000e+01	8.00000000000000e+01	1.22554521560669e+01	1.22477998733521e+01	2.99747787896142e-01	0.00000000000000e+00	1.12357012298944e-01	-1.43134999275208e+00	3.53430032730103e-04	-1.43134999275208e+00	0.00000000000000e+00	7.51047910142853e+00	1.10269715646469e+01	-1.36827305579560e+02	-1.02763861906006e+03	0.00000000000000e+00	-5.15351142883301e+01	1.00000000000000e+00	1.01236618061780e+00	2.11339206695557e+01	-4.83588790893555e-02	1.97306385040283e+01	1
72	65	71	23	-1.90849101543427e+00	-1.49601054191589e+00	-1.34210002422333e+00	-1.37288212776184e+00	-1.08968675136566e+00	-1.20665884017944e+00	-1.26206660270691e+00	-1.03735721111298e+00	-1.17279851436615e+00	-1.20973694324493e+00	-9.60401892662048e-01	-2.91814398765564e+00	-9.85027551651001e-01	-2.97970819473267e+00	-2.65957450866699e+00	-2.20399928092957e+00	-2.31481480598450e+00	-1.92080378532410e+00	-1.79151892662048e+00	-1.66839051246643e+00	4.00000000000000e+01	4.00000000000000e+01	8.00000000000000e+01	8.00000000000000e+01	8.00000000000000e+01	8.00000000000000e+01	8.00000000000000e+01	1.60000000000000e+02	1.60000000000000e+02	1.60000000000000e+02	1.60000000000000e+02	1.60000000000000e+02	4.00000000000000e+01	1.60000000000000e+02	4.00000000000000e+01	4.00000000000000e+01	4.00000000000000e+01	4.00000000000000e+01	4.00000000000000e+01	8.00000000000000e+01	8.00000000000000e+01	1.22554521560669e+01	1.22477998733521e+01	2.99836808204786e-01	0.00000000000000e+00	1.73886951389527e-01	-1.40776860713959e+00	3.75576019287109e-04	-1.40776860713959e+00	0.00000000000000e+00	7.50917268419024e+00	1.10577409090083e+01	-1.28911614443147e+02	-9.68019573851340e+02	0.00000000000000e+00	-3.56157913208008e+01	1.00000000000000e+00	1.01264203848298e+00	2.16226787567139e+01	-4.84161109924316e-02	2.12150268554688e+01	1
72	65	71	24	-1.83353018760681e+00	-1.34130728244781e+00	-1.24286270141602e+00	-1.30439066886902e+00	-1.03366804122925e+00	-1.26132106781006e+00	-1.13518905639648e+00	-1.05212640762329e+00	-1.16902935504913e+00	-9.32147085666656e-01	-9.99827682971954e-01	-2.90411496162415e+00	-8.49084436893463e-01	-2.28883647918701e+00	-2.15347504615784e+00	-2.17808604240417e+00	-1.85814130306244e+00	-1.69816887378693e+00	-1.65509951114655e+00	-1.52589082717896e+00	4.00000000000000e+01	4.00000000000000e+01	8.00000000000000e+01	8.00000000000000e+01	8.00000000000000e+01	8.00000000000000e+01	8.00000000000000e+01	1.60000000000000e+02	1.60000000000000e+02	1.60000000000000e+02	1.60000000000000e+02	1.60000000000000e+02	4.00000000000000e+01	1.60000000000000e+02	4.00000000000000e+01	4.00000000000000e+01	4.00000000000000e+01	4.00000000000000e+01	4.00000000000000e+01	8.00000000000000e+01	8.00000000000000e+01	1.22781124114990e+01	1.22477998733521e+01	2.99854219859727e-01	0.00000000000000e+00	1.48250505262370e-01	-1.29317879676819e+00	3.93637657165527e-04	-1.29317879676819e+00	0.00000000000000e+00	7.50777697907069e+00	1.11560735266803e+01	-1.23069335859424e+02	-9.23977126594903e+02	0.00000000000000e+00	-2.02019939422607e+01	1.00000000000000e+00	1.01373553011943e+00	2.11339206695557e+01	-4.84447250366211e-02	2.21415233612061e+01	1
72	65	71	25	-2.21174407005310e+00	-1.33069217205048e+00	-1.00865244865417e+00	-1.06941473484039e+00	-1.01472878456116e+00	-1.01472878456116e+00	-9.93461966514587e-01	-8.29404056072235e-01	-6.47117435932159e-01	-8.32442164421082e-01	-5.80278992652893e-01	-2.68568921089172e+00	-5.86355268955231e-01	-2.51555514335632e+00	-2.33326840400696e+00	-2.38187837600708e+00	-2.00515270233154e+00	-1.99300014972687e+00	-1.64665567874908e+00	-1.41575932502747e+00	4.00000000000000e+01	4.00000000000000e+01	8.00000000000000e+01	8.00000000000000e+01	8.00000000000000e+01	8.00000000000000e+01	8.00000000000000e+01	1.60000000000000e+02	1.60000000000000e+02	1.60000000000000e+02	1.60000000000000e+02	1.60000000000000e+02	4.00000000000000e+01	1.60000000000000e+02	4.00000000000000e+01	4.00000000000000e+01	4.00000000000000e+01	4.00000000000000e+01	4.00000000000000e+01	8.00000000000000e+01	8.00000000000000e+01	1.22781124114990e+01	1.22179994583130e+01	2.99363106618307e-01	0.00000000000000e+00	1.53707302091048e-01	-1.13341772556305e+00	8.05831909179687e-04	-1.13341772556305e+00	0.00000000000000e+00	7.50628365441493e+00	1.13629415832404e+01	-6.08751917214217e+01	-4.56946456577882e+02	0.00000000000000e+00	-6.87516326904297e+01	1.00000000000000e+00	1.01643481919373e+00	2.11339206695557e+01	-4.90551719665527e-02	4.59515838623047e+01	1
72	65	71	26	-3.46747398376465e+00	-1.72152757644653e+00	-1.42850160598755e+00	-1.50175809860229e+00	-1.13547563552856e+00	-1.42239689826965e+00	-1.16294682025909e+00	-1.16294682025909e+00	-1.11105680465698e+00	-7.75297880172729e-01	-8.48554372787476e-01	-3.87038469314575e+00	-8.36344957351685e-01	-3.22328567504883e+00	-3.00351619720459e+00	-2.63723373413086e+00	-2.40525484085083e+00	-2.47851133346558e+00	-2.14275240898132e+00	-1.73373699188232e+00	4.00000000000000e+01	4.00000000000000e+01	8.00000000000000e+01	8.00000000000000e+01	8.00000000000000e+01	8.00000000000000e+01	8.00000000000000e+01	1.60000000000000e+02	1.60000000000000e+02	1.60000000000000e+02	1.60000000000000e+02	1.60000000000000e+02	4.00000000000000e+01	1.60000000000000e+02	4.00000000000000e+01	4.00000000000000e+01	4.00000000000000e+01	4.00000000000000e+01	4.00000000000000e+01	8.00000000000000e+01	8.00000000000000e+01	1.22554521560669e+01	1.22179994583130e+01	2.99531744379280e-01	0.00000000000000e+00	1.62394833642957e-01	-1.48547887802124e+00	6.89282417297363e-04	-1.48547887802124e+00	0.00000000000000e+00	7.50468338287628e+00	1.10118779264249e+01	-7.08363575989430e+01	-5.31604435776269e+02	0.00000000000000e+00	-9.64602279663086e+01	1.00000000000000e+00	1.01237968402142e+00	2.11339206695557e+01	-4.88262557983398e-02	3.93852272033691e+01	1
72	65	71	27	-3.85105943679810e+00	-1.74156188964844e+00	-1.80901682376862e+00	-1.55759418010712e+00	-1.74156188964844e+00	-1.33070051670074e+00	-1.23565053939819e+00	-1.18352627754211e+00	-1.13753426074982e+00	-9.44368064403534e-01	-9.25971269607544e-01	-4.23125982284546e+00	-7.78797090053558e-01	-3.56897568702698e+00	-3.25009799003601e+00	-2.83310413360596e+00	-2.62460732460022e+00	-2.28120088577271e+00	-2.31799459457397e+00	-2.14629125595093e+00	4.00000000000000e+01	4.00000000000000e+01	8.00000000000000e+01	8.00000000000000e+01	8.00000000000000e+01	8.00000000000000e+01	8.00000000000000e+01	1.60000000000000e+02	1.60000000000000e+02	1.60000000000000e+02	1.60000000000000e+02	1.60000000000000e+02	4.00000000000000e+01	1.60000000000000e+02	4.00000000000000e+01	4.00000000000000e+01	4.00000000000000e+01	4.00000000000000e+01	4.00000000000000e+01	8.00000000000000e+01	8.00000000000000e+01	1.22554521560669e+01	1.22179994583130e+01	2.99545163042730e-01	0.00000000000000e+00	1.34843045747039e-01	-1.61673653125763e+00	5.82817316055298e-04	-1.61673653125763e+00	0.00000000000000e+00	7.50296569502590e+00	1.09249110827363e+01	-8.33998493769516e+01	-6.25746208845595e+02	0.00000000000000e+00	-4.94176254272461e+01	1.00000000000000e+00	1.01137256949719e+00	2.16226787567139e+01	-4.86068763732910e-02	3.37548179626465e+01	1
72	65	71	28	-2.22866320610046e+00	-1.47968626022339e+00	-1.44315075874329e+00	-1.33354437351227e+00	-1.13259935379028e+00	-1.08997464179993e+00	-1.19653642177582e+00	-1.09301924705505e+00	-8.79895687103271e-01	-1.01081442832947e+00	-9.59055900573730e-01	-3.00808668136597e+00	-8.40315639972687e-01	-2.65491032600403e+00	-2.41134047508240e+00	-2.37480497360229e+00	-1.82677316665649e+00	-1.85113012790680e+00	-1.68672060966492e+00	-1.37616908550262e+00	4.00000000000000e+01	4.00000000000000e+01	8.00000000000000e+01	8.00000000000000e+01	8.00000000000000e+01	8.00000000000000e+01	8.00000000000000e+01	1.60000000000000e+02	1.60000000000000e+02	1.60000000000000e+02	1.60000000000000e+02	1.60000000000000e+02	4.00000000000000e+01	1.60000000000000e+02	4.00000000000000e+01	4.00000000000000e+01	4.00000000000000e+01	4.00000000000000e+01	4.00000000000000e+01	8.00000000000000e+01	8.00000000000000e+01	1.22781124114990e+01	1.22477998733521e+01	2.99742934306749e-01	0.00000000000000e+00	1.53833868052574e-01	-1.31906557083130e+00	5.12910127639770e-04	-1.31906557083130e+00	0.00000000000000e+00	7.50111880720242e+00	1.11286205334551e+01	-9.54363150484288e+01	-7.15879137699865e+02	0.00000000000000e+00	-4.71475257873535e+01	1.00000000000000e+00	1.01352501554239e+00	2.16226787567139e+01	-4.89502525329590e-02	2.95976047515869e+01	1
72	65	71	29	-1.97110676765442e+00	-1.67115569114685e+00	-1.20592558383942e+00	-1.30999016761780e+00	-1.11410379409790e+00	-1.31611156463623e+00	-1.18143975734711e+00	-1.10798239707947e+00	-8.90670955181122e-01	-8.53942215442657e-01	-8.60063672065735e-01	-2.84035253524780e+00	-8.01909863948822e-01	-2.21596479415894e+00	-2.44857978820801e+00	-2.16699314117432e+00	-1.60381972789764e+00	-1.86092066764832e+00	-1.75685608386993e+00	-1.46302652359009e+00	4.00000000000000e+01	4.00000000000000e+01	8.00000000000000e+01	8.00000000000000e+01	8.00000000000000e+01	8.00000000000000e+01	8.00000000000000e+01	1.60000000000000e+02	1.60000000000000e+02	1.60000000000000e+02	1.60000000000000e+02	1.60000000000000e+02	4.00000000000000e+01	1.60000000000000e+02	4.00000000000000e+01	4.00000000000000e+01	4.00000000000000e+01	4.00000000000000e+01	4.00000000000000e+01	8.00000000000000e+01	8.00000000000000e+01	1.22554521560669e+01	1.22477998733521e+01	2.99749677449899e-01	0.00000000000000e+00	1.30653467198403e-01	-1.27924692630768e+00	4.80063915252686e-04	-1.27924692630768e+00	0.00000000000000e+00	7.49912941828373e+00	1.11695724426721e+01	-1.01429657507646e+02	-7.60634128502030e+02	0.00000000000000e+00	-4.31033096313477e+01	1.00000000000000e+00	1.01396598432776e+00	2.16226787567139e+01	-4.86927185058594e-02	2.76744327545166e+01	1
72	65	71	30	-2.00391006469727e+00	-1.50904214382172e+00	-1.39296197891235e+00	-1.22800588607788e+00	-1.13025414943695e+00	-1.00806450843811e+00	-1.07832360267639e+00	-1.04166662693024e+00	-1.01111924648285e+00	-9.16422247886658e-01	-8.06451559066772e-01	-2.56598234176636e+00	-8.27834844589233e-01	-2.19941353797913e+00	-2.02834796905518e+00	-1.94281530380249e+00	-1.93059623241425e+00	-2.01612901687622e+00	-1.60679376125336e+00	-1.30742907524109e+00	4.00000000000000e+01	4.00000000000000e+01	8.00000000000000e+01	8.00000000000000e+01	8.00000000000000e+01	8.00000000000000e+01	8.00000000000000e+01	1.60000000000000e+02	1.60000000000000e+02	1.60000000000000e+02	1.60000000000000e+02	1.60000000000000e+02	4.00000000000000e+01	1.60000000000000e+02	4.00000000000000e+01	4.00000000000000e+01	4.00000000000000e+01	4.00000000000000e+01	4.00000000000000e+01	8.00000000000000e+01	8.00000000000000e+01	1.22781124114990e+01	1.22477998733521e+01	2.99773866208503e-01	0.00000000000000e+00	1.19151745591563e-01	-1.23954606056213e+00	4.62466001510620e-04	-1.23954606056213e+00	0.00000000000000e+00	7.49698246879382e+00	1.12013216669558e+01	-1.05495541373691e+02	-7.90898224214475e+02	0.00000000000000e+00	-3.50816497802734e+01	1.00000000000000e+00	1.01430606542983e+00	2.11339206695557e+01	-4.87881011962891e-02	2.67935619354248e+01	1
72	65	71	31	-3.08823537826538e+00	-1.40931379795074e+00	-1.64828443527222e+00	-1.64215683937073e+00	-1.31127452850342e+00	-1.15196073055267e+00	-1.12745094299316e+00	-9.34436261653900e-01	-1.16115200519562e+00	-1.09375000000000e+00	-1.01715683937073e+00	-3.35784316062927e+00	-6.64828479290009e-01	-2.99019622802734e+00	-2.46323537826538e+00	-2.43872547149658e+00	-2.21813726425171e+00	-1.83823525905609e+00	-1.97303926944733e+00	-1.65441179275513e+00	4.00000000000000e+01	4.00000000000000e+01	8.00000000000000e+01	8.00000000000000e+01	8.00000000000000e+01	8.00000000000000e+01	8.00000000000000e+01	1.60000000000000e+02	1.60000000000000e+02	1.60000000000000e+02	1.60000000000000e+02	1.60000000000000e+02	4.00000000000000e+01	1.60000000000000e+02	4.00000000000000e+01	4.00000000000000e+01	4.00000000000000e+01	4.00000000000000e+01	4.00000000000000e+01	8.00000000000000e+01	8.00000000000000e+01	1.22781124114990e+01	1.22477998733521e+01	2.99629052298260e-01	0.00000000000000e+00	1.62689115293298e-01	-1.42156851291656e+00	4.74910736083984e-04	-1.42156851291656e+00	0.00000000000000e+00	7.49466085414291e+00	1.10535870612134e+01	-1.02429832523395e+02	-7.67676856109499e+02	0.00000000000000e+00	-2.63350830078125e+01	1.00000000000000e+00	1.01277146623312e+00	2.11339206695557e+01	-4.86450271606445e-02	2.74006557464600e+01	1
72	65	71	32	-1.94287931919098e+00	-1.39644455909729e+00	-1.44501650333405e+00	-1.34180092811584e+00	-1.27501451969147e+00	-1.11715555191040e+00	-1.15965604782104e+00	-8.80367159843445e-01	-9.95725631713867e-01	-9.35010612010956e-01	-7.89294719696045e-01	-2.58645796775818e+00	-9.01617407798767e-01	-2.57431507110596e+00	-2.38002729415894e+00	-2.01573729515076e+00	-1.96716523170471e+00	-1.66359043121338e+00	-1.69394791126251e+00	-1.66966187953949e+00	4.00000000000000e+01	4.00000000000000e+01	8.00000000000000e+01	8.00000000000000e+01	8.00000000000000e+01	8.00000000000000e+01	8.00000000000000e+01	1.60000000000000e+02	1.60000000000000e+02	1.60000000000000e+02	1.60000000000000e+02	1.60000000000000e+02	4.00000000000000e+01	1.60000000000000e+02	4.00000000000000e+01	4.00000000000000e+01	4.00000000000000e+01	4.00000000000000e+01	4.00000000000000e+01	8.00000000000000e+01	8.00000000000000e+01	1.22554521560669e+01	1.22477998733521e+01	2.99756575821422e-01	0.00000000000000e+00	1.24338151195534e-01	-1.28122103214264e+00	4.81435537338257e-04	-1.28122103214264e+00	0.00000000000000e+00	7.49214508173175e+00	1.11606515747662e+01	-1.01972793367164e+02	-7.63994962296244e+02	0.00000000000000e+00	-2.73747515678406e+00	1.00000000000000e+00	1.01386045546450e+00	2.16226787567139e+01	-4.90933265686035e-02	2.80861053466797e+01	1
72	65	71	33	-8.77067947387695e+00	-2.99486613273621e+00	-3.08399891853333e+00	-2.10353708267212e+00	-2.31745600700378e+00	-2.01440382003784e+00	-1.59547924995422e+00	-1.75591850280762e+00	-1.42612671852112e+00	-1.46177983283997e+00	-1.06068170070648e+00	-7.20193958282471e+00	-6.23930454254150e-01	-6.23930454254150e+00	-5.31232213973999e+00	-3.45835733413696e+00	-4.17142057418823e+00	-4.27837991714478e+00	-4.02880764007568e+00	-3.52966356277466e+00	4.00000000000000e+01	4.00000000000000e+01	8.00000000000000e+01	8.00000000000000e+01	8.00000000000000e+01	8.00000000000000e+01	8.00000000000000e+01	1.60000000000000e+02	1.60000000000000e+02	1.60000000000000e+02	1.60000000000000e+02	1.60000000000000e+02	4.00000000000000e+01	1.60000000000000e+02	4.00000000000000e+01	4.00000000000000e+01	4.00000000000000e+01	4.00000000000000e+01	4.00000000000000e+01	8.00000000000000e+01	8.00000000000000e+01	1.22781124114990e+01	1.22179994583130e+01	2.99436023317427e-01	0.00000000000000e+00	1.84046382149796e-01	-2.47274541854858e+00	8.64817380905151e-04	-2.47274541854858e+00	0.00000000000000e+00	7.48941285898770e+00	1.06601434352030e+01	-1.93341804264155e+01	-1.44801659503585e+02	0.00000000000000e+00	-5.39769058227539e+01	1.00000000000000e+00	1.00838821759398e+00	2.16226787567139e+01	-1.67205352783203e-02	5.00886535644531e+01	1
72	65	71	34	-5.03008651733398e+00	-1.95092129707336e+00	-1.90391111373901e+00	-1.28102660179138e+00	-1.46906733512878e+00	-1.06948101520538e+00	-1.10473859310150e+00	-9.51955556869507e-01	-1.19875895977020e+00	-8.46182763576508e-01	-7.63915002346039e-01	-4.65400505065918e+00	-5.93503177165985e-01	-3.90184259414673e+00	-3.43174123764038e+00	-2.96163964271545e+00	-2.75009393692017e+00	-3.00864982604980e+00	-2.56205320358276e+00	-1.99793159961700e+00	4.00000000000000e+01	4.00000000000000e+01	8.00000000000000e+01	8.00000000000000e+01	8.00000000000000e+01	8.00000000000000e+01	8.00000000000000e+01	1.60000000000000e+02	1.60000000000000e+02	1.60000000000000e+02	1.60000000000000e+02	1.60000000000000e+02	4.00000000000000e+01	1.60000000000000e+02	4.00000000000000e+01	4.00000000000000e+01	4.00000000000000e+01	4.00000000000000e+01	4.00000000000000e+01	8.00000000000000e+01	8.00000000000000e+01	1.22781124114990e+01	1.22179994583130e+01	2.99290867298294e-01	0.00000000000000e+00	1.86680959525840e-01	-1.60095691680908e+00	8.64071130752564e-04	-1.60095691680908e+00	0.00000000000000e+00	7.48643859594493e+00	1.09976453118580e+01	-2.93519615625837e+01	-2.19741657908819e+02	0.00000000000000e+00	-5.80783500671387e+01	1.00000000000000e+00	1.01240895009068e+00	2.16226787567139e+01	-2.53621826171875e-02	5.00611190795898e+01	1
72	65	71	35	-3.76756072044373e+00	-1.55651342868805e+00	-1.30906772613525e+00	-1.18135380744934e+00	-1.22924649715424e+00	-1.03767561912537e+00	-1.16139853000641e+00	-9.93773937225342e-01	-8.38122606277466e-01	-7.34355032444000e-01	-8.10185134410858e-01	-3.86334586143494e+00	-6.98435485363007e-01	-2.96934866905212e+00	-2.65006375312805e+00	-2.36270761489868e+00	-2.42656445503235e+00	-2.12324404716492e+00	-1.93965518474579e+00	-1.55651342868805e+00	4.00000000000000e+01	4.00000000000000e+01	8.00000000000000e+01	8.00000000000000e+01	8.00000000000000e+01	8.00000000000000e+01	8.00000000000000e+01	1.60000000000000e+02	1.60000000000000e+02	1.60000000000000e+02	1.60000000000000e+02	1.60000000000000e+02	4.00000000000000e+01	1.60000000000000e+02	4.00000000000000e+01	4.00000000000000e+01	4.00000000000000e+01	4.00000000000000e+01	4.00000000000000e+01	8.00000000000000e+01	8.00000000000000e+01	1.22781124114990e+01	1.22179994583130e+01	2.99416799202149e-01	0.00000000000000e+00	1.80478616218267e-01	-1.34951055049896e+00	8.61408710479736e-04	-1.34951055049896e+00	0.00000000000000e+00	7.48319280146925e+00	1.11383784900957e+01	-4.33501684191298e+01	-3.24397668256511e+02	0.00000000000000e+00	-2.46945056915283e+01	1.00000000000000e+00	1.01390951360487e+00	2.11339206695557e+01	-3.73422126770020e-02	5.00390472412109e+01	1
72	65	71	36	-3.71154594421387e+00	-1.49678742885590e+00	-1.52720987796783e+00	-1.29599881172180e+00	-1.41768896579742e+00	-1.10737931728363e+00	-9.70477998256683e-01	-8.88337254524231e-01	-9.58309054374695e-01	-8.27492177486420e-01	-5.93238890171051e-01	-3.85757398605347e+00	-6.57126188278198e-01	-3.29780006408691e+00	-2.70151877403259e+00	-2.67718052864075e+00	-2.31211066246033e+00	-1.93487155437469e+00	-1.92270243167877e+00	-1.77667450904846e+00	4.00000000000000e+01	4.00000000000000e+01	8.00000000000000e+01	8.00000000000000e+01	8.00000000000000e+01	8.00000000000000e+01	8.00000000000000e+01	1.60000000000000e+02	1.60000000000000e+02	1.60000000000000e+02	1.60000000000000e+02	1.60000000000000e+02	4.00000000000000e+01	1.60000000000000e+02	4.00000000000000e+01	4.00000000000000e+01	4.00000000000000e+01	4.00000000000000e+01	4.00000000000000e+01	8.00000000000000e+01	8.00000000000000e+01	1.22781124114990e+01	1.22179994583130e+01	2.99330998547371e-01	0.00000000000000e+00	1.60741628186095e-01	-1.35914242267609e+00	8.49871635437012e-04	-1.35914242267609e+00	0.00000000000000e+00	7.47964134628904e+00	1.11411404570874e+01	-5.76421206187476e+01	-4.31142388667764e+02	0.00000000000000e+00	-3.89541778564453e+01	1.00000000000000e+00	1.01399975029605e+00	2.16226787567139e+01	-4.89884033203125e-02	4.92218246459961e+01	1
72	65	71	37	-2.10125112533569e+00	-1.15446639060974e+00	-1.23998236656189e+00	-1.02619242668152e+00	-8.61268639564514e-01	-6.41370236873627e-01	-7.63536036014557e-01	-6.99398934841156e-01	-7.29940414428711e-01	-7.05507218837738e-01	-6.19991183280945e-01	-2.79759573936462e+00	-6.23045384883881e-01	-2.34558248519897e+00	-2.11346745491028e+00	-1.64923775196075e+00	-1.57593834400177e+00	-1.80805325508118e+00	-1.58815491199493e+00	-1.22165763378143e+00	4.00000000000000e+01	4.00000000000000e+01	8.00000000000000e+01	8.00000000000000e+01	8.00000000000000e+01	8.00000000000000e+01	8.00000000000000e+01	1.60000000000000e+02	1.60000000000000e+02	1.60000000000000e+02	1.60000000000000e+02	1.60000000000000e+02	4.00000000000000e+01	1.60000000000000e+02	4.00000000000000e+01	4.00000000000000e+01	4.00000000000000e+01	4.00000000000000e+01	4.00000000000000e+01	8.00000000000000e+01	8.00000000000000e+01	1.22554521560669e+01	1.22179994583130e+01	2.99388190601975e-01	0.00000000000000e+00	1.96103865668498e-01	-1.03162193298340e+00	7.25597620010376e-04	-1.03162193298340e+00	0.00000000000000e+00	7.47574455811735e+00	1.15148789186754e+01	-6.72516510442183e+01	-5.02756164318222e+02	0.00000000000000e+00	-3.28401641845703e+01	1.00000000000000e+00	1.01810138791593e+00	2.11339206695557e+01	-4.87976379394531e-02	4.22951431274414e+01	1
72	65	71	38	-2.01455354690552e+00	-1.03169560432434e+00	-1.15989446640015e+00	-1.29419803619385e+00	-1.01338148117065e+00	-7.75297880172729e-01	-8.02769064903259e-01	-9.24863219261169e-01	-6.16575479507446e-01	-7.72245526313782e-01	-7.72245526313782e-01	-2.49072074890137e+00	-6.95936739444733e-01	-1.92908763885498e+00	-1.72152757644653e+00	-1.88024997711182e+00	-1.61164283752441e+00	-1.37966394424438e+00	-1.17820858955383e+00	-1.42239689826965e+00	4.00000000000000e+01	4.00000000000000e+01	8.00000000000000e+01	8.00000000000000e+01	8.00000000000000e+01	8.00000000000000e+01	8.00000000000000e+01	1.60000000000000e+02	1.60000000000000e+02	1.60000000000000e+02	1.60000000000000e+02	1.60000000000000e+02	4.00000000000000e+01	1.60000000000000e+02	4.00000000000000e+01	4.00000000000000e+01	4.00000000000000e+01	4.00000000000000e+01	4.00000000000000e+01	8.00000000000000e+01	8.00000000000000e+01	1.22781124114990e+01	1.22179994583130e+01	2.99639065145303e-01	0.00000000000000e+00	1.74196222664888e-01	-1.04702508449554e+00	6.54822587966919e-04	-1.04702508449554e+00	0.00000000000000e+00	7.47145610361510e+00	1.14610511992297e+01	-7.45640982696316e+01	-5.57102387127196e+02	0.00000000000000e+00	-2.94350109100342e+01	1.00000000000000e+00	1.01730606521389e+00	2.11339206695557e+01	-4.88262557983398e-02	3.82252159118652e+01	1
72	65	71	39	-1.55150508880615e+00	-9.65109467506409e-01	-1.11170840263367e+00	-1.02619242668152e+00	-9.46784675121307e-01	-8.97918283939362e-01	-8.58214437961578e-01	-8.36835443973541e-01	-9.13189053535461e-01	-7.20777988433838e-01	-7.14669644832611e-01	-2.24784994125366e+00	-5.71124911308289e-01	-1.97908520698547e+00	-1.84470283985138e+00	-1.56372165679932e+00	-1.63702118396759e+00	-1.61258792877197e+00	-1.45988082885742e+00	-1.41101443767548e+00	4.00000000000000e+01	4.00000000000000e+01	8.00000000000000e+01	8.00000000000000e+01	8.00000000000000e+01	8.00000000000000e+01	8.00000000000000e+01	1.60000000000000e+02	1.60000000000000e+02	1.60000000000000e+02	1.60000000000000e+02	1.60000000000000e+02	4.00000000000000e+01	1.60000000000000e+02	4.00000000000000e+01	4.00000000000000e+01	4.00000000000000e+01	4.00000000000000e+01	4.00000000000000e+01	8.00000000000000e+01	8.00000000000000e+01	1.22554521560669e+01	1.22179994583130e+01	2.99663832464864e-01	0.00000000000000e+00	1.34030552553503e-01	-1.03406536579132e+00	6.28491401672363e-04	-1.03406536579132e+00	0.00000000000000e+00	7.46672159772865e+00	1.14806149203266e+01	-7.76424909069665e+01	-5.79734863756497e+02	0.00000000000000e+00	8.14565753936768e+00	1.00000000000000e+00	1.01747555093795e+00	2.11339206695557e+01	-4.87976379394531e-02	3.66767997741699e+01	1
72	65	71	40	-2.56849312782288e+00	-1.38209390640259e+00	-1.17416822910309e+00	-1.21086108684540e+00	-1.27813112735748e+00	-1.23532283306122e+00	-9.90704476833344e-01	-1.14664876461029e+00	-8.65337550640106e-01	-8.34760248661041e-01	-1.01822412014008e+00	-3.10665369033813e+00	-7.46086120605469e-01	-2.51956939697266e+00	-2.26272034645081e+00	-1.99363994598389e+00	-1.98140895366669e+00	-1.88356161117554e+00	-1.72455978393555e+00	-1.58390402793884e+00	4.00000000000000e+01	4.00000000000000e+01	8.00000000000000e+01	8.00000000000000e+01	8.00000000000000e+01	8.00000000000000e+01	8.00000000000000e+01	1.60000000000000e+02	1.60000000000000e+02	1.60000000000000e+02	1.60000000000000e+02	1.60000000000000e+02	4.00000000000000e+01	1.60000000000000e+02	4.00000000000000e+01	4.00000000000000e+01	4.00000000000000e+01	4.00000000000000e+01	4.00000000000000e+01	8.00000000000000e+01	8.00000000000000e+01	1.22781124114990e+01	1.22477998733521e+01	2.99671970702933e-01	0.00000000000000e+00	1.53461298824876e-01	-1.28669273853302e+00	6.14201068878174e-04	-1.28669273853302e+00	0.00000000000000e+00	7.46147686156903e+00	1.11596461958408e+01	-7.93557880648069e+01	-5.92111376477132e+02	0.00000000000000e+00	-2.37692966461182e+01	1.00000000000000e+00	1.01393494507787e+00	2.16226787567139e+01	-4.87404098510742e-02	3.61993331909180e+01	1
72	65	71	41	7.89044523239136e+00	1.83470833301544e+00	1.35504603385925e+00	5.63603222370148e-01	1.07924020290375e+00	5.75594782829285e-01	6.29556775093079e-01	3.95721405744553e-01	5.15636980533600e-01	3.47755193710327e-01	1.25911355018616e-01	4.60475826263428e+00	9.59324613213539e-02	3.76534914970398e+00	2.90195679664612e+00	2.68610906600952e+00	2.44627785682678e+00	1.99059855937958e+00	2.02657318115234e+00	1.69080972671509e+00	4.00000000000000e+01	4.00000000000000e+01	8.00000000000000e+01	8.00000000000000e+01	8.00000000000000e+01	8.00000000000000e+01	8.00000000000000e+01	1.60000000000000e+02	1.60000000000000e+02	1.60000000000000e+02	1.60000000000000e+02	1.60000000000000e+02	4.00000000000000e+01	1.60000000000000e+02	4.00000000000000e+01	4.00000000000000e+01	4.00000000000000e+01	4.00000000000000e+01	4.00000000000000e+01	8.00000000000000e+01	8.00000000000000e+01	1.22781124114990e+01	1.22179994583130e+01	2.95559833156665e-01	0.00000000000000e+00	2.91666671669089e-01	1.17730450630188e+00	8.51212978363037e-04	1.17730450630188e+00	0.00000000000000e+00	7.45564572335185e+00	1.28558786539166e+01	2.92014522248607e+01	2.17715682395946e+02	0.00000000000000e+00	-7.28530807495117e+01	1.00000000000000e+00	1.03487288206370e+00	2.16226787567139e+01	2.48566551208496e-02	5.00996284484863e+01	1
72	65	71	44	-8.99887466430664e+00	-2.30244660377502e+00	-2.19699120521545e+00	-2.00365591049194e+00	-1.81032061576843e+00	-2.07395958900452e+00	-1.88941216468811e+00	-1.46758997440338e+00	-1.30061876773834e+00	-1.06334364414215e+00	-1.20395112037659e+00	-7.83886337280273e+00	-1.26546680927277e+00	-6.53824520111084e+00	-5.37823390960693e+00	-4.46428585052490e+00	-4.39398241043091e+00	-3.76124858856201e+00	-3.14609122276306e+00	-2.91760396957397e+00	4.00000000000000e+01	4.00000000000000e+01	8.00000000000000e+01	8.00000000000000e+01	8.00000000000000e+01	8.00000000000000e+01	8.00000000000000e+01	1.60000000000000e+02	1.60000000000000e+02	1.60000000000000e+02	1.60000000000000e+02	1.60000000000000e+02	4.00000000000000e+01	1.60000000000000e+02	4.00000000000000e+01	4.00000000000000e+01	4.00000000000000e+01	4.00000000000000e+01	4.00000000000000e+01	8.00000000000000e+01	8.00000000000000e+01	1.22554521560669e+01	1.22179994583130e+01	2.99553210677831e-01	0.00000000000000e+00	2.53785602128131e-01	-2.37860894203186e+00	8.51798295974731e-04	-2.37860894203186e+00	0.00000000000000e+00	7.43362768736740e+00	1.06550896417427e+01	-1.99096336357283e+01	-1.48000803839891e+02	0.00000000000000e+00	-2.78612022399902e+01	1.00000000000000e+00	1.00825935140211e+00	2.16226787567139e+01	-1.69589920043945e-02	5.00467796325684e+01	1
72	65	71	45	-2.94772410392761e+00	-1.37079489231110e+00	-1.09251320362091e+00	-8.96685361862183e-01	-9.79139149188995e-01	-9.48218941688538e-01	-1.02551937103271e+00	-7.26624310016632e-01	-6.39017105102539e-01	-5.77176749706268e-01	-6.23557031154633e-01	-3.03017783164978e+00	-6.69937312602997e-01	-2.55606842041016e+00	-2.30870699882507e+00	-1.93766474723816e+00	-1.21619391441345e+00	-1.73153030872345e+00	-1.65938317775726e+00	-1.35018134117126e+00	4.00000000000000e+01	4.00000000000000e+01	8.00000000000000e+01	8.00000000000000e+01	8.00000000000000e+01	8.00000000000000e+01	8.00000000000000e+01	1.60000000000000e+02	1.60000000000000e+02	1.60000000000000e+02	1.60000000000000e+02	1.60000000000000e+02	4.00000000000000e+01	1.60000000000000e+02	4.00000000000000e+01	4.00000000000000e+01	4.00000000000000e+01	4.00000000000000e+01	4.00000000000000e+01	8.00000000000000e+01	8.00000000000000e+01	1.22554521560669e+01	1.22179994583130e+01	2.99330441087018e-01	0.00000000000000e+00	2.08866307647186e-01	-1.09709393978119e+00	8.50869894027710e-04	-1.09709393978119e+00	0.00000000000000e+00	7.42433274808966e+00	1.14419311836611e+01	-3.39886824924968e+01	-2.52343288493466e+02	0.00000000000000e+00	-2.92728614807129e+01	1.00000000000000e+00	1.01735571089952e+00	2.16226787567139e+01	-2.89199466705322e-02	4.99932670593262e+01	1
72	65	71	46	-3.27306723594666e+00	-1.46508729457855e+00	-1.51963841915131e+00	-1.40274310112000e+00	-1.17674565315247e+00	-1.08322942256927e+00	-1.05205738544464e+00	-9.89713251590729e-01	-1.06764340400696e+00	-8.41645896434784e-01	-7.67612218856812e-01	-3.35099744796753e+00	-7.32543647289276e-01	-2.80548620223999e+00	-2.47817969322205e+00	-2.13528680801392e+00	-1.88591015338898e+00	-1.76122188568115e+00	-1.68329179286957e+00	-1.66770577430725e+00	4.00000000000000e+01	4.00000000000000e+01	8.00000000000000e+01	8.00000000000000e+01	8.00000000000000e+01	8.00000000000000e+01	8.00000000000000e+01	1.60000000000000e+02	1.60000000000000e+02	1.60000000000000e+02	1.60000000000000e+02	1.60000000000000e+02	4.00000000000000e+01	1.60000000000000e+02	4.00000000000000e+01	4.00000000000000e+01	4.00000000000000e+01	4.00000000000000e+01	4.00000000000000e+01	8.00000000000000e+01	8.00000000000000e+01	1.22554521560669e+01	1.22179994583130e+01	2.99564207495792e-01	0.00000000000000e+00	1.53308219668105e-01	-1.32204210758209e+00	8.31033706665039e-04	-1.32204210758209e+00	0.00000000000000e+00	7.41375845958610e+00	1.11390873160321e+01	-4.60250217465647e+01	-3.41218394326229e+02	0.00000000000000e+00	-3.84581871032715e+01	1.00000000000000e+00	1.01379420105290e+00	2.16226787567139e+01	-3.82483444213867e-02	5.00562896728516e+01	1
72	65	71	47	-2.11751556396484e+00	-1.27849984169006e+00	-1.19193482398987e+00	-1.19859361648560e+00	-1.10536968708038e+00	-1.00548684597015e+00	-8.68980407714844e-01	-7.79085874557495e-01	-5.99296808242798e-01	-8.02391886711121e-01	-4.56131488084793e-01	-2.61027073860168e+00	-7.79085874557495e-01	-2.03760933876038e+00	-1.99765610694885e+00	-1.58480727672577e+00	-1.63807809352875e+00	-1.38504159450531e+00	-1.31179416179657e+00	-1.39170038700104e+00	4.00000000000000e+01	4.00000000000000e+01	8.00000000000000e+01	8.00000000000000e+01	8.00000000000000e+01	8.00000000000000e+01	8.00000000000000e+01	1.60000000000000e+02	1.60000000000000e+02	1.60000000000000e+02	1.60000000000000e+02	1.60000000000000e+02	4.00000000000000e+01	1.60000000000000e+02	4.00000000000000e+01	4.00000000000000e+01	4.00000000000000e+01	4.00000000000000e+01	4.00000000000000e+01	8.00000000000000e+01	8.00000000000000e+01	1.22554521560669e+01	1.22179994583130e+01	2.99474264726372e-01	0.00000000000000e+00	1.64929403659058e-01	-1.05505847930908e+00	8.45878362655640e-04	-1.05505847930908e+00	0.00000000000000e+00	7.40165808437386e+00	1.14653478579844e+01	-5.29189116515228e+01	-3.91687690241760e+02	0.00000000000000e+00	2.35594534873962e+00	1.00000000000000e+00	1.01747282183576e+00	2.16226787567139e+01	-4.47629623413086e-02	5.00505104064941e+01	1
72	65	71	48	-2.16669964790344e+00	-1.10811209678650e+00	-8.85251522064209e-01	-1.13906490802765e+00	-1.15763664245605e+00	-8.66679906845093e-01	-6.77867472171783e-01	-8.01678836345673e-01	-7.45963752269745e-01	-7.52154290676117e-01	-6.03580594062805e-01	-2.76099419593811e+00	-7.15010821819305e-01	-2.03050708770752e+00	-1.91907691955566e+00	-1.69621634483337e+00	-1.72097849845886e+00	-1.37430667877197e+00	-1.21335184574127e+00	-1.34954428672791e+00	4.00000000000000e+01	4.00000000000000e+01	8.00000000000000e+01	8.00000000000000e+01	8.00000000000000e+01	8.00000000000000e+01	8.00000000000000e+01	1.60000000000000e+02	1.60000000000000e+02	1.60000000000000e+02	1.60000000000000e+02	1.60000000000000e+02	4.00000000000000e+01	1.60000000000000e+02	4.00000000000000e+01	4.00000000000000e+01	4.00000000000000e+01	4.00000000000000e+01	4.00000000000000e+01	8.00000000000000e+01	8.00000000000000e+01	1.22554521560669e+01	1.22179994583130e+01	2.99542002718477e-01	0.00000000000000e+00	1.89183027333997e-01	-1.02873528003693e+00	8.43679666519165e-04	-1.02873528003693e+00	0.00000000000000e+00	7.38772220555986e+00	1.14892268252338e+01	-5.70702864285212e+01	-4.21619422325647e+02	0.00000000000000e+00	-8.39365196228027e+00	1.00000000000000e+00	1.01770086859685e+00	2.11339206695557e+01	-4.81490402221680e-02	5.00521583557129e+01	1
72	65	71	49	2.50974655151367e+00	-1.52290448546410e-01	-3.59405457973480e-01	-2.49756336212158e-01	-3.95955175161362e-01	-3.22855740785599e-01	-3.38084816932678e-01	-3.07626694440842e-01	-4.75146204233170e-01	-3.92909377813339e-01	-3.83771926164627e-01	4.75146204233170e-01	-4.81237798929214e-01	3.53313833475113e-01	1.09649129211903e-01	2.43664700537920e-02	0.00000000000000e+00	-1.21832355856895e-01	-6.09161751344800e-03	-1.88840150833130e-01	4.00000000000000e+01	4.00000000000000e+01	8.00000000000000e+01	8.00000000000000e+01	8.00000000000000e+01	8.00000000000000e+01	8.00000000000000e+01	1.60000000000000e+02	1.60000000000000e+02	1.60000000000000e+02	1.60000000000000e+02	1.60000000000000e+02	4.00000000000000e+01	1.60000000000000e+02	4.00000000000000e+01	4.00000000000000e+01	4.00000000000000e+01	4.00000000000000e+01	4.00000000000000e+01	8.00000000000000e+01	8.00000000000000e+01	1.22554521560669e+01	1.22179994583130e+01	2.41018138432142e-01	0.00000000000000e+00	1.96686960525196e+00	-2.11446821689606e-01	5.67962646484375e-04	-2.11446821689606e-01	0.00000000000000e+00	7.37155853254651e+00	2.42803279357717e-01	8.61521009080651e+01	6.35075254545655e+02	0.00000000000000e+00	-5.84789543151855e+01	1.00000000000000e+00	6.12607385932846e-01	2.16226787567139e+01	4.89311752319336e-02	3.34576568603516e+01	1
72	65	71	50	1.29879593849182e+00	-6.06913983821869e-01	-5.09807765483856e-01	-6.73674523830414e-01	-1.57797634601593e-01	-4.36978071928024e-01	-5.00704050064087e-01	-4.85531181097031e-01	-3.73252093791962e-01	-4.46081757545471e-01	-4.27874356508255e-01	-4.73392903804779e-01	-5.91741144657135e-01	-6.43328845500946e-01	-5.58360874652863e-01	-4.49116349220276e-01	-6.43328845500946e-01	-5.58360874652863e-01	-4.24839794635773e-01	-4.91600304841995e-01	4.00000000000000e+01	4.00000000000000e+01	8.00000000000000e+01	8.00000000000000e+01	8.00000000000000e+01	8.00000000000000e+01	8.00000000000000e+01	1.60000000000000e+02	1.60000000000000e+02	1.60000000000000e+02	1.60000000000000e+02	1.60000000000000e+02	4.00000000000000e+01	1.60000000000000e+02	4.00000000000000e+01	4.00000000000000e+01	4.00000000000000e+01	4.00000000000000e+01	4.00000000000000e+01	8.00000000000000e+01	8.00000000000000e+01	1.22781124114990e+01	1.22179994583130e+01	3.00705426568341e-01	0.00000000000000e+00	3.51053738036905e-01	-4.42912340164185e-01	7.34976053237915e-04	-4.42912340164185e-01	0.00000000000000e+00	7.35266365733781e+00	1.41538320221788e+01	6.68217690067158e+01	4.91317992494702e+02	0.00000000000000e+00	-5.11917381286621e+01	1.00000000000000e+00	1.04334749662650e+00	2.16226787567139e+01	4.91124000549316e-02	4.38367996215820e+01	1
72	65	71	51	3.43804287910461e+00	-1.80949624627829e-02	9.04748141765594e-02	-2.35234513878822e-01	3.61899249255657e-02	-1.26664742827415e-01	-3.03090631961823e-01	-1.08569771051407e-01	-7.69035890698433e-02	-3.39280545711517e-01	-2.03568324446678e-01	1.04950785636902e+00	-3.34756821393967e-01	4.34279084205627e-01	5.24753928184509e-01	3.07614356279373e-01	3.61899256706238e-01	1.62854671478271e-01	7.23798498511314e-02	-9.04748123139143e-03	4.00000000000000e+01	4.00000000000000e+01	8.00000000000000e+01	8.00000000000000e+01	8.00000000000000e+01	8.00000000000000e+01	8.00000000000000e+01	1.60000000000000e+02	1.60000000000000e+02	1.60000000000000e+02	1.60000000000000e+02	1.60000000000000e+02	4.00000000000000e+01	1.60000000000000e+02	4.00000000000000e+01	4.00000000000000e+01	4.00000000000000e+01	4.00000000000000e+01	4.00000000000000e+01	8.00000000000000e+01	8.00000000000000e+01	1.22554521560669e+01	1.22179994583130e+01	2.87380361155145e-01	0.00000000000000e+00	1.29647276295401e+00	9.65066254138947e-03	8.35732221603394e-04	9.65066254138947e-03	0.00000000000000e+00	7.33038285837618e+00	3.09309229329877e+01	3.94206215418586e+01	2.88968248416975e+02	0.00000000000000e+00	-2.96734676361084e+01	1.00000000000000e+00	1.16049641252772e+00	2.16226787567139e+01	3.29450836181641e-02	5.00558815002441e+01	1
72	65	71	52	7.41350936889648e+00	6.95016503334045e-01	1.54448106884956e-01	3.34637582302094e-01	6.17792427539825e-01	8.49464595317841e-01	1.15836083889008e-01	-1.93060129880905e-01	2.57413517683744e-02	3.98990929126740e-01	-7.20757842063904e-01	3.39785838127136e+00	-7.85111248493195e-01	2.16227364540100e+00	1.13261950016022e+00	1.85337734222412e+00	9.78171408176422e-01	1.02965407073498e-01	1.31280899047852e+00	7.46499180793762e-01	4.00000000000000e+01	4.00000000000000e+01	8.00000000000000e+01	8.00000000000000e+01	8.00000000000000e+01	8.00000000000000e+01	8.00000000000000e+01	1.60000000000000e+02	1.60000000000000e+02	1.60000000000000e+02	1.60000000000000e+02	1.60000000000000e+02	4.00000000000000e+01	1.60000000000000e+02	4.00000000000000e+01	4.00000000000000e+01	4.00000000000000e+01	4.00000000000000e+01	4.00000000000000e+01	8.00000000000000e+01	8.00000000000000e+01	1.22781124114990e+01	1.22179994583130e+01	2.94948704920168e-01	0.00000000000000e+00	1.12016185864854e+00	4.85081553459167e-01	8.42600345611572e-04	4.85081553459167e-01	0.00000000000000e+00	7.30385177287642e+00	1.86872756073647e+01	1.37424865355525e+01	1.00373084646426e+02	0.00000000000000e+00	-2.23099460601807e+01	1.00000000000000e+00	1.08450411483794e+00	2.16226787567139e+01	1.15794239044189e-02	5.01044616699219e+01	1
72	65	71	54	-3.93429064750671e+00	-2.67462730407715e+00	-1.53575372695923e+00	-1.25966310501099e+00	-1.17338478565216e+00	-1.27691888809204e+00	-1.27691888809204e+00	-1.19064056873322e+00	-1.22515177726746e+00	-1.57026505470276e+00	-1.30280220508575e+00	-3.79624485969543e+00	-6.21203780174255e-01	-3.03699612617493e+00	-3.27857542037964e+00	-3.76173377037048e+00	-3.07150745391846e+00	-1.96714532375336e+00	-2.64011597633362e+00	-2.45030355453491e+00	4.00000000000000e+01	4.00000000000000e+01	8.00000000000000e+01	8.00000000000000e+01	8.00000000000000e+01	8.00000000000000e+01	8.00000000000000e+01	1.60000000000000e+02	1.60000000000000e+02	1.60000000000000e+02	1.60000000000000e+02	1.60000000000000e+02	4.00000000000000e+01	1.60000000000000e+02	4.00000000000000e+01	4.00000000000000e+01	4.00000000000000e+01	4.00000000000000e+01	4.00000000000000e+01	8.00000000000000e+01	8.00000000000000e+01	1.22781124114990e+01	1.22179994583130e+01	2.99590124413761e-01	0.00000000000000e+00	2.51343041592408e-01	-1.72479903697968e+00	8.41662883758545e-04	-1.72479903697968e+00	0.00000000000000e+00	7.23296913268348e+00	1.09062863147261e+01	-2.05233644648022e+01	-1.48444861672727e+02	0.00000000000000e+00	-4.46580429077148e+01	1.00000000000000e+00	1.01112468133009e+00	2.16226787567139e+01	-1.72737541198730e-02	5.00534782409668e+01	1
72	65	71	55	-2.76631665229797e+00	-1.31282818317413e+00	-1.30110657215118e+00	-1.62931358814240e+00	-1.14872467517853e+00	-8.79126012325287e-01	-9.61177825927734e-01	-1.13700306415558e+00	-7.26744174957275e-01	-1.00806450843811e+00	-6.15388214588165e-01	-3.11796712875366e+00	-7.61909246444702e-01	-2.78976011276245e+00	-1.96924233436584e+00	-2.10990238189697e+00	-1.87546896934509e+00	-2.01612901687622e+00	-1.86374723911285e+00	-1.54726183414459e+00	4.00000000000000e+01	4.00000000000000e+01	8.00000000000000e+01	8.00000000000000e+01	8.00000000000000e+01	8.00000000000000e+01	8.00000000000000e+01	1.60000000000000e+02	1.60000000000000e+02	1.60000000000000e+02	1.60000000000000e+02	1.60000000000000e+02	4.00000000000000e+01	1.60000000000000e+02	4.00000000000000e+01	4.00000000000000e+01	4.00000000000000e+01	4.00000000000000e+01	4.00000000000000e+01	8.00000000000000e+01	8.00000000000000e+01	1.22781124114990e+01	1.22179994583130e+01	2.99522257425823e-01	0.00000000000000e+00	1.81836821610382e-01	-1.26333665847778e+00	8.34935903549194e-04	-1.26333665847778e+00	0.00000000000000e+00	7.18480831090042e+00	1.12149149533523e+01	-3.04561694472405e+01	-2.18821739362725e+02	0.00000000000000e+00	1.55473327636719e+00	1.00000000000000e+00	1.01467236289499e+00	2.16226787567139e+01	-2.54289493560791e-02	5.00839653015137e+01	1
72	65	71	56	-4.84511232376099e+00	-1.94582819938660e+00	-1.54693341255188e+00	-1.55666255950928e+00	-1.57612073421478e+00	-1.30370485782623e+00	-1.34748601913452e+00	-9.33997452259064e-01	-1.04588258266449e+00	-7.05362677574158e-01	-9.38862085342407e-01	-4.35865497589111e+00	-9.58320379257202e-01	-3.26899123191833e+00	-3.09386682510376e+00	-2.76307582855225e+00	-2.84090900421143e+00	-2.72415947914124e+00	-2.40309786796570e+00	-2.13068175315857e+00	4.00000000000000e+01	4.00000000000000e+01	8.00000000000000e+01	8.00000000000000e+01	8.00000000000000e+01	8.00000000000000e+01	8.00000000000000e+01	1.60000000000000e+02	1.60000000000000e+02	1.60000000000000e+02	1.60000000000000e+02	1.60000000000000e+02	4.00000000000000e+01	1.60000000000000e+02	4.00000000000000e+01	4.00000000000000e+01	4.00000000000000e+01	4.00000000000000e+01	4.00000000000000e+01	8.00000000000000e+01	8.00000000000000e+01	1.22781124114990e+01	1.22179994583130e+01	2.99473390711570e-01	0.00000000000000e+00	1.87176389667955e-01	-1.61201035976410e+00	8.32021713256836e-04	-1.61201035976410e+00	0.00000000000000e+00	7.12424160814063e+00	1.09471146893451e+01	-3.68221512588860e+01	-2.62329902099804e+02	0.00000000000000e+00	-2.28727016448975e+01	1.00000000000000e+00	1.01169241853670e+00	2.21114368438721e+01	-3.06368293762207e-02	5.00602493286133e+01	1
72	65	71	57	4.35708791017532e-01	-8.35108458995819e-01	-1.04085981845856e+00	-9.68241691589355e-01	-1.11347794532776e+00	-1.04691135883331e+00	-8.71417582035065e-01	-8.13928186893463e-01	-9.62190210819244e-01	-8.71417582035065e-01	-6.44485890865326e-01	-9.07726585865021e-01	-8.86546313762665e-01	-1.07716894149780e+00	-1.11347794532776e+00	-1.31922924518585e+00	-1.41605341434479e+00	-1.23450815677643e+00	-1.11347794532776e+00	-1.05296289920807e+00	4.00000000000000e+01	4.00000000000000e+01	8.00000000000000e+01	8.00000000000000e+01	8.00000000000000e+01	8.00000000000000e+01	8.00000000000000e+01	1.60000000000000e+02	1.60000000000000e+02	1.60000000000000e+02	1.60000000000000e+02	1.60000000000000e+02	4.00000000000000e+01	1.60000000000000e+02	4.00000000000000e+01	4.00000000000000e+01	4.00000000000000e+01	4.00000000000000e+01	4.00000000000000e+01	8.00000000000000e+01	8.00000000000000e+01	1.22781124114990e+01	1.22179994583130e+01	3.00973501037380e-01	0.00000000000000e+00	2.43777413831594e-01	-9.14988279342651e-01	3.22338581085205e-04	-9.14988279342651e-01	0.00000000000000e+00	7.04656296132290e+00	1.18764454202729e+01	1.52806635571670e+02	1.07676157846370e+03	0.00000000000000e+00	-5.65331535339355e+01	1.00000000000000e+00	1.02049187739385e+00	2.16226787567139e+01	4.92554740905762e-02	1.88301010131836e+01	1
72	65	71	58	1.71467781066895e+00	-6.06261014938354e-01	-6.06261014938354e-01	-5.20527184009552e-01	-6.49127960205078e-01	-6.36880278587341e-01	-6.33818328380585e-01	-6.27694487571716e-01	-5.90951442718506e-01	-6.43004119396210e-01	-6.12384915351868e-01	-6.12384900450706e-02	-6.79747223854065e-01	-2.44953960180283e-01	-1.71467766165733e-01	-1.59220069646835e-01	-2.32706263661385e-01	-5.75641751289368e-01	-5.75641751289368e-01	-7.34861850738525e-01	4.00000000000000e+01	4.00000000000000e+01	8.00000000000000e+01	8.00000000000000e+01	8.00000000000000e+01	8.00000000000000e+01	8.00000000000000e+01	1.60000000000000e+02	1.60000000000000e+02	1.60000000000000e+02	1.60000000000000e+02	1.60000000000000e+02	4.00000000000000e+01	1.60000000000000e+02	4.00000000000000e+01	4.00000000000000e+01	4.00000000000000e+01	4.00000000000000e+01	4.00000000000000e+01	8.00000000000000e+01	8.00000000000000e+01	1.22781124114990e+01	1.22477998733521e+01	3.08881799817364e-01	0.00000000000000e+00	6.45338289234600e-01	-5.23112714290619e-01	4.18093442916870e-04	-5.23112714290619e-01	0.00000000000000e+00	6.94457323425112e+00	1.71870337282692e+01	1.16418092724099e+02	8.08473970714343e+02	0.00000000000000e+00	-8.55866317749023e+01	1.00000000000000e+00	1.06128645906030e+00	2.16226787567139e+01	4.86736412048340e-02	2.48660869598389e+01	1
72	65	71	59	1.68457031250000e+00	-5.55419921875000e-01	-6.10351562500000e-01	-6.16455078125000e-01	-4.51660156250000e-01	-3.90625000000000e-01	-6.10351562500000e-01	-5.43212890625000e-01	-7.53784239292145e-01	-5.37109375000000e-01	-7.78198242187500e-01	-6.10351562500000e-02	-5.03540039062500e-01	-3.66210937500000e-01	-4.51660156250000e-01	-4.63867187500000e-01	-1.95312500000000e-01	-3.41796875000000e-01	-6.46972656250000e-01	-5.18798828125000e-01	4.00000000000000e+01	4.00000000000000e+01	8.00000000000000e+01	8.00000000000000e+01	8.00000000000000e+01	8.00000000000000e+01	8.00000000000000e+01	1.60000000000000e+02	1.60000000000000e+02	1.60000000000000e+02	1.60000000000000e+02	1.60000000000000e+02	4.00000000000000e+01	1.60000000000000e+02	4.00000000000000e+01	4.00000000000000e+01	4.00000000000000e+01	4.00000000000000e+01	4.00000000000000e+01	8.00000000000000e+01	8.00000000000000e+01	1.22781124114990e+01	1.22179994583130e+01	3.06826080539897e-01	0.00000000000000e+00	5.89264641785423e-01	-5.04014730453491e-01	6.46926403045654e-04	-5.04014730453491e-01	0.00000000000000e+00	6.80678408277788e+00	1.62568277296346e+01	7.54889463648271e+01	5.13836958541778e+02	0.00000000000000e+00	-3.81338882446289e+01	1.00000000000000e+00	1.05572015190147e+00	2.16226787567139e+01	4.88357925415039e-02	3.90614547729492e+01	1
72	65	71	60	6.84380006790161e+00	6.79347813129425e-01	5.03220617771149e-01	5.95477700233459e-01	4.10963505506516e-01	5.03220617771149e-01	3.18706393241882e-01	1.80320709943771e-01	3.69028419256210e-01	1.04837626218796e-01	-2.64190822839737e-01	3.95866894721985e+00	-2.09675244987011e-02	3.20383787155151e+00	2.43223285675049e+00	1.97933447360992e+00	1.49288785457611e+00	1.40901768207550e+00	1.19095540046692e+00	1.00644123554230e+00	4.00000000000000e+01	4.00000000000000e+01	8.00000000000000e+01	8.00000000000000e+01	8.00000000000000e+01	8.00000000000000e+01	8.00000000000000e+01	1.60000000000000e+02	1.60000000000000e+02	1.60000000000000e+02	1.60000000000000e+02	1.60000000000000e+02	4.00000000000000e+01	1.60000000000000e+02	4.00000000000000e+01	4.00000000000000e+01	4.00000000000000e+01	4.00000000000000e+01	4.00000000000000e+01	8.00000000000000e+01	8.00000000000000e+01	1.22781124114990e+01	1.22179994583130e+01	2.89053108273397e-01	0.00000000000000e+00	4.84471779767646e-01	7.52221584320068e-01	8.24831008911133e-04	7.52221584320068e-01	0.00000000000000e+00	6.61387927071535e+00	1.73761447823162e+01	4.30869906046725e+01	2.84972153997750e+02	0.00000000000000e+00	-3.91926307678223e+01	1.00000000000000e+00	1.07838145719176e+00	2.16226787567139e+01	3.55394859313965e-02	5.00921516418457e+01	1
72	65	71	61	7.30416917800903e+00	1.97409968823195e-02	4.14560943841934e-01	1.38186991214752e-01	-1.18445985019207e-01	0.00000000000000e+00	1.77668988704681e-01	-4.73783940076828e-01	-3.75078976154327e-01	5.92229925096035e-02	-3.94819937646389e-02	3.35596966743469e+00	-2.86244451999664e-01	2.09254574775696e+00	2.44788360595703e+00	2.36891961097717e+00	2.09254574775696e+00	1.02653193473816e+00	1.24368286132812e+00	1.16471886634827e+00	4.00000000000000e+01	4.00000000000000e+01	8.00000000000000e+01	8.00000000000000e+01	8.00000000000000e+01	8.00000000000000e+01	8.00000000000000e+01	1.60000000000000e+02	1.60000000000000e+02	1.60000000000000e+02	1.60000000000000e+02	1.60000000000000e+02	4.00000000000000e+01	1.60000000000000e+02	4.00000000000000e+01	4.00000000000000e+01	4.00000000000000e+01	4.00000000000000e+01	4.00000000000000e+01	8.00000000000000e+01	8.00000000000000e+01	1.22781124114990e+01	1.22179994583130e+01	3.80220694285291e-01	0.00000000000000e+00	2.10234103285463e+00	5.03614783287048e-01	8.26858043670654e-04	5.03614783287048e-01	0.00000000000000e+00	6.33114855379928e+00	2.97256534492773e-01	1.82607345706316e+01	1.15611423268167e+02	0.00000000000000e+00	-4.58121719360352e+01	1.00000000000000e+00	5.17294935871112e-01	2.16226787567139e+01	1.50990352630615e-02	5.00664672851562e+01	1
72	65	71	64	-6.52452945709229e+00	-1.94309759140015e+00	-1.80048489570618e+00	-1.69352543354034e+00	-1.31916725635529e+00	-1.42612671852112e+00	-1.77374505996704e+00	-1.24786090850830e+00	-1.32808053493500e+00	-7.13063359260559e-01	-1.11416149139404e+00	-5.49058771133423e+00	-1.03394186496735e+00	-4.84883069992065e+00	-3.81488895416260e+00	-2.85225343704224e+00	-3.35139775276184e+00	-2.99486613273621e+00	-2.87007999420166e+00	-2.31745600700378e+00	4.00000000000000e+01	4.00000000000000e+01	8.00000000000000e+01	8.00000000000000e+01	8.00000000000000e+01	8.00000000000000e+01	8.00000000000000e+01	1.60000000000000e+02	1.60000000000000e+02	1.60000000000000e+02	1.60000000000000e+02	1.60000000000000e+02	4.00000000000000e+01	1.60000000000000e+02	4.00000000000000e+01	4.00000000000000e+01	4.00000000000000e+01	4.00000000000000e+01	4.00000000000000e+01	8.00000000000000e+01	8.00000000000000e+01	1.22554521560669e+01	1.22179994583130e+01	2.99503025404275e-01	0.00000000000000e+00	2.51415531472738e-01	-1.89912569522858e+00	8.22007656097412e-04	-1.89912569522858e+00	0.00000000000000e+00	3.67796213103195e+00	1.08273139073363e+01	-2.03410943368864e+01	-7.48137746748166e+01	0.00000000000000e+00	1.85995697975159e+00	1.00000000000000e+00	1.01030081199615e+00	2.16226787567139e+01	-1.67205352783203e-02	4.99923324584961e+01	1
72	65	71	66	2.18023255467415e-01	-1.15067827701569e+00	-1.38687014579773e+00	-1.22940886020660e+00	-1.06589138507843e+00	-1.28997087478638e+00	-1.10222864151001e+00	-9.32654976844788e-01	-1.07194757461548e+00	-8.72093021869659e-01	-8.56952488422394e-01	-1.04166662693024e+00	-8.56952488422394e-01	-1.28391468524933e+00	-1.17490303516388e+00	-1.32025182247162e+00	-1.41715109348297e+00	-1.33236420154572e+00	-1.27785849571228e+00	-1.19307172298431e+00	4.00000000000000e+01	4.00000000000000e+01	8.00000000000000e+01	8.00000000000000e+01	8.00000000000000e+01	8.00000000000000e+01	8.00000000000000e+01	1.60000000000000e+02	1.60000000000000e+02	1.60000000000000e+02	1.60000000000000e+02	1.60000000000000e+02	4.00000000000000e+01	1.60000000000000e+02	4.00000000000000e+01	4.00000000000000e+01	4.00000000000000e+01	4.00000000000000e+01	4.00000000000000e+01	8.00000000000000e+01	8.00000000000000e+01	1.22781124114990e+01	1.22477998733521e+01	3.01845045874982e-01	0.00000000000000e+00	3.91011128963258e-01	-1.05135667324066e+00	3.15138339996338e-04	-1.05135667324066e+00	0.00000000000000e+00	3.76991118430775e+00	1.19295233965198e+01	1.56176881885570e+02	5.88772973750721e+02	0.00000000000000e+00	-6.14358100891113e+01	1.00000000000000e+00	1.02010283397215e+00	2.16226787567139e+01	4.92173233032227e-02	1.88445034027100e+01	1
72	65	71	67	4.52013313770294e-01	-8.97918283939362e-01	-9.40676331520081e-01	-8.06293964385986e-01	-9.59001183509827e-01	-8.00185680389404e-01	-8.85701775550842e-01	-8.03239881992340e-01	-7.81860828399658e-01	-7.45211124420166e-01	-7.14669644832611e-01	-9.28459763526917e-01	-7.63536036014557e-01	-8.79593491554260e-01	-8.91809999942780e-01	-1.19722449779510e+00	-1.06284213066101e+00	-9.28459763526917e-01	-8.49052011966705e-01	-8.67376863956451e-01	4.00000000000000e+01	4.00000000000000e+01	8.00000000000000e+01	8.00000000000000e+01	8.00000000000000e+01	8.00000000000000e+01	8.00000000000000e+01	1.60000000000000e+02	1.60000000000000e+02	1.60000000000000e+02	1.60000000000000e+02	1.60000000000000e+02	4.00000000000000e+01	1.60000000000000e+02	4.00000000000000e+01	4.00000000000000e+01	4.00000000000000e+01	4.00000000000000e+01	4.00000000000000e+01	8.00000000000000e+01	8.00000000000000e+01	1.22781124114990e+01	1.22477998733521e+01	3.01066667910407e-01	0.00000000000000e+00	1.80462022427305e-01	-8.10094714164734e-01	4.74628925323486e-04	-8.10094714164734e-01	0.00000000000000e+00	5.54398703574669e+00	1.21269349601588e+01	1.02812187239104e+02	5.69989433170356e+02	0.00000000000000e+00	-4.07282905578613e+01	1.00000000000000e+00	1.02307852480784e+00	2.16226787567139e+01	4.87976379394531e-02	2.89222698211670e+01	1
72	65	71	68	4.40650939941406e+00	2.23343640565872e-01	3.86324137449265e-01	3.01815748214722e-01	-8.45084041357040e-02	1.32798925042152e-01	2.41452585905790e-02	-1.81089434772730e-02	-2.47488901019096e-01	-1.08653664588928e-01	-2.56543368101120e-01	2.04027438163757e+00	-1.84107601642609e-01	1.55736923217773e+00	9.41665112972260e-01	9.53737676143646e-01	1.09860932826996e+00	7.12285161018372e-01	7.96793520450592e-01	5.79486191272736e-01	4.00000000000000e+01	4.00000000000000e+01	8.00000000000000e+01	8.00000000000000e+01	8.00000000000000e+01	8.00000000000000e+01	8.00000000000000e+01	1.60000000000000e+02	1.60000000000000e+02	1.60000000000000e+02	1.60000000000000e+02	1.60000000000000e+02	4.00000000000000e+01	1.60000000000000e+02	4.00000000000000e+01	4.00000000000000e+01	4.00000000000000e+01	4.00000000000000e+01	4.00000000000000e+01	8.00000000000000e+01	8.00000000000000e+01	1.22554521560669e+01	1.22179994583130e+01	3.07618162433228e-01	0.00000000000000e+00	9.78245899000178e-01	2.93767333030701e-01	7.53228902816773e-04	2.93767333030701e-01	0.00000000000000e+00	6.85438397146864e+00	6.59791339113140e+01	6.55570579415315e+01	4.49353247171074e+02	0.00000000000000e+00	-8.87247085571289e+01	1.00000000000000e+00	1.25005419747119e+00	2.16226787567139e+01	4.93794708251953e-02	4.64330253601074e+01	1
72	65	71	69	4.36663389205933e+00	1.42833828926086e-01	2.95870065689087e-01	3.87691825628281e-01	-2.04048320651054e-01	-3.97894233465195e-01	-1.02024152874947e-02	-3.97894233465195e-01	-2.75465220212936e-01	-3.57084572315216e-02	-1.83643490076065e-01	1.81603002548218e+00	-6.88663065433502e-01	1.69360101222992e+00	1.24469482898712e+00	8.97812604904175e-01	8.57002913951874e-01	7.34573960304260e-01	6.22347414493561e-01	0.00000000000000e+00	4.00000000000000e+01	4.00000000000000e+01	8.00000000000000e+01	8.00000000000000e+01	8.00000000000000e+01	8.00000000000000e+01	8.00000000000000e+01	1.60000000000000e+02	1.60000000000000e+02	1.60000000000000e+02	1.60000000000000e+02	1.60000000000000e+02	4.00000000000000e+01	1.60000000000000e+02	4.00000000000000e+01	4.00000000000000e+01	4.00000000000000e+01	4.00000000000000e+01	4.00000000000000e+01	8.00000000000000e+01	8.00000000000000e+01	1.22781124114990e+01	1.22179994583130e+01	2.88967155546151e-01	0.00000000000000e+00	2.16973838554884e+00	1.54169872403145e-01	8.17428827285767e-04	1.54169872403145e-01	0.00000000000000e+00	8.37758040957278e+00	2.56932957229983e-01	3.57408871693386e+01	2.99422156170602e+02	0.00000000000000e+00	-3.06654453277588e+01	1.00000000000000e+00	5.71836928471869e-01	2.16226787567139e+01	2.92156314849854e-02	5.00730705261230e+01	1
72	65	71	70	5.92320251464844e+00	5.10620884597301e-02	1.53186276555061e-01	5.10620892047882e-01	2.80841499567032e-01	3.57434630393982e-01	1.91482841968536e-01	8.93586575984955e-02	-2.29779422283173e-01	-3.70200157165527e-01	-4.34027761220932e-01	3.31903600692749e+00	-3.82965683937073e-01	2.39991831779480e+00	1.12336599826813e+00	1.58292484283447e+00	1.17442810535431e+00	1.22549021244049e+00	3.06372553110123e-01	4.08496707677841e-01	4.00000000000000e+01	4.00000000000000e+01	8.00000000000000e+01	8.00000000000000e+01	8.00000000000000e+01	8.00000000000000e+01	8.00000000000000e+01	1.60000000000000e+02	1.60000000000000e+02	1.60000000000000e+02	1.60000000000000e+02	1.60000000000000e+02	4.00000000000000e+01	1.60000000000000e+02	4.00000000000000e+01	4.00000000000000e+01	4.00000000000000e+01	4.00000000000000e+01	4.00000000000000e+01	8.00000000000000e+01	8.00000000000000e+01	1.22781124114990e+01	1.22179994583130e+01	2.97487509019633e-01	0.00000000000000e+00	9.77754120127755e-01	3.63108277320862e-01	8.17004919052124e-04	3.63108277320862e-01	0.00000000000000e+00	1.17809724509617e+01	1.77237749202482e+01	1.42897629164749e+01	1.68347303249765e+02	0.00000000000000e+00	-2.99500770568848e+01	1.00000000000000e+00	1.07588977299671e+00	2.16226787567139e+01	1.16748065948486e-02	4.99716567993164e+01	1
0
