nan
nan
nan
nan
nan
1.450315127187740245e+02
1.316509574952008848e+02
1.184647424280104246e+02
1.061039308795564864e+02
9.513817142302241336e+01
8.553377364004911954e+01
7.691459814370377046e+01
6.890057499769298488e+01
6.113638927134005741e+01
5.355917464118972049e+01
4.628389153448228654e+01
3.942676849852085752e+01
3.310181569540022650e+01
2.735158336500205678e+01
2.213355268565063838e+01
1.740023907343510245e+01
nan
nan
nan
nan
nan
nan
nan
nan
nan
nan
nan
nan
1.586546529367571168e+02
1.471293048155842484e+02
1.350603492774713743e+02
1.230478451496461787e+02
1.106893080201512163e+02
9.885975686222197112e+01
8.849096234305292796e+01
7.938954957852962480e+01
7.097467007113473869e+01
6.286335547041079508e+01
5.535026034975481934e+01
4.801300736823888826e+01
4.102454236442559932e+01
3.449046939094181141e+01
2.852354007778384215e+01
2.308174035819379810e+01
1.813050691098609235e+01
1.355873559534146544e+01
9.386214994611444595e+00
5.651815983017066891e+00
2.424695433702489300e+00
nan
nan
nan
nan
nan
nan
nan
nan
1.569187267630671840e+02
1.465911535835276993e+02
1.361084067017933137e+02
1.249421399418794181e+02
1.133872356497905258e+02
1.023724427922833797e+02
9.126581532680980047e+01
8.149361571885103217e+01
7.268856033891590585e+01
6.428319672837662324e+01
5.655700304106903076e+01
4.931248089389572442e+01
4.224224440959731908e+01
3.559339413132019558e+01
2.945767356133860915e+01
2.381820948177302455e+01
1.865503073212325447e+01
1.383897317824393980e+01
9.391219652041936428e+00
5.351808542481125031e+00
1.702829686075716165e+00
-1.494987372913770818e+00
-4.269862303557935945e+00
-6.674482066161385951e+00
nan
nan
nan
nan
nan
1.524428361680834314e+02
1.433169594202244070e+02
1.340810997461391025e+02
1.244494221369885167e+02
1.142461149136188823e+02
1.036460549352685803e+02
9.304611808096682068e+01
8.300052044313127908e+01
7.371228502392474979e+01
6.520084399254379548e+01
5.731565546559222213e+01
4.988298561757369498e+01
4.284901067393246166e+01
3.619619836912561084e+01
3.001036007154290175e+01
2.422872940853289592e+01
1.886760996029878257e+01
1.386116361073958281e+01
9.180448655783809642e+00
4.856215594016953574e+00
9.628291182274644200e-01
-2.542859527243813034e+00
-5.681357474441088407e+00
-8.393287550845254685e+00
-1.077130721385541712e+01
-1.287731439817598655e+01
-1.475154126231512031e+01
nan
nan
1.445910004254772332e+02
1.364294693255229731e+02
1.284047662510983230e+02
1.202568329449787825e+02
1.116926306307645689e+02
1.023917859239741830e+02
9.266300317841783851e+01
8.293434355690999382e+01
7.372381287327040411e+01
6.498919247326625737e+01
5.696177395704489754e+01
4.953932323386696623e+01
4.256547963371340870e+01
3.591695596789502787e+01
2.972042943510813018e+01
2.394523879108642106e+01
1.856114711075549550e+01
1.351080810208372540e+01
8.658583310268726407e+00
4.113286232002548282e+00
-8.649725692629706142e-02
-3.817963767937432085e+00
-7.153391481698128551e+00
-1.018006038308871020e+01
-1.282412740571060183e+01
-1.510890848511397877e+01
-1.715679332928971590e+01
-1.903113899677172682e+01
-2.077206438240026287e+01
-2.238389549044799764e+01
1.258025957386869038e+02
1.194770408844580061e+02
1.123516701020505621e+02
1.052577524017950452e+02
9.783101485441883938e+01
8.943317440274600472e+01
8.050887587416836766e+01
7.213702429327223342e+01
6.367660192409034892e+01
5.565482298441475706e+01
4.797094156640000762e+01
4.089317421364422955e+01
3.442451819107213851e+01
2.818297194858721966e+01
2.237802543901267072e+01
1.704358316835122977e+01
1.207338837269026577e+01
7.376148268525011709e+00
2.873137234761101499e+00
-1.455939965244587908e+00
-5.474159390575692896e+00
-9.027810605801450450e+00
-1.217377591847996854e+01
-1.504029850262531198e+01
-1.759876789723239554e+01
-1.979216465120424573e+01
-2.177372844260317208e+01
-2.363999420079611014e+01
-2.536090035097627648e+01
-2.685899350282738141e+01
1.064218011278763072e+02
1.013765985756491546e+02
9.601359654151337963e+01
8.983351542850090254e+01
8.334153654780547527e+01
7.589474986248700361e+01
6.849179969268024593e+01
6.076929427354678381e+01
5.307976187390640632e+01
4.574722620793836825e+01
3.869582618827838161e+01
3.193195938180336668e+01
2.571978033598309210e+01
1.988519625049787010e+01
1.450816471790010631e+01
9.498146073846628568e+00
4.790637143716024227e+00
3.885144832929625647e-01
-3.731241708734335472e+00
-7.633678284960290661e+00
-1.135609538492415993e+01
-1.470395188515250950e+01
-1.765006702263369576e+01
-2.032382017181759082e+01
-2.274350984409253229e+01
-2.485085902310403938e+01
-2.677356553671672401e+01
-2.852465184010862131e+01
-3.007502638793753036e+01
-3.151174791905699024e+01
8.749129063454049060e+01
8.336760451693274376e+01
7.901632674900572795e+01
7.421196033122377855e+01
6.872768229742929691e+01
6.250119395469399564e+01
5.584256985643000348e+01
4.897750826679973102e+01
4.213353195033499077e+01
3.548011099042638250e+01
2.897988127468091690e+01
2.271880488178673119e+01
1.679733800684199707e+01
1.129970844968924126e+01
6.176368105611715897e+00
1.400835024244504901e+00
-3.043668417060530818e+00
-7.173919840951459292e+00
-1.100669687007642139e+01
-1.455877712708350558e+01
-1.784693823462080076e+01
-2.088563652657457581e+01
-2.363728801251826184e+01
-2.611156282883663948e+01
-2.832875372462719454e+01
-3.030855880068707009e+01
-3.205579479109827901e+01
-3.362088126873840110e+01
-3.506457755966460610e+01
-3.644708698537000657e+01
6.987512726390772855e+01
6.659285705881143258e+01
6.312889416119706709e+01
5.916761156048466574e+01
5.436703306200778485e+01
4.886197780944435465e+01
4.301199981832341734e+01
3.695428983139789381e+01
3.090681747358688014e+01
2.481858815373432847e+01
1.890795965747242136e+01
1.314465658810443216e+01
7.662819585934792954e+00
2.647719936110019656e+00
-2.015057914709747600e+00
-6.459553274753686125e+00
-1.062210098731960173e+01
-1.447748893127820757e+01
-1.804072234922771045e+01
-2.137934031074860997e+01
-2.459251096943854265e+01
-2.756187382000144837e+01
-3.008198618945565883e+01
-3.236984596463676667e+01
-3.438642324354370317e+01
-3.616572513273598588e+01
-3.778228292027637991e+01
-3.923132339878927155e+01
-4.052658354123216355e+01
-4.174877683243352777e+01
5.354695191784622210e+01
5.094645401417218267e+01
4.808606121897080499e+01
4.455413966039262164e+01
4.019906756297329053e+01
3.520122727038985744e+01
3.006999616972259659e+01
2.473298189511396927e+01
1.933189912130089283e+01
1.372648609629553462e+01
8.265997366531271595e+00
3.122432908947343044e+00
-1.847594367457336073e+00
-6.408957607187069527e+00
-1.049741994892153762e+01
-1.448209997108207148e+01
-1.830689427921406676e+01
-2.189905769865879748e+01
-2.530015472999162895e+01
-2.862016595555311937e+01
-3.191292545597454122e+01
-3.464504867562515500e+01
-3.688495280322614178e+01
-3.894092999922769849e+01
-4.079951330118446151e+01
-4.240356930538969493e+01
-4.382499222002886086e+01
-4.513333952085936573e+01
-4.633261419397634029e+01
-4.739508503180393717e+01
3.820347881117393740e+01
3.602526375614770870e+01
3.339793359732476574e+01
3.019741914554051476e+01
2.623502366961526278e+01
2.166376552519409060e+01
1.705765973970395777e+01
1.232262275133572160e+01
7.485579966227437154e+00
2.333617816567595149e+00
-2.762097357774663919e+00
-7.496132811773454918e+00
-1.186061159121090292e+01
-1.591276058221425949e+01
-1.961991108970644859e+01
-2.316878338890187194e+01
-2.663716042711228482e+01
-3.000337283323652926e+01
-3.331503788679069089e+01
-3.655774841817483889e+01
-3.954341234107354808e+01
-4.202552303281553492e+01
-4.406528852578771449e+01
-4.587113508767204451e+01
-4.750200844760669128e+01
-4.896612236010369656e+01
-5.023907014092409185e+01
-5.136105597042062954e+01
-5.237787049113254767e+01
-5.333146847625197040e+01
2.354061839521850175e+01
2.146344360666906326e+01
1.900937148528414866e+01
1.609129191790445645e+01
1.250017362822080180e+01
8.327927407469179144e+00
4.124603920562252668e+00
-1.879263438006644193e-01
-4.532632434000964494e+00
-9.273616446329127072e+00
-1.403231220410880908e+01
-1.841999908728496038e+01
-2.239891304567125729e+01
-2.605134248061532531e+01
-2.944311824956045953e+01
-3.267792971813852887e+01
-3.581778983206881151e+01
-3.892367201049678727e+01
-4.201889954822196671e+01
-4.491768318806042970e+01
-4.747293717411280767e+01
-4.961181079198997423e+01
-5.149442051328598779e+01
-5.311633769865741783e+01
-5.452911959940562525e+01
-5.578044120893542157e+01
-5.688954456590847286e+01
-5.784684650967534481e+01
-5.869415173210386172e+01
-5.949209922183047183e+01
9.359342868931296522e+00
7.318086516211224080e+00
4.975357449224408590e+00
2.259753215731543641e+00
-9.802103149232260781e-01
-4.764231546396058725e+00
-8.627693115649760713e+00
-1.263246926494681688e+01
-1.662323052175196381e+01
-2.099570913476227574e+01
-2.536430022697101805e+01
-2.932105576697658122e+01
-3.310120377203525521e+01
-3.654504757233615209e+01
-3.964984726332885145e+01
-4.258544052381232348e+01
-4.534292176137721953e+01
-4.811488325502880770e+01
-5.088459707101722529e+01
-5.335551774568203598e+01
-5.550454678453536417e+01
-5.740082029807653896e+01
-5.903192503126204116e+01
-6.049048295761541283e+01
-6.168688565891771702e+01
-6.269775624935172686e+01
-6.358196366694653534e+01
-6.434666152617545265e+01
-6.505507087993845516e+01
-6.573445474479166251e+01
-4.321413996246393552e+00
-6.386705725007015388e+00
-8.650196335934682068e+00
-1.122148716585475370e+01
-1.418085591352987684e+01
-1.758960153276802885e+01
-2.115866512091293572e+01
-2.489729804829467952e+01
-2.868670673939310944e+01
-3.270742465340322980e+01
-3.657745884759695798e+01
-4.036416097856471197e+01
-4.392705017464093231e+01
-4.711632369502507345e+01
-4.997008002346779421e+01
-5.257836593767765976e+01
-5.498369518009337753e+01
-5.741482680828839591e+01
-5.974257090943717685e+01
-6.184134387345726225e+01
-6.378470924167412193e+01
-6.542319754786100816e+01
-6.677668457389351886e+01
-6.790525680178276957e+01
-6.890147733393627050e+01
-6.967337151007559726e+01
-7.032572133225752964e+01
-7.091344490458358507e+01
-7.148417345923502353e+01
-7.203846950374222047e+01
-1.745956337980206285e+01
-1.956361444942965377e+01
-2.182238178445159704e+01
-2.430305523645317933e+01
-2.707439344755929511e+01
-3.017098173681947770e+01
-3.349324359953730124e+01
-3.698516155192147892e+01
-4.059070280092553418e+01
-4.426333859077927713e+01
-4.793817572076494571e+01
-5.148538489917449823e+01
-5.477627290886507438e+01
-5.770024226469607243e+01
-6.026627585084553829e+01
-6.255978832104980825e+01
-6.468255755128092233e+01
-6.674118379874872176e+01
-6.874867536620789110e+01
-7.063454788054798428e+01
-7.230896945884320814e+01
-7.368137940086231197e+01
-7.473974653911878363e+01
-7.554745134759942005e+01
-7.617139385279077146e+01
-7.667745667633037954e+01
-7.712152948813019293e+01
-7.755738673147372708e+01
-7.798805435321902735e+01
-7.841570005468125260e+01
-3.004941405271480903e+01
-3.217177556664141491e+01
-3.443700433342827694e+01
-3.686627052657405557e+01
-3.955419255268706991e+01
-4.251092143600551765e+01
-4.564689584074226048e+01
-4.893218625843557845e+01
-5.229761051132919647e+01
-5.576826282380353916e+01
-5.911456471941400537e+01
-6.244196546909126511e+01
-6.551943910819734640e+01
-6.820617644346651787e+01
-7.045418698958727077e+01
-7.248282385152890583e+01
-7.437693205493468440e+01
-7.614558077829495630e+01
-7.795470150035933443e+01
-7.959968526845312908e+01
-8.101031950555409367e+01
-8.214266160956731255e+01
-8.285731144846968732e+01
-8.331367712533321424e+01
-8.359571134876270548e+01
-8.359220613854287762e+01
-8.394602365753227957e+01
-8.425521662720467475e+01
-8.455550775209675862e+01
-8.486715608881600303e+01
-4.208783019631991351e+01
-4.422980809995092955e+01
-4.648580677497238156e+01
-4.892038843579064178e+01
-5.153808147009974761e+01
-5.440954027723305586e+01
-5.739150447898167329e+01
-6.049348543206970419e+01
-6.379108242180701893e+01
-6.715531672694993404e+01
-7.036006086649801716e+01
-7.332095357571269290e+01
-7.621908726382649490e+01
-7.871453481296761368e+01
-8.075355427939828701e+01
-8.259288874893142918e+01
-8.405696890729541337e+01
-8.561466354438168480e+01
-8.720342404525368352e+01
-8.862749921818020482e+01
-8.992505431108213543e+01
-9.076119890087369413e+01
-9.113954311317206702e+01
-9.126165410593745264e+01
-9.082667127614442393e+01
-9.040206063624839317e+01
-9.051093545963618681e+01
-9.083749002297165021e+01
-9.107856114366258282e+01
-9.132805067485099926e+01
-5.349295131694007210e+01
-5.570856578647043023e+01
-5.798994270412759988e+01
-6.038332495543497913e+01
-6.297848293664961261e+01
-6.575269319044804206e+01
-6.870089982775938608e+01
-7.181136457948680629e+01
-7.501324166794567816e+01
-7.826942645327372361e+01
-8.141378382498206179e+01
-8.436742132126484250e+01
-8.698538860132363482e+01
-8.929810401315442903e+01
-9.115898387705676953e+01
-9.256845713186122282e+01
-9.387009469927002669e+01
-9.526128672402242614e+01
-9.665261439627649054e+01
-9.795716111909753465e+01
-9.898224190744798534e+01
-9.949694595402574748e+01
-9.952242700266145903e+01
-9.897529584498673216e+01
-9.813240582000713630e+01
-9.735518154551746761e+01
-9.707672847672657213e+01
-9.716619824190919985e+01
-9.745482845244208647e+01
-9.770826994459372372e+01
-6.418265676598062441e+01
-6.645898170788697712e+01
-6.878810539350666886e+01
-7.122228744890985297e+01
-7.381866914518239753e+01
-7.658507721346599340e+01
-7.956367925413114506e+01
-8.267619759565762649e+01
-8.587214052505140671e+01
-8.911123509873716841e+01
-9.226372129466581384e+01
-9.522668681049184158e+01
-9.787956563815879463e+01
-1.001000546074604500e+02
-1.016598387712639209e+02
-1.028722509028763028e+02
-1.039776865067957914e+02
-1.051774236337176802e+02
-1.064377173249428949e+02
-1.074932448812928243e+02
-1.081633674176490132e+02
-1.082988151797252243e+02
-1.077418658688827833e+02
-1.067881336597011597e+02
-1.056908651039567530e+02
-1.046738390608019103e+02
-1.039694407777118954e+02
-1.037002438927187882e+02
-1.037294020449494951e+02
-1.039179679326440464e+02
-7.413950557693735277e+01
-7.647361168095829953e+01
-7.886260518811270970e+01
-8.141501383116506929e+01
-8.409057441189206372e+01
-8.700851967045485935e+01
-8.986366072195951915e+01
-9.303908806767918804e+01
-9.640120104367753129e+01
-9.981013564588289455e+01
-1.030402373400050493e+02
-1.060964546891133580e+02
-1.090098277090185945e+02
-1.113235251024937469e+02
-1.129705957910010170e+02
-1.139930297425577521e+02
-1.147259497908083716e+02
-1.154853002169158742e+02
-1.164200269570694530e+02
-1.171038480673448987e+02
-1.174312241517994551e+02
-1.171931628106280243e+02
-1.161774672191097864e+02
-1.148433168231020005e+02
-1.134895036921595022e+02
-1.122251352413046561e+02
-1.111174099639249135e+02
-1.103752358812167529e+02
-1.100630506481520570e+02
-1.099295622990471486e+02
-8.345077052026788067e+01
-8.588920199597366434e+01
-8.844905142803854403e+01
-9.109777041620984050e+01
-9.400540940891652042e+01
-9.713639803641237336e+01
-1.002839238056132274e+02
-1.034575042565267751e+02
-1.069501540718037518e+02
-1.105339634811692378e+02
-1.139923184533679148e+02
-1.174991322288651645e+02
-1.205810408869597126e+02
-1.229635599605719847e+02
-1.246017945862616756e+02
-1.255663847550871282e+02
-1.260223613197185415e+02
-1.263380798800779559e+02
-1.267728095933463095e+02
-1.269442079903142826e+02
-1.267882553977669033e+02
-1.259943014874250906e+02
-1.245207521705296330e+02
-1.229023835953601491e+02
-1.212855078717498571e+02
-1.197577904229698049e+02
-1.183946534641462449e+02
-1.172291966333132365e+02
-1.163656519822863231e+02
-1.158394215650040451e+02
-9.221327425285033996e+01
-9.484240658948188241e+01
-9.761273576636250482e+01
-1.005697637327839260e+02
-1.037510995980255331e+02
-1.071151027736396770e+02
-1.105651604950744371e+02
-1.141321913840237983e+02
-1.178342192179742227e+02
-1.217065634010980375e+02
-1.256815077668751712e+02
-1.294323332465950216e+02
-1.326529721700024425e+02
-1.350997383832312551e+02
-1.367020374971648380e+02
-1.375566698676202861e+02
-1.378034823954436092e+02
-1.376781955841107106e+02
-1.374138042964584656e+02
-1.368710038853037076e+02
-1.359429738202392457e+02
-1.345027803642605875e+02
-1.326970150451866175e+02
-1.307895272296103428e+02
-1.288864969011018218e+02
-1.270916695122767806e+02
-1.254805164328986820e+02
-1.240586390297935111e+02
-1.228154644536149078e+02
-1.217580211878190397e+02
-1.003816401650230432e+02
-1.034344166270188055e+02
-1.066034972589391430e+02
-1.098969941923530200e+02
-1.133820819953741506e+02
-1.171033899356205268e+02
-1.211303279827755688e+02
-1.251323790921501171e+02
-1.292426935750590360e+02
-1.333855080787992335e+02
-1.375148329566361269e+02
-1.416052416451053659e+02
-1.451750578688373139e+02
-1.478903406020571083e+02
-1.494297228375582449e+02
-1.502061189715820433e+02
-1.503276275185620818e+02
-1.494541567634341277e+02
-1.481107182527915143e+02
-1.467009160488869952e+02
-1.449140030890065702e+02
-1.426934715286759285e+02
-1.406027757285841631e+02
-1.383895839141599708e+02
-1.361645593235921865e+02
-1.340429072026336712e+02
-1.321448972301295726e+02
-1.304489885397884450e+02
-1.289185953560956648e+02
-1.276469430552543258e+02
-1.076687061039194333e+02
-1.110452478444991726e+02
-1.146965994498168158e+02
-1.185543680062384482e+02
-1.224165709540462643e+02
-1.264445931250371586e+02
-1.309201633782668353e+02
-1.358745162801961328e+02
-1.406364617228114184e+02
-1.454225775331402986e+02
-1.500742141680494228e+02
-1.542757103653209754e+02
-1.583200827072923289e+02
-1.614715976294482687e+02
-1.632347409722692078e+02
-1.641837719408557632e+02
-1.637955150258401318e+02
-1.621876037098969618e+02
-1.594767601870838405e+02
-1.567261405102198637e+02
-1.540158789618950266e+02
-1.508990493033068105e+02
-1.479889484333288863e+02
-1.454990141629969855e+02
-1.429663973618665977e+02
-1.404864154553055187e+02
-1.382733134101558221e+02
-1.362345975087634997e+02
-1.345490289405610440e+02
-1.331224504000272759e+02
-1.140275667791222816e+02
-1.177741342906559794e+02
-1.216838394626338413e+02
-1.258675937663964106e+02
-1.303638758947814154e+02
-1.349533557483557331e+02
-1.398571416629560247e+02
-1.451884624373619488e+02
-1.510816788338826200e+02
-1.568929059390083296e+02
-1.626066572334691500e+02
-1.678374757596718609e+02
-1.722081430981049834e+02
-1.758060356884127771e+02
-1.781132061852638060e+02
-1.788298002311410357e+02
-1.778586498224954369e+02
-1.755184372708358751e+02
-1.720423738183694411e+02
-1.677477795042909179e+02
-1.634804816068860305e+02
-1.593722807349465143e+02
-1.554759909450241082e+02
-1.520553225559200428e+02
-1.491129554597139020e+02
-1.463147613430964213e+02
-1.437361128217652606e+02
-1.415803592626944010e+02
-1.397021351820984023e+02
-1.379715151385543663e+02
-1.194220936121631667e+02
-1.234419757435584586e+02
-1.275972456980952643e+02
-1.320015040927099506e+02
-1.367962365693502136e+02
-1.419803619934248502e+02
-1.474553220996793073e+02
-1.533317584301986756e+02
-1.597704824895581908e+02
-1.669627025442477191e+02
-1.741659501472306033e+02
-1.808921640064432950e+02
-1.867154806875479949e+02
-1.909878558005642333e+02
-1.931411999871232865e+02
-1.935166101662290714e+02
-1.921919006305594166e+02
-1.891116807150397392e+02
-1.846206354179273035e+02
-1.792961581678903542e+02
-1.736593345017367085e+02
-1.682377063346364707e+02
-1.632850930777321423e+02
-1.588090498972382250e+02
-1.548262456925153288e+02
-1.514180447589744460e+02
-1.486119169962296951e+02
-1.461950473671552686e+02
-1.440267887268126117e+02
-1.419914793889178668e+02
-1.238934854418950522e+02
-1.279140487542968572e+02
-1.322175475991689382e+02
-1.369659855508786848e+02
-1.419130993997658550e+02
-1.472496024767939389e+02
-1.531692786738248060e+02
-1.597094971675302872e+02
-1.671668665948141665e+02
-1.760086618616046792e+02
-1.850160917367832099e+02
-1.935437392377760091e+02
-2.023672948248392629e+02
-2.077710078739978883e+02
-2.094086030806587644e+02
-2.092463285554214281e+02
-2.072244648949296106e+02
-2.026609054088877144e+02
-1.967234378975944082e+02
-1.901033526436017098e+02
-1.835184043365975981e+02
-1.763301904647539402e+02
-1.701188584256034630e+02
-1.644699007064860439e+02
-1.594788371066953232e+02
-1.557026051018139867e+02
-1.525734900586871845e+02
-1.497130485399856923e+02
-1.472951796119082246e+02
-1.451232855004083149e+02
-1.276356607515589161e+02
-1.316928434764449776e+02
-1.362766279728793393e+02
-1.410613281696173829e+02
-1.460043297394189210e+02
-1.515597326637576714e+02
-1.579916671649983186e+02
-1.652933666062218094e+02
-1.741343361239868273e+02
-1.849363390059755261e+02
-1.959543370128186268e+02
-2.077181295755192707e+02
-2.199612787440172497e+02
-2.264422347141216392e+02
-2.273790626192966045e+02
-2.259447134987925665e+02
-2.227483392623977920e+02
-2.166392192793640561e+02
-2.091530655185796945e+02
-2.014943943249957385e+02
-1.920377640943448512e+02
-1.832190875193474540e+02
-1.756276635198444183e+02
-1.687661929378907359e+02
-1.634281780223628004e+02
-1.593348182327673328e+02
-1.559515000402764144e+02
-1.528365604729987410e+02
-1.499728442624693230e+02
-1.475914840019244991e+02
-1.308604440560993112e+02
-1.350929305183930182e+02
-1.395582440762968872e+02
-1.442107100466738814e+02
-1.493627301614307328e+02
-1.552927173551215958e+02
-1.621518700239326449e+02
-1.704762623277139255e+02
-1.812860879990179512e+02
-1.943368180748468035e+02
-2.087217297556053666e+02
-2.247356127902889114e+02
-2.385736617964594757e+02
-2.461318606875097430e+02
-2.474618745900896215e+02
-2.442573707469585145e+02
-2.389434387552011003e+02
-2.312810847547898447e+02
-2.223389197100411536e+02
-2.111485968425654391e+02
-1.993240522976228419e+02
-1.888718358159930233e+02
-1.798543093185415103e+02
-1.725307171637556678e+02
-1.669544047667636733e+02
-1.625323761486888827e+02
-1.587766384095803289e+02
-1.554974646346472866e+02
-1.524279295330190109e+02
-1.496538780421725505e+02
-1.337796598704606765e+02
-1.378851028736812054e+02
-1.421760070720623901e+02
-1.468947610223687548e+02
-1.522837532813649375e+02
-1.586056298678125529e+02
-1.664021405797728050e+02
-1.763757371341030193e+02
-1.892298768013137078e+02
-2.056668168603275433e+02
-2.245641012029635704e+02
-2.429544783889008102e+02
-2.578202611597527607e+02
-2.662866345288570074e+02
-2.678785926051381807e+02
-2.641124136909703566e+02
-2.565646504329747017e+02
-2.465609649570353668e+02
-2.337170733825837488e+02
-2.193696776936066328e+02
-2.053133737646299437e+02
-1.933018748415315997e+02
-1.838058341683830861e+02
-1.763095787213984522e+02
-1.703619897804426557e+02
-1.655120922731300084e+02
-1.613818833913594517e+02
-1.577848403749374029e+02
-1.545654679317938189e+02
-1.515682707698585148e+02
