-175.290190
-200.137571
-246.067910
-322.112640
-299.770661
-243.600019
-207.724665
-190.366501
-155.527536
-175.964471
-204.909380
-239.178098
-237.886362
-210.568351
-189.290429
-176.644143
-125.613499
-140.274723
-158.430875
-177.281463
-180.850381
-173.582300
-163.741558
-157.700303
-82.208632
-94.918351
-110.641309
-124.982655
-133.081110
-136.319252
-133.629317
-132.206606
-27.465057
-40.659615
-58.899283
-76.372509
-88.493723
-97.198568
-102.304653
-104.267626
39.146468
21.292916
-2.491738
-27.464847
-46.089961
-60.419506
-70.339424
-75.571579
114.239822
87.798490
52.166380
17.874783
-6.966646
-28.113535
-41.209723
-49.293902
198.806505
151.278740
99.151851
57.250274
23.754585
-0.195896
-17.249664
-27.300458
204.975621
135.046115
85.888220
47.389522
18.736162
-17.184321
18.652103
-0.225569
