2.754260
-1.160093
-1.130235
-1.879102
-3.976542
-2.349272
-2.484811
-2.137320
-2.757740
-2.599768
-2.102730
-2.975873
-3.074317
-2.834859
-2.564952
-2.487595
-1.928772
-1.765573
-2.552744
-2.503651
-2.278306
-2.615581
-2.541710
-2.637186
-2.454222
-2.577188
-2.557107
-3.015351
-2.006472
-1.995359
-2.528606
-2.256732
-6.917190
-4.796783
-3.227346
-7.456162
-2.200351
-2.275241
-2.003769
-2.735796
1.242383
1.153692
-34.833717
-5.636535
-2.771862
-3.208985
-2.041708
-2.167883
-0.230054
-0.982783
0.795093
5.747842
-23.824785
-6.594404
-4.528323
-4.471930
-0.954482
-0.143463
0.531968
2.390133
5.610614
-908.203064
-6.049822
-5.999324
-0.912589
-0.205592
0.934961
1.739741
5.551397
-7.575072
7.060494
-751.736084
