2.767406
-1.226007
-1.573075
-1.799703
-4.050182
-2.697312
-2.344916
-2.230247
-2.527380
-2.956081
-2.096117
-3.262143
-3.421095
-2.781623
-2.816808
-2.599768
-2.383365
-1.978994
-2.539752
-2.536251
-2.650407
-2.517742
-2.802398
-2.533257
-2.396999
-2.837447
-2.633249
-3.066350
-2.152976
-2.129233
-2.598845
-2.524480
-7.959674
-5.447477
-3.742214
-7.918609
-2.137663
-2.237530
-2.255025
-3.184391
1.723012
1.605137
-32.253445
-6.187081
-2.834503
-3.722924
-2.478771
-1.999200
0.055959
-0.416750
1.419809
6.370352
-27.190170
-6.634451
-4.272175
-5.236362
-0.669377
0.000000
0.977336
2.740070
7.848466
-1080.078125
-8.007117
-5.802163
-0.462461
-0.461025
0.643947
1.658063
6.528609
-6.987156
7.269385
-906.249939
