2.599785
-0.458105
-1.060834
-1.644215
-3.394120
-2.084895
-2.008500
-1.689279
-2.014006
-2.101589
-1.788643
-2.107078
-2.504135
-2.119490
-2.014846
-1.817858
-1.662510
-1.283759
-1.760289
-1.789719
-1.808283
-1.725240
-2.095282
-1.750546
-1.773906
-1.866240
-1.773477
-2.011297
-1.503261
-1.542738
-1.679352
-1.855110
-5.102041
-3.078283
-2.404812
-5.362482
-1.564067
-1.382743
-1.331658
-2.006040
0.997533
0.351124
-19.997133
-3.709626
-1.777437
-2.074559
-1.798202
-1.636845
-0.298448
-0.510052
0.418844
2.303287
-14.957266
-3.444041
-2.675827
-2.732846
-0.892503
-0.601921
0.077321
1.138945
2.957161
-528.320312
-3.580961
-3.464398
-0.687525
-0.436104
0.009288
1.053646
4.491018
-4.318922
3.812249
-468.750000
