3.030343
-0.955758
-1.077358
-1.501958
-4.050182
-2.248876
-2.591398
-2.017842
-2.270693
-2.678948
-1.924196
-2.922614
-2.507469
-2.588639
-2.591463
-2.289643
-2.246987
-1.519816
-2.240958
-2.386292
-2.741801
-2.478606
-2.541710
-2.163012
-2.371567
-2.177280
-2.531726
-2.785853
-1.923665
-2.020859
-2.254036
-2.116483
-7.248332
-3.929191
-2.875728
-7.025390
-2.294383
-2.168393
-1.796482
-2.615750
1.051944
1.638577
-32.396790
-5.688968
-2.638750
-3.208985
-2.253996
-2.336565
-0.074612
-0.615794
0.972569
4.793326
-20.192308
-4.818988
-3.421399
-3.975049
-0.749950
-0.286926
0.680424
1.967568
5.514706
-669.921875
-6.939502
-5.928910
-0.493291
-0.386264
0.507727
1.756077
4.823686
-7.416787
6.956049
-671.875000
