2.606358
-0.599821
-1.087273
-1.379552
-2.985754
-1.539409
-1.608799
-1.593033
-1.698084
-1.583615
-1.487780
-2.033846
-1.783904
-1.949798
-1.690085
-1.689189
-1.405990
-1.445442
-1.399787
-1.786459
-1.589592
-1.382801
-1.622784
-1.240646
-1.293871
-1.418723
-1.230965
-1.628800
-1.477782
-1.198490
-1.414359
-1.198490
-4.194466
-1.997964
-1.648207
-5.976966
-1.410481
-1.172189
-1.224874
-1.367898
0.616657
-0.050161
-18.491974
-2.693740
-1.503383
-1.516747
-1.052073
-1.224510
-0.475652
-0.702876
0.450789
2.251411
-7.077991
-1.828812
-1.875366
-1.498288
-0.799534
-0.533308
0.049485
0.462180
1.902174
-317.382812
-2.657918
-2.274392
-0.770768
-0.439220
-0.235288
0.747354
1.538590
-2.125543
2.840909
-315.972229
