2.635938
-0.626186
-1.169892
-1.518500
-3.514621
-2.121707
-2.061794
-1.822032
-2.257529
-2.259950
-1.980401
-2.383362
-2.500800
-2.042962
-2.256760
-1.982818
-1.818371
-1.471311
-1.964898
-1.923378
-2.023710
-2.100292
-2.206074
-1.958403
-2.164929
-1.970978
-1.852792
-1.896547
-1.761236
-1.899735
-1.854950
-1.784986
-5.831780
-3.662240
-2.637131
-6.806837
-1.968405
-1.879274
-1.658291
-2.182951
1.151698
0.376204
-28.741400
-4.712406
-2.180688
-2.648040
-1.757617
-1.799280
-0.195857
-0.743307
0.617617
3.973689
-15.491453
-3.490762
-2.749012
-3.512567
-0.632190
-0.458458
0.491761
1.650645
4.195971
-631.835938
-5.827402
-3.922094
-0.539537
-0.728917
0.213617
0.861703
3.773703
-5.800018
4.553810
-596.354187
