2.688525
-1.357836
-1.103797
-1.832786
-4.277796
-2.871332
-2.431518
-2.562128
-2.665596
-2.962679
-2.367224
-3.355347
-3.794547
-3.393846
-3.002386
-2.942884
-2.363882
-2.121275
-2.909998
-2.966566
-2.767913
-2.674285
-3.063087
-2.832052
-2.918362
-2.748578
-3.312183
-3.385098
-2.350438
-2.365106
-2.873417
-2.766728
-8.278551
-6.114855
-3.767330
-8.305037
-2.513791
-2.815768
-2.198493
-3.595077
1.668601
1.304173
-36.410553
-6.606544
-3.453082
-4.124048
-2.815934
-2.636446
-0.223836
-0.317227
1.512097
6.972112
-29.220085
-7.021572
-4.875951
-5.641511
-1.035056
-0.274451
1.527860
3.492764
8.855499
-1134.765625
-9.252669
-5.773997
-0.795432
-0.286583
1.064989
2.376830
8.379076
-9.135311
8.230281
-934.027832
