2.524190
-1.581945
-1.599514
-2.355494
-4.920469
-2.991808
-2.791249
-3.046676
-3.119735
-3.919447
-2.869763
-4.447166
-4.001280
-3.892941
-3.638653
-3.450961
-3.006806
-2.573986
-2.987944
-3.292562
-3.042093
-3.346118
-3.727842
-3.520578
-3.840285
-3.630916
-3.800762
-3.965218
-2.872758
-2.926102
-3.448100
-2.855977
-10.216346
-7.624800
-4.395218
-9.502331
-3.159478
-3.142599
-2.820352
-4.226901
2.457560
2.859149
-53.182339
-8.612102
-3.766286
-5.383825
-3.078172
-3.354908
0.211401
-0.317227
1.916742
9.399900
-42.628204
-8.957176
-6.495170
-7.407351
-1.320161
0.168413
2.028899
5.202831
11.045397
-1550.781250
-11.098755
-7.689275
0.209649
0.274123
1.665594
3.046589
11.976048
-11.667873
11.635195
-1248.263916
