2.658945
-0.764607
-1.123625
-1.435793
-3.059394
-2.141786
-2.128411
-1.672685
-1.915280
-1.702386
-1.415044
-2.010545
-2.137351
-1.869942
-2.038043
-1.600111
-1.561851
-1.160881
-2.007119
-1.750600
-1.641816
-1.728501
-2.004041
-1.760289
-1.649924
-1.590113
-1.627538
-1.769048
-1.525555
-1.443926
-1.609113
-1.616050
-4.954866
-2.673685
-2.090868
-4.377407
-1.275702
-1.379601
-1.403895
-1.671174
0.988465
0.142121
-15.409977
-3.067324
-1.781352
-1.911602
-1.542208
-1.602484
-0.214510
-0.793068
0.404646
2.697543
-13.034188
-2.669799
-1.998866
-2.553205
-0.715862
-0.629990
0.083507
1.138945
2.845268
-460.937531
-3.480872
-3.492564
-0.699857
-0.323963
-0.213617
0.984220
2.973220
-3.617945
2.861798
-462.673615
