2.484750
-1.674225
-2.604167
-2.487825
-5.596615
-3.654423
-2.824558
-3.000212
-3.988521
-4.407728
-3.385527
-4.473796
-4.961587
-4.312180
-4.082715
-3.879856
-3.260079
-3.168977
-4.235086
-3.638118
-3.185711
-4.226675
-4.575078
-4.157140
-3.903866
-4.951249
-4.213198
-5.278458
-3.668977
-3.429723
-4.061095
-3.863219
-12.215463
-9.810464
-5.487744
-11.238091
-3.397693
-3.758548
-3.216080
-5.155681
3.065148
4.213483
-59.059635
-10.381711
-4.745051
-6.179803
-3.846154
-3.973411
0.758556
-0.273686
2.612449
10.167663
-55.341881
-9.985049
-8.196721
-8.943860
-1.078441
0.087325
3.006235
5.968730
14.929667
-1843.750122
-14.323844
-9.717216
0.332972
0.598086
2.241431
3.708181
14.762142
-15.602388
14.538771
-1600.694458
