3.365587
-1.423750
-1.533418
-3.136248
-7.564803
-3.962305
-4.010339
-3.743628
-6.042018
-6.954709
-3.914516
-6.883788
-6.762164
-6.055686
-6.084306
-4.988387
-4.675810
-3.660492
-5.235398
-5.463697
-4.556612
-4.787622
-5.604796
-5.768032
-7.744150
-8.201300
-7.474620
-8.440433
-5.223196
-4.602714
-7.138844
-5.507956
-24.259222
-19.670982
-10.347599
-16.546726
-5.692076
-6.511464
-4.384422
-9.515265
8.687609
13.777422
-116.685783
-21.156670
-8.534828
-11.657641
-6.406094
-7.409536
3.270494
1.803842
6.460132
26.435923
-119.658127
-19.489534
-16.082405
-17.612524
0.520627
4.865269
9.822843
15.304775
36.317135
-4125.000000
-33.318504
-20.138577
3.773678
3.189793
6.724292
11.189885
41.042912
-33.013748
40.441174
-3743.055664
