2.142932
-1.423750
-2.022525
-2.487825
-5.757283
-3.788284
-3.370816
-3.278993
-4.330771
-4.843222
-3.650021
-5.086280
-5.134976
-4.511818
-4.559915
-3.866660
-3.727660
-3.272454
-4.377988
-3.859796
-3.734071
-4.174494
-4.666319
-4.481916
-4.450661
-4.748121
-4.581218
-5.138209
-3.821851
-3.595471
-3.792910
-3.506222
-13.687205
-10.344367
-5.839361
-11.643523
-3.999498
-4.374497
-3.278894
-6.027598
3.572983
5.584538
-58.199543
-11.797400
-5.105237
-7.032190
-4.570429
-4.673131
0.758556
-0.435410
3.052590
11.744687
-60.149570
-11.693721
-8.654128
-9.616560
-1.004066
0.261976
3.315519
7.011937
14.705883
-2144.531250
-14.546264
-10.562191
0.406965
0.049841
2.402417
4.002222
16.134398
-16.054630
16.042780
-1791.666748
