2.419016
-2.188357
-2.313346
-3.136248
-6.815017
-4.296959
-3.890428
-3.969308
-5.225884
-6.083721
-4.469954
-6.604175
-6.001921
-5.230515
-5.965005
-4.579287
-4.260183
-3.957989
-4.780711
-5.046422
-4.987466
-4.774577
-5.357143
-5.144461
-6.383520
-6.474710
-6.040609
-6.425949
-4.331431
-4.118217
-5.389252
-4.704712
-17.366560
-14.014949
-7.635122
-13.658017
-5.065196
-5.304707
-4.007538
-7.265972
4.697475
7.156233
-77.981651
-15.179321
-6.264094
-8.912455
-5.806693
-5.897641
1.007262
-0.273686
3.322353
15.645750
-70.512817
-14.176634
-11.471751
-12.796599
-0.644585
1.883732
5.109363
8.992711
21.419437
-2656.250000
-19.706406
-13.885759
0.900256
0.448565
3.232118
6.191192
21.415503
-20.622288
23.646389
-2354.166748
