2.248107
-2.689306
-2.551290
-3.572941
-7.712082
-4.444206
-4.503304
-4.022408
-5.976201
-7.245038
-4.694774
-7.123456
-6.988903
-6.122231
-6.495228
-5.819785
-5.091438
-4.126138
-5.482228
-5.476737
-5.183309
-5.296389
-5.969760
-5.910933
-6.790437
-7.541133
-7.170051
-8.019686
-5.044843
-5.074460
-6.283204
-5.444207
-19.672291
-16.000401
-8.715089
-15.001014
-5.604313
-6.410901
-4.912060
-8.567529
5.441091
8.426967
-89.736237
-17.512585
-7.595214
-10.090755
-6.381119
-6.984706
1.231098
-0.074642
3.904475
19.297808
-84.615387
-15.511534
-13.136710
-15.105186
-0.619794
2.544910
6.247526
10.881048
26.182865
-3261.718750
-25.756229
-16.195358
1.689523
1.383074
4.160888
7.024307
27.278776
-26.139652
28.785093
-2798.611084
