2.340135
-2.109260
-1.784581
-2.950984
-6.212511
-3.975691
-3.730548
-3.305544
-4.646693
-5.239126
-3.623572
-5.645505
-5.308365
-4.804621
-4.917815
-4.302154
-3.909497
-2.910286
-4.364997
-4.563947
-4.386881
-4.317992
-4.940042
-4.910622
-5.480671
-5.636807
-5.038071
-5.813954
-4.254994
-3.748470
-4.840110
-3.965218
-15.011773
-11.762546
-6.994676
-12.441719
-4.363090
-4.827031
-3.492462
-6.179235
3.899448
6.754950
-66.513763
-12.479027
-5.982210
-7.646410
-4.920080
-4.885546
0.770991
-0.348328
3.151977
12.782204
-63.568378
-12.681547
-9.916570
-11.084271
-1.301567
1.010479
4.218626
7.725016
17.615089
-2339.843750
-19.839857
-12.280307
1.085241
0.361344
2.513870
5.080371
18.338324
-18.270622
18.131685
-2062.500000
