2.635938
-0.909618
-1.057530
-1.429176
-3.561482
-2.295727
-2.138403
-2.011204
-2.257529
-2.527185
-1.573741
-2.523168
-2.580826
-2.548712
-2.392630
-2.250053
-1.948254
-1.396937
-2.331896
-2.542771
-2.291362
-2.224222
-2.659020
-2.377364
-2.142675
-2.443886
-2.385787
-2.498980
-1.968253
-1.867860
-2.241265
-2.243982
-6.598312
-3.720635
-2.850613
-6.733985
-1.905717
-1.998693
-1.871859
-2.552568
1.242383
0.886169
-33.256882
-4.732068
-2.231584
-2.688779
-1.854396
-2.074170
-0.329536
-0.566033
0.724103
4.461321
-20.726496
-4.378471
-2.607216
-3.631054
-1.078441
-0.268214
0.575267
2.271287
4.587596
-660.156250
-6.539146
-3.900969
-0.665943
-0.205592
0.551070
0.833116
4.594977
-6.557526
4.344920
-725.694458
