2.563631
-1.621493
-2.167936
-2.474592
-5.636782
-3.560720
-3.077702
-2.827634
-3.672599
-4.130595
-3.015235
-4.234129
-4.694836
-4.352108
-3.936903
-3.734692
-3.169161
-2.806809
-3.442631
-3.612038
-3.394611
-3.965769
-4.027633
-3.715444
-3.649542
-4.392646
-4.200508
-4.768462
-3.503363
-2.945226
-3.907846
-3.773970
-11.185244
-8.792712
-5.173800
-10.591931
-3.247242
-3.796259
-2.952261
-5.004044
2.502902
3.243713
-59.346329
-10.145763
-4.588449
-5.853891
-3.871129
-3.736006
0.522284
-0.348328
2.257497
10.250665
-48.076927
-9.370996
-7.044057
-8.515779
-0.595002
0.212076
2.412411
6.034756
13.075447
-1769.531372
-13.078292
-9.520054
0.073994
0.423644
1.832772
3.201777
15.344312
-14.336107
12.992981
-1545.138916
