2.586637
-0.725058
-0.793147
-1.657448
-2.935545
-1.917568
-1.868605
-1.659410
-1.773773
-1.715583
-1.378677
-2.123722
-2.134016
-1.899888
-1.786188
-1.837653
-1.529380
-1.468077
-1.701829
-1.815799
-1.713625
-1.650229
-1.876955
-1.555680
-1.637207
-1.510766
-1.481599
-1.485363
-1.401345
-1.593737
-1.443094
-1.389739
-4.629857
-2.456787
-1.911920
-5.093249
-1.432422
-1.131335
-1.275126
-1.671174
0.095219
-0.275883
-18.061928
-2.477454
-1.569939
-1.895934
-1.242507
-1.283861
-0.404148
-0.606464
0.369150
1.794904
-10.363248
-3.163712
-1.774737
-1.930192
-0.994769
-0.648703
0.111342
0.736187
2.941176
-375.000000
-2.791370
-3.133450
-1.008164
-0.517095
-0.300302
0.641172
2.942033
-3.753618
2.579796
-440.104187
