2.826567
-1.186459
-1.599514
-1.938651
-4.779884
-2.844560
-2.811234
-2.688244
-3.040754
-3.167230
-2.578819
-3.894599
-3.801216
-3.287372
-3.267497
-3.272804
-2.402847
-1.991929
-3.000935
-3.168683
-2.833194
-2.856919
-3.278154
-2.968458
-3.465158
-3.434136
-3.083756
-3.461597
-2.802691
-2.473480
-3.052207
-3.040851
-9.370093
-6.707154
-4.074995
-8.792824
-2.676780
-2.840909
-2.506281
-3.841488
2.185505
2.992911
-45.728210
-8.218855
-3.703646
-4.575311
-3.259241
-2.961315
-0.024871
-0.659335
1.682474
7.739873
-36.111111
-7.689022
-5.799912
-6.352434
-1.233389
0.099800
1.744359
3.895521
8.823529
-1253.906250
-10.542705
-6.773884
-0.209649
-0.043610
1.343620
2.564689
9.584996
-9.293596
9.776070
-1126.736084
