-148.555950
-169.564932
-208.389585
-281.241735
-275.623572
-216.973623
-183.561533
-168.286732
-131.689434
-149.031077
-174.987713
-202.662316
-205.260238
-185.672198
-167.793172
-155.139675
-105.637450
-118.514491
-134.836405
-149.926208
-156.378723
-151.913092
-143.829135
-137.780224
-68.130669
-79.613562
-92.810854
-106.138826
-113.718817
-116.328555
-115.553514
-114.184409
-22.201930
-33.699072
-49.206242
-64.605974
-74.956536
-83.240567
-87.186406
-89.104968
32.577790
-22.961344
-38.622612
-51.155305
-59.525869
-63.803375
95.737743
73.428500
43.038428
14.713564
-23.411161
-34.353370
-41.333084
169.440276
128.886635
83.120658
47.663862
20.056262
-14.263247
-22.846628
172.192892
113.065945
71.710331
39.848457
15.970427
