72
# x y z
1	0	0
2	0	0
3	0	0
4	0	0
5	0	0
6	0	0
7	0	0
8	0	0
9	0	0
10	0	0
11	0	0
12	0	0
13	0	0
14	0	0
15	0	0
16	0	0
17	0	0
18	0	0
19	0	0
20	0	0
21	0	0
22	0	0
23	0	0
24	0	0
25	0	0
26	0	0
27	0	0
28	0	0
29	0	0
30	0	0
31	0	0
32	0	0
33	0	0
34	0	0
35	0	0
36	0	0
37	0	0
38	0	0
39	0	0
40	0	0
41	0	0
42	0	0
43	0	0
44	0	0
45	0	0
46	0	0
47	0	0
48	0	0
49	0	0
50	0	0
51	0	0
52	0	0
53	0	0
54	0	0
55	0	0
56	0	0
57	0	0
58	0	0
59	0	0
60	0	0
61	0	0
62	0	0
63	0	0
64	0	0
65	0	0
66	0	0
67	0	0
68	0	0
69	0	0
70	0	0
71	0	0
72	0	0
65
# a b m n M1 M10 M11 M12 M13 M14 M15 M16 M17 M18 M19 M2 M20 M3 M4 M5 M6 M7 M8 M9 TM0 TM1 TM10 TM11 TM12 TM13 TM14 TM15 TM16 TM17 TM18 TM19 TM2 TM20 TM3 TM4 TM5 TM6 TM7 TM8 TM9 bat_rx bat_tx err fit gm i ip iperr k m0 r rhoa rs_check sp stacks tau temp u vab valid 
72	65	71	1	7.80011892318726e-01	1.12668383121490e+00	1.54145205020905e+00	1.49811792373657e+00	1.77050304412842e+00	1.59716725349426e+00	1.58169078826904e+00	1.51359450817108e+00	1.43930757045746e+00	1.49502277374268e+00	1.46097469329834e+00	-3.71434204280376e-02	1.30621039867401e+00	1.48573681712151e-01	4.95245605707169e-02	6.56200468540192e-01	5.07626771926880e-01	9.28585529327393e-01	8.41917514801025e-01	9.84300732612610e-01	4.00000000000000e+01	4.00000000000000e+01	8.00000000000000e+01	8.00000000000000e+01	8.00000000000000e+01	8.00000000000000e+01	8.00000000000000e+01	1.60000000000000e+02	1.60000000000000e+02	1.60000000000000e+02	1.60000000000000e+02	1.60000000000000e+02	4.00000000000000e+01	1.60000000000000e+02	4.00000000000000e+01	4.00000000000000e+01	4.00000000000000e+01	4.00000000000000e+01	4.00000000000000e+01	8.00000000000000e+01	8.00000000000000e+01	1.23460941314697e+01	1.22179994583130e+01	0.00000000000000e+00	8.92028651237369e-01	1.26535248756409e+00	3.24113845825195e-04	1.26535248756409e+00	0.00000000000000e+00	7.52591003492418e+00	3.17488569649453e-01	-1.48555949837873e+02	-1.11801871363255e+03	0.00000000000000e+00	-1.10719894409180e+02	1.00000000000000e+00	-7.81870340280547e-01	2.06451606750488e+01	-4.81490402221680e-02	1.55296506881714e+01	1
72	65	71	2	-6.53739929199219e-01	-8.07923793792725e-01	-5.48894822597504e-01	-5.05723297595978e-01	-4.25547659397125e-01	-4.62551802396774e-01	-5.42727470397949e-01	-3.17618906497955e-01	-4.31715041399002e-01	-1.23347148299217e-01	-1.78853362798691e-01	-1.22113680839539e+00	-3.08367870748043e-02	-1.17179787158966e+00	-8.38760554790497e-01	-7.27748215198517e-01	-5.67396879196167e-01	-6.16735756397247e-01	-9.18936252593994e-01	-5.85898935794830e-01	4.00000000000000e+01	4.00000000000000e+01	8.00000000000000e+01	8.00000000000000e+01	8.00000000000000e+01	8.00000000000000e+01	8.00000000000000e+01	1.60000000000000e+02	1.60000000000000e+02	1.60000000000000e+02	1.60000000000000e+02	1.60000000000000e+02	4.00000000000000e+01	1.60000000000000e+02	4.00000000000000e+01	4.00000000000000e+01	4.00000000000000e+01	4.00000000000000e+01	4.00000000000000e+01	8.00000000000000e+01	8.00000000000000e+01	1.23460941314697e+01	1.22179994583130e+01	0.00000000000000e+00	4.11166112847218e-01	-4.62414771318436e-01	2.85025119781494e-04	-4.62414771318436e-01	0.00000000000000e+00	7.52548810555730e+00	1.20980466795693e+00	-1.69564931968863e+02	-1.27605887865131e+03	0.00000000000000e+00	-9.48005752563477e+01	1.00000000000000e+00	7.15241896083562e-01	2.06451606750488e+01	-4.83302650451660e-02	1.35158805847168e+01	1
72	65	71	3	-5.42192399501801e-01	-9.67320561408997e-01	-1.12135255336761e+00	-1.17680406570435e+00	-1.09670746326447e+00	-1.22609424591064e+00	-7.51675903797150e-01	-6.40772879123688e-01	-2.83418774604797e-01	-3.88160496950150e-01	8.93385261297226e-02	-1.15832018852234e+00	1.01661078631878e-01	-1.33083593845367e+00	-1.28154575824738e+00	-1.36780369281769e+00	-8.25611233711243e-01	-9.24191653728485e-01	-1.11519134044647e+00	-1.18296527862549e+00	4.00000000000000e+01	4.00000000000000e+01	8.00000000000000e+01	8.00000000000000e+01	8.00000000000000e+01	8.00000000000000e+01	8.00000000000000e+01	1.60000000000000e+02	1.60000000000000e+02	1.60000000000000e+02	1.60000000000000e+02	1.60000000000000e+02	4.00000000000000e+01	1.60000000000000e+02	4.00000000000000e+01	4.00000000000000e+01	4.00000000000000e+01	4.00000000000000e+01	4.00000000000000e+01	8.00000000000000e+01	8.00000000000000e+01	1.23460941314697e+01	1.22179994583130e+01	0.00000000000000e+00	4.65780210353343e-01	-6.82121872901917e-01	2.32151508331299e-04	-6.82121872901917e-01	0.00000000000000e+00	7.52504668088305e+00	1.66200063705976e+00	-2.08389584621357e+02	-1.56814135208554e+03	0.00000000000000e+00	8.69696807861328e+01	1.00000000000000e+00	8.07519773419857e-01	2.06451606750488e+01	-4.83779563903809e-02	1.07727975845337e+01	1
72	65	71	4	-2.80994534492493e+00	-1.09478390216827e+00	-1.17993378639221e+00	-1.17385172843933e+00	-8.57580780982971e-01	-9.42730665206909e-01	-9.54894900321960e-01	-6.11254394054413e-01	-5.56515157222748e-01	-5.50433039665222e-01	-5.41309833526611e-01	-3.38166594505310e+00	-7.02486336231232e-01	-2.95591664314270e+00	-2.56666016578674e+00	-2.00710391998291e+00	-1.92195403575897e+00	-2.00710391998291e+00	-1.68475091457367e+00	-1.64217591285706e+00	4.00000000000000e+01	4.00000000000000e+01	8.00000000000000e+01	8.00000000000000e+01	8.00000000000000e+01	8.00000000000000e+01	8.00000000000000e+01	1.60000000000000e+02	1.60000000000000e+02	1.60000000000000e+02	1.60000000000000e+02	1.60000000000000e+02	4.00000000000000e+01	1.60000000000000e+02	4.00000000000000e+01	4.00000000000000e+01	4.00000000000000e+01	4.00000000000000e+01	4.00000000000000e+01	8.00000000000000e+01	8.00000000000000e+01	1.23460941314697e+01	1.22179994583130e+01	0.00000000000000e+00	2.16154423609865e-01	-1.12154519557953e+00	1.74253940582275e-04	-1.12154519557953e+00	0.00000000000000e+00	7.52458454071242e+00	2.63407519158606e+00	-2.81241735237538e+02	-2.11622721317151e+03	0.00000000000000e+00	1.37245742797852e+02	1.00000000000000e+00	9.38586325825639e-01	2.06451606750488e+01	-4.90074806213379e-02	8.05220031738281e+00	1
72	65	71	5	-1.65595161914825e+00	-1.18108320236206e+00	-1.02279365062714e+00	-8.40151965618134e-01	-8.82768392562866e-01	-1.02279365062714e+00	-7.70139276981354e-01	-6.02717697620392e-01	-7.09258735179901e-01	-6.54466152191162e-01	-6.87950491905212e-01	-2.14299631118774e+00	-7.39699006080627e-01	-1.86294567584991e+00	-2.04558730125427e+00	-1.47330987453461e+00	-1.68030393123627e+00	-1.31502044200897e+00	-1.21761155128479e+00	-1.04714596271515e+00	4.00000000000000e+01	4.00000000000000e+01	8.00000000000000e+01	8.00000000000000e+01	8.00000000000000e+01	8.00000000000000e+01	8.00000000000000e+01	1.60000000000000e+02	1.60000000000000e+02	1.60000000000000e+02	1.60000000000000e+02	1.60000000000000e+02	4.00000000000000e+01	1.60000000000000e+02	4.00000000000000e+01	4.00000000000000e+01	4.00000000000000e+01	4.00000000000000e+01	4.00000000000000e+01	8.00000000000000e+01	8.00000000000000e+01	1.23460941314697e+01	1.22179994583130e+01	0.00000000000000e+00	1.78731335531491e-01	-9.61371958255768e-01	1.77632808685303e-04	-9.61371958255768e-01	0.00000000000000e+00	7.52410036784687e+00	1.73023282070927e+00	-2.75623572235808e+02	-2.07381942124671e+03	0.00000000000000e+00	-1.85824005126953e+02	1.00000000000000e+00	1.47509684839189e+00	2.06451606750488e+01	-4.89597892761230e-02	8.04244613647461e+00	1
72	65	71	6	-1.12157368659973e+00	-1.14006114006042e+00	-1.20168602466583e+00	-8.99723887443542e-01	-8.50423991680145e-01	-9.30536329746246e-01	-7.54905283451080e-01	-9.30536329746246e-01	-7.98042774200439e-01	-6.93280458450317e-01	-7.61067867279053e-01	-1.86107265949249e+00	-5.33055603504181e-01	-1.70084798336029e+00	-1.75014781951904e+00	-1.72549796104431e+00	-1.63922309875488e+00	-1.62689793109894e+00	-1.07843613624573e+00	-1.15238606929779e+00	4.00000000000000e+01	4.00000000000000e+01	8.00000000000000e+01	8.00000000000000e+01	8.00000000000000e+01	8.00000000000000e+01	8.00000000000000e+01	1.60000000000000e+02	1.60000000000000e+02	1.60000000000000e+02	1.60000000000000e+02	1.60000000000000e+02	4.00000000000000e+01	1.60000000000000e+02	4.00000000000000e+01	4.00000000000000e+01	4.00000000000000e+01	4.00000000000000e+01	4.00000000000000e+01	8.00000000000000e+01	8.00000000000000e+01	1.23234338760376e+01	1.22179994583130e+01	0.00000000000000e+00	1.60316802928230e-01	-9.73673760890961e-01	2.22923040390015e-04	-9.73673760890961e-01	0.00000000000000e+00	7.52359273867076e+00	1.65348621218721e+00	-2.16973622657370e+02	-1.63242117190808e+03	0.00000000000000e+00	-3.09229774475098e+01	1.00000000000000e+00	1.62969369594545e+00	2.06451606750488e+01	-4.83684196472168e-02	1.03846483230591e+01	1
72	65	71	7	-1.44687366485596e+00	-9.83132183551788e-01	-8.03818762302399e-01	-8.59467744827271e-01	-1.01404833793640e+00	-8.71834218502045e-01	-7.20345318317413e-01	-6.98704004287720e-01	-6.92520797252655e-01	-6.46146595478058e-01	-5.87406039237976e-01	-2.25069260597229e+00	-6.86337590217590e-01	-1.99099719524384e+00	-1.45924031734467e+00	-1.54580533504486e+00	-1.58290457725525e+00	-1.49633944034576e+00	-1.34175908565521e+00	-9.89315390586853e-01	4.00000000000000e+01	4.00000000000000e+01	8.00000000000000e+01	8.00000000000000e+01	8.00000000000000e+01	8.00000000000000e+01	8.00000000000000e+01	1.60000000000000e+02	1.60000000000000e+02	1.60000000000000e+02	1.60000000000000e+02	1.60000000000000e+02	4.00000000000000e+01	1.60000000000000e+02	4.00000000000000e+01	4.00000000000000e+01	4.00000000000000e+01	4.00000000000000e+01	4.00000000000000e+01	8.00000000000000e+01	8.00000000000000e+01	1.23460941314697e+01	1.22179994583130e+01	0.00000000000000e+00	1.76893866124989e-01	-9.25010025501251e-01	2.62616395950317e-04	-9.25010025501251e-01	0.00000000000000e+00	7.52306011266156e+00	1.67108919946840e+00	-1.83561533300711e+02	-1.38094444939358e+03	0.00000000000000e+00	2.34020736694336e+02	1.00000000000000e+00	1.45694026101807e+00	2.01564025878906e+01	-4.82062683105469e-02	1.23501462936401e+01	1
72	65	71	8	-1.27399563789368e+00	-1.10083115100861e+00	-9.58588957786560e-01	-9.77142214775085e-01	-8.59637796878815e-01	-9.52404439449310e-01	-7.69963383674622e-01	-6.92657828330994e-01	-6.46274447441101e-01	-5.68968892097473e-01	-5.00940024852753e-01	-2.25113797187805e+00	-5.22585570812225e-01	-1.96665346622467e+00	-1.89244008064270e+00	-1.43479120731354e+00	-1.28636455535889e+00	-1.45952904224396e+00	-1.06372451782227e+00	-1.03898668289185e+00	4.00000000000000e+01	4.00000000000000e+01	8.00000000000000e+01	8.00000000000000e+01	8.00000000000000e+01	8.00000000000000e+01	8.00000000000000e+01	1.60000000000000e+02	1.60000000000000e+02	1.60000000000000e+02	1.60000000000000e+02	1.60000000000000e+02	4.00000000000000e+01	1.60000000000000e+02	4.00000000000000e+01	4.00000000000000e+01	4.00000000000000e+01	4.00000000000000e+01	4.00000000000000e+01	8.00000000000000e+01	8.00000000000000e+01	1.23460941314697e+01	1.22179994583130e+01	0.00000000000000e+00	1.49328400321717e-01	-8.94957900047302e-01	2.86396503448486e-04	-8.94957900047302e-01	0.00000000000000e+00	7.52250082067316e+00	1.71852315410885e+00	-1.68286731810788e+02	-1.26593707815506e+03	0.00000000000000e+00	2.37282821655273e+02	1.00000000000000e+00	1.29626926372780e+00	2.06451606750488e+01	-4.81967315673828e-02	1.35385808944702e+01	1
72	65	71	9	-9.93048667907715e-01	-5.64796388149261e-01	-5.83416044712067e-01	-4.71698105335236e-01	-4.22045648097992e-01	-1.86196610331535e-01	-4.74801361560822e-01	-3.16534250974655e-01	-4.68594789505005e-01	-5.12040674686432e-01	-3.47567021846771e-01	-1.62611711025238e+00	-4.74801361560822e-01	-1.35302877426147e+00	-8.44091296195984e-01	-1.12959277629852e+00	-9.80635464191437e-01	-7.32373416423798e-01	-8.99950325489044e-01	-9.86842095851898e-01	4.00000000000000e+01	4.00000000000000e+01	8.00000000000000e+01	8.00000000000000e+01	8.00000000000000e+01	8.00000000000000e+01	8.00000000000000e+01	1.60000000000000e+02	1.60000000000000e+02	1.60000000000000e+02	1.60000000000000e+02	1.60000000000000e+02	4.00000000000000e+01	1.60000000000000e+02	4.00000000000000e+01	4.00000000000000e+01	4.00000000000000e+01	4.00000000000000e+01	4.00000000000000e+01	8.00000000000000e+01	8.00000000000000e+01	1.23234338760376e+01	1.22179994583130e+01	0.00000000000000e+00	3.62631397591864e-01	-5.83691954612732e-01	3.64684104919434e-04	-5.83691954612732e-01	0.00000000000000e+00	7.52191305182544e+00	1.04530364050502e+00	-1.31689434334295e+02	-9.90556474906642e+02	0.00000000000000e+00	-6.07776718139648e+01	1.00000000000000e+00	1.34483971139066e+00	2.06451606750488e+01	-4.80250434875488e-02	1.72134056091309e+01	1
72	65	71	10	-6.42927825450897e-01	-7.66567766666412e-01	-6.12017810344696e-01	-6.67655825614929e-01	-7.29475796222687e-01	-4.26557868719101e-01	-5.78016817569733e-01	-4.54376846551895e-01	-3.67828905582428e-01	-4.82195883989334e-01	-3.46191912889481e-01	-1.63204753398895e+00	-4.45103883743286e-01	-1.38476765155792e+00	-1.17457962036133e+00	-1.12512373924255e+00	-6.18199825286865e-01	-9.64391767978668e-01	-1.01384770870209e+00	-8.34569752216339e-01	4.00000000000000e+01	4.00000000000000e+01	8.00000000000000e+01	8.00000000000000e+01	8.00000000000000e+01	8.00000000000000e+01	8.00000000000000e+01	1.60000000000000e+02	1.60000000000000e+02	1.60000000000000e+02	1.60000000000000e+02	1.60000000000000e+02	4.00000000000000e+01	1.60000000000000e+02	4.00000000000000e+01	4.00000000000000e+01	4.00000000000000e+01	4.00000000000000e+01	4.00000000000000e+01	8.00000000000000e+01	8.00000000000000e+01	1.23234338760376e+01	1.22179994583130e+01	0.00000000000000e+00	2.43612031083394e-01	-6.29739463329315e-01	3.23528528213501e-04	-6.29739463329315e-01	0.00000000000000e+00	7.52129483880730e+00	1.11477257877693e+00	-1.49031077166378e+02	-1.12090667151337e+03	0.00000000000000e+00	-5.96998481750488e+01	1.00000000000000e+00	1.43873078755789e+00	2.06451606750488e+01	-4.82158050537109e-02	1.53243618011475e+01	1
72	65	71	11	-9.11509692668915e-01	-7.57538437843323e-01	-7.02108800411224e-01	-4.12642896175385e-01	-5.91249465942383e-01	-4.43437129259109e-01	-5.01946210861206e-01	-5.17343342304230e-01	-3.57213228940964e-01	-3.94166320562363e-01	-3.94166320562363e-01	-1.40421760082245e+00	-3.44895541667938e-01	-1.42885291576385e+00	-1.28104066848755e+00	-1.21945214271545e+00	-1.21945214271545e+00	-7.76014983654022e-01	-6.71314537525177e-01	-6.22043728828430e-01	4.00000000000000e+01	4.00000000000000e+01	8.00000000000000e+01	8.00000000000000e+01	8.00000000000000e+01	8.00000000000000e+01	8.00000000000000e+01	1.60000000000000e+02	1.60000000000000e+02	1.60000000000000e+02	1.60000000000000e+02	1.60000000000000e+02	4.00000000000000e+01	1.60000000000000e+02	4.00000000000000e+01	4.00000000000000e+01	4.00000000000000e+01	4.00000000000000e+01	4.00000000000000e+01	8.00000000000000e+01	8.00000000000000e+01	1.23460941314697e+01	1.22179994583130e+01	0.00000000000000e+00	2.24135513579451e-01	-5.92891871929169e-01	2.76573896408081e-04	-5.92891871929169e-01	0.00000000000000e+00	7.52064404136975e+00	1.15453379204062e+00	-1.74987713301754e+02	-1.31602030335575e+03	0.00000000000000e+00	-5.56079444885254e+01	1.00000000000000e+00	1.24854026788793e+00	2.06451606750488e+01	-4.83970336914063e-02	1.31463108062744e+01	1
72	65	71	12	-9.09359037876129e-01	-1.00766813755035e+00	-1.21043062210083e+00	-9.52369272708893e-01	-1.04453396797180e+00	-7.92617022991180e-01	-6.54369831085205e-01	-5.43772101402283e-01	-6.78947091102600e-01	-7.52678871154785e-01	-4.97689694166183e-01	-1.94160425662994e+00	-5.74493706226349e-01	-1.89244973659515e+00	-1.65896570682526e+00	-1.59752261638641e+00	-1.20428633689880e+00	-7.12740838527679e-01	-1.15513169765472e+00	-1.09368860721588e+00	4.00000000000000e+01	4.00000000000000e+01	8.00000000000000e+01	8.00000000000000e+01	8.00000000000000e+01	8.00000000000000e+01	8.00000000000000e+01	1.60000000000000e+02	1.60000000000000e+02	1.60000000000000e+02	1.60000000000000e+02	1.60000000000000e+02	4.00000000000000e+01	1.60000000000000e+02	4.00000000000000e+01	4.00000000000000e+01	4.00000000000000e+01	4.00000000000000e+01	4.00000000000000e+01	8.00000000000000e+01	8.00000000000000e+01	1.23234338760376e+01	1.22179994583130e+01	0.00000000000000e+00	2.34458968396882e-01	-8.71946811676025e-01	2.39371061325073e-04	-8.71946811676025e-01	0.00000000000000e+00	7.51995832774975e+00	1.47653916366630e+00	-2.02662316047391e+02	-1.52401217128163e+03	0.00000000000000e+00	-4.02609138488770e+01	1.00000000000000e+00	1.59756914409880e+00	2.06451606750488e+01	-4.85114936828613e-02	1.11686410903931e+01	1
72	65	71	13	-1.41709387302399e+00	-1.11519134044647e+00	-1.14599764347076e+00	-1.12135255336761e+00	-1.12135255336761e+00	-1.28770709037781e+00	-8.74901413917542e-01	-6.03805243968964e-01	-7.57837176322937e-01	-8.16369295120239e-01	-5.76079428195953e-01	-2.35360813140869e+00	-7.11627542972565e-01	-2.30431771278381e+00	-1.99625384807587e+00	-1.49102914333344e+00	-1.74980282783508e+00	-1.58960974216461e+00	-1.38012623786926e+00	-1.20144915580750e+00	4.00000000000000e+01	4.00000000000000e+01	8.00000000000000e+01	8.00000000000000e+01	8.00000000000000e+01	8.00000000000000e+01	8.00000000000000e+01	1.60000000000000e+02	1.60000000000000e+02	1.60000000000000e+02	1.60000000000000e+02	1.60000000000000e+02	4.00000000000000e+01	1.60000000000000e+02	4.00000000000000e+01	4.00000000000000e+01	4.00000000000000e+01	4.00000000000000e+01	4.00000000000000e+01	8.00000000000000e+01	8.00000000000000e+01	1.23007726669312e+01	1.22179994583130e+01	0.00000000000000e+00	1.76061106226662e-01	-1.04467892646790e+00	2.35690832138062e-04	-1.04467892646790e+00	0.00000000000000e+00	7.51923515372265e+00	1.91175869169090e+00	-2.05260238387390e+02	-1.54340000014395e+03	0.00000000000000e+00	-7.63536148071289e+01	1.00000000000000e+00	1.42131693124102e+00	2.06451606750488e+01	-4.83779563903809e-02	1.11761779785156e+01	1
72	65	71	14	-1.45895159244537e+00	-1.05093967914581e+00	-1.14366972446442e+00	-7.78931796550751e-01	-8.16023766994476e-01	-8.53115737438202e-01	-7.78931796550751e-01	-5.56379854679108e-01	-7.14020788669586e-01	-5.99653840065002e-01	-5.84198832511902e-01	-2.11424350738525e+00	-7.29475796222687e-01	-1.89169144630432e+00	-1.82987153530121e+00	-1.12512373924255e+00	-1.32294762134552e+00	-1.00148367881775e+00	-1.28585565090179e+00	-1.16839766502380e+00	4.00000000000000e+01	4.00000000000000e+01	8.00000000000000e+01	8.00000000000000e+01	8.00000000000000e+01	8.00000000000000e+01	8.00000000000000e+01	1.60000000000000e+02	1.60000000000000e+02	1.60000000000000e+02	1.60000000000000e+02	1.60000000000000e+02	4.00000000000000e+01	1.60000000000000e+02	4.00000000000000e+01	4.00000000000000e+01	4.00000000000000e+01	4.00000000000000e+01	4.00000000000000e+01	8.00000000000000e+01	8.00000000000000e+01	1.23460941314697e+01	1.22179994583130e+01	0.00000000000000e+00	1.92399533491457e-01	-9.06418442726135e-01	2.59682416915894e-04	-9.06418442726135e-01	0.00000000000000e+00	7.51847173893091e+00	1.57586018810962e+00	-1.85672197703425e+02	-1.39597117113839e+03	0.00000000000000e+00	-2.56864833831787e+01	1.00000000000000e+00	1.53294233563296e+00	2.06451606750488e+01	-4.82158050537109e-02	1.23582382202148e+01	1
72	65	71	15	-1.50109159946442e+00	-1.02347159385681e+00	-1.00486302375793e+00	-9.49037313461304e-01	-8.87008666992188e-01	-9.73848700523376e-01	-8.09472978115082e-01	-8.49791586399078e-01	-5.55155813694000e-01	-7.62951552867889e-01	-6.35792970657349e-01	-2.10897183418274e+00	-5.79967260360718e-01	-2.12137746810913e+00	-1.51349747180939e+00	-1.74920606613159e+00	-1.33981740474701e+00	-1.11651444435120e+00	-1.32120883464813e+00	-9.36631560325623e-01	4.00000000000000e+01	4.00000000000000e+01	8.00000000000000e+01	8.00000000000000e+01	8.00000000000000e+01	8.00000000000000e+01	8.00000000000000e+01	1.60000000000000e+02	1.60000000000000e+02	1.60000000000000e+02	1.60000000000000e+02	1.60000000000000e+02	4.00000000000000e+01	1.60000000000000e+02	4.00000000000000e+01	4.00000000000000e+01	4.00000000000000e+01	4.00000000000000e+01	4.00000000000000e+01	8.00000000000000e+01	8.00000000000000e+01	1.23460941314697e+01	1.22179994583130e+01	0.00000000000000e+00	1.66765185051990e-01	-9.42558825016022e-01	2.86386251449585e-04	-9.42558825016022e-01	0.00000000000000e+00	7.51766504007633e+00	1.66584998421532e+00	-1.67793171943513e+02	-1.26141286268326e+03	0.00000000000000e+00	-6.41446685791016e+01	1.00000000000000e+00	1.49467767456595e+00	2.06451606750488e+01	-4.80536575317383e-02	1.38713607788086e+01	1
72	65	71	16	-1.10674500465393e+00	-1.30571031570435e+00	-1.09430956840515e+00	-1.15026867389679e+00	-7.58555531501770e-01	-1.07565653324127e+00	-9.32650208473206e-01	-6.15549147129059e-01	-7.77208566665649e-01	-7.86534965038300e-01	-4.10366088151932e-01	-2.37514925003052e+00	-4.81869310140610e-01	-2.27566647529602e+00	-1.82799434661865e+00	-1.51711106300354e+00	-1.16892158985138e+00	-1.31814563274384e+00	-1.18757462501526e+00	-1.20000994205475e+00	4.00000000000000e+01	4.00000000000000e+01	8.00000000000000e+01	8.00000000000000e+01	8.00000000000000e+01	8.00000000000000e+01	8.00000000000000e+01	1.60000000000000e+02	1.60000000000000e+02	1.60000000000000e+02	1.60000000000000e+02	1.60000000000000e+02	4.00000000000000e+01	1.60000000000000e+02	4.00000000000000e+01	4.00000000000000e+01	4.00000000000000e+01	4.00000000000000e+01	4.00000000000000e+01	8.00000000000000e+01	8.00000000000000e+01	1.23234338760376e+01	1.22179994583130e+01	0.00000000000000e+00	2.08017174702553e-01	-9.58902657032013e-01	3.09006690979004e-04	-9.58902657032013e-01	0.00000000000000e+00	7.51681172049155e+00	1.78924732064031e+00	-1.55139674770151e+02	-1.16615572562552e+03	0.00000000000000e+00	-5.82881889343262e+01	1.00000000000000e+00	1.30798742691669e+00	2.06451606750488e+01	-4.79391975402832e-02	1.47306499481201e+01	1
72	65	71	17	-1.73230302333832e+00	-7.78913259506226e-01	-9.84546303749084e-01	-5.85742771625519e-01	-8.10069799423218e-01	-8.72382879257202e-01	-6.20014905929565e-01	-6.07552349567413e-01	-6.79212331771851e-01	-3.14680933952332e-01	-3.92572283744812e-01	-2.18095707893372e+00	-4.45538371801376e-01	-1.81954133510590e+00	-1.47058832645416e+00	-1.83200383186340e+00	-1.57028913497925e+00	-1.00947153568268e+00	-8.47457587718964e-01	-1.04685938358307e+00	4.00000000000000e+01	4.00000000000000e+01	8.00000000000000e+01	8.00000000000000e+01	8.00000000000000e+01	8.00000000000000e+01	8.00000000000000e+01	1.60000000000000e+02	1.60000000000000e+02	1.60000000000000e+02	1.60000000000000e+02	1.60000000000000e+02	4.00000000000000e+01	1.60000000000000e+02	4.00000000000000e+01	4.00000000000000e+01	4.00000000000000e+01	4.00000000000000e+01	4.00000000000000e+01	8.00000000000000e+01	8.00000000000000e+01	1.23234338760376e+01	1.22179994583130e+01	0.00000000000000e+00	2.28983054969806e-01	-7.93453037738800e-01	4.52815532684326e-04	-7.93453037738800e-01	0.00000000000000e+00	7.51590811552066e+00	1.70445802009976e+00	-1.05637449809029e+02	-7.93961366322592e+02	0.00000000000000e+00	-6.12068901062012e+01	1.00000000000000e+00	1.06299478391007e+00	2.06451606750488e+01	-4.78342781066895e-02	2.21152286529541e+01	1
72	65	71	18	-1.13004171848297e+00	-9.25144016742706e-01	-8.13381671905518e-01	-9.81025218963623e-01	-7.07828342914581e-01	-6.20902061462402e-01	-8.19590687751770e-01	-6.58156156539917e-01	-4.84303593635559e-01	-5.86752414703369e-01	-5.83647906780243e-01	-1.80061590671539e+00	-3.47705125808716e-01	-1.85028803348541e+00	-1.55225515365601e+00	-1.45291066169739e+00	-1.16729581356049e+00	-1.37840259075165e+00	-1.11762368679047e+00	-1.32252132892609e+00	4.00000000000000e+01	4.00000000000000e+01	8.00000000000000e+01	8.00000000000000e+01	8.00000000000000e+01	8.00000000000000e+01	8.00000000000000e+01	1.60000000000000e+02	1.60000000000000e+02	1.60000000000000e+02	1.60000000000000e+02	1.60000000000000e+02	4.00000000000000e+01	1.60000000000000e+02	4.00000000000000e+01	4.00000000000000e+01	4.00000000000000e+01	4.00000000000000e+01	4.00000000000000e+01	8.00000000000000e+01	8.00000000000000e+01	1.23460941314697e+01	1.22179994583130e+01	0.00000000000000e+00	1.71953190176220e-01	-8.27317476272583e-01	4.05064105987549e-04	-8.27317476272583e-01	0.00000000000000e+00	7.51495019303572e+00	1.59815226886915e+00	-1.18514490612503e+02	-8.90630494105962e+02	0.00000000000000e+00	-6.56040191650391e+01	1.00000000000000e+00	1.24211468784930e+00	2.01564025878906e+01	-4.80059661865234e-02	1.99356002807617e+01	1
72	65	71	19	-1.78571426868439e+00	-1.39508926868439e+00	-6.57242059707642e-01	-7.75049626827240e-01	-1.01686501502991e+00	-6.94444417953491e-01	-9.20758903026581e-01	-6.78943455219269e-01	-7.78149783611298e-01	-6.13839268684387e-01	-6.47941470146179e-01	-2.39335322380066e+00	-6.23139858245850e-01	-1.88492059707642e+00	-1.78571426868439e+00	-1.77331340312958e+00	-1.66170632839203e+00	-1.04166662693024e+00	-1.40749001502991e+00	-1.16567456722260e+00	4.00000000000000e+01	4.00000000000000e+01	8.00000000000000e+01	8.00000000000000e+01	8.00000000000000e+01	8.00000000000000e+01	8.00000000000000e+01	1.60000000000000e+02	1.60000000000000e+02	1.60000000000000e+02	1.60000000000000e+02	1.60000000000000e+02	4.00000000000000e+01	1.60000000000000e+02	4.00000000000000e+01	4.00000000000000e+01	4.00000000000000e+01	4.00000000000000e+01	4.00000000000000e+01	8.00000000000000e+01	8.00000000000000e+01	1.23234338760376e+01	1.22179994583130e+01	0.00000000000000e+00	2.23270423440659e-01	-9.68915283679962e-01	3.56526374816895e-04	-9.68915283679962e-01	0.00000000000000e+00	7.51393350829161e+00	1.77325331084333e+00	-1.34836405462157e+02	-1.01315178513969e+03	0.00000000000000e+00	-5.53313369750977e+01	1.00000000000000e+00	1.36520753030031e+00	2.06451606750488e+01	-4.80727348327637e-02	1.75329017639160e+01	1
72	65	71	20	-1.38778746128082e+00	-9.60299432277679e-01	-9.23126518726349e-01	-8.98344576358795e-01	-1.04084062576294e+00	-7.24871098995209e-01	-8.27096521854401e-01	-9.78885769844055e-01	-9.81983542442322e-01	-5.85472881793976e-01	-5.57593166828156e-01	-2.45340991020203e+00	-7.18675673007965e-01	-1.70995247364044e+00	-1.57365190982819e+00	-2.05689930915833e+00	-1.77190721035004e+00	-1.38778746128082e+00	-1.25148689746857e+00	-1.35061454772949e+00	4.00000000000000e+01	4.00000000000000e+01	8.00000000000000e+01	8.00000000000000e+01	8.00000000000000e+01	8.00000000000000e+01	8.00000000000000e+01	1.60000000000000e+02	1.60000000000000e+02	1.60000000000000e+02	1.60000000000000e+02	1.60000000000000e+02	4.00000000000000e+01	1.60000000000000e+02	4.00000000000000e+01	4.00000000000000e+01	4.00000000000000e+01	4.00000000000000e+01	4.00000000000000e+01	8.00000000000000e+01	8.00000000000000e+01	1.23234338760376e+01	1.22179994583130e+01	0.00000000000000e+00	2.04529427445352e-01	-1.00531983375549e+00	3.20897102355957e-04	-1.00531983375549e+00	0.00000000000000e+00	7.51285315217181e+00	1.75500917419080e+00	-1.49926207706138e+02	-1.12637358215823e+03	0.00000000000000e+00	-6.47455749511719e+01	1.00000000000000e+00	1.50078917299311e+00	2.06451606750488e+01	-4.81108856201172e-02	1.56842002868652e+01	1
72	65	71	21	-1.17760813236237e+00	-1.28917098045349e+00	-1.07224321365356e+00	-9.42086517810822e-01	-8.55315387248993e-01	-9.54482376575470e-01	-7.12762832641602e-01	-7.59247303009033e-01	-7.77841150760651e-01	-6.91070020198822e-01	-6.47684454917908e-01	-2.34282040596008e+00	-8.89404058456421e-01	-2.02052760124207e+00	-1.73542261123657e+00	-1.72302663326263e+00	-1.93375658988953e+00	-1.49990081787109e+00	-1.18380606174469e+00	-1.23958754539490e+00	4.00000000000000e+01	4.00000000000000e+01	8.00000000000000e+01	8.00000000000000e+01	8.00000000000000e+01	8.00000000000000e+01	8.00000000000000e+01	1.60000000000000e+02	1.60000000000000e+02	1.60000000000000e+02	1.60000000000000e+02	1.60000000000000e+02	4.00000000000000e+01	1.60000000000000e+02	4.00000000000000e+01	4.00000000000000e+01	4.00000000000000e+01	4.00000000000000e+01	4.00000000000000e+01	8.00000000000000e+01	8.00000000000000e+01	1.23460941314697e+01	1.22179994583130e+01	0.00000000000000e+00	2.04663988483412e-01	-1.00929963588715e+00	3.07534217834473e-04	-1.00929963588715e+00	0.00000000000000e+00	7.51170369169472e+00	1.73856652712701e+00	-1.56378723179925e+02	-1.17467063221315e+03	0.00000000000000e+00	-4.52684898376465e+01	1.00000000000000e+00	1.59811594139837e+00	2.06451606750488e+01	-4.80918083190918e-02	1.51425142288208e+01	1
72	65	71	22	-1.68650782108307e+00	-1.28968250751495e+00	-1.24007940292358e+00	-1.22767853736877e+00	-1.14087295532227e+00	-6.63442432880402e-01	-7.68849134445190e-01	-9.42460298538208e-01	-7.50247955322266e-01	-9.76562500000000e-01	-6.32440447807312e-01	-2.08333325386047e+00	-7.03745007514954e-01	-2.30654764175415e+00	-2.18253970146179e+00	-1.47569441795349e+00	-1.25248014926910e+00	-1.59970235824585e+00	-1.31448411941528e+00	-1.14707338809967e+00	4.00000000000000e+01	4.00000000000000e+01	8.00000000000000e+01	8.00000000000000e+01	8.00000000000000e+01	8.00000000000000e+01	8.00000000000000e+01	1.60000000000000e+02	1.60000000000000e+02	1.60000000000000e+02	1.60000000000000e+02	1.60000000000000e+02	4.00000000000000e+01	1.60000000000000e+02	4.00000000000000e+01	4.00000000000000e+01	4.00000000000000e+01	4.00000000000000e+01	4.00000000000000e+01	8.00000000000000e+01	8.00000000000000e+01	1.23460941314697e+01	1.22179994583130e+01	0.00000000000000e+00	1.92860856395411e-01	-1.06068110466003e+00	3.16448926925659e-04	-1.06068110466003e+00	0.00000000000000e+00	7.51047910142853e+00	1.82967558818992e+00	-1.51913091631551e+02	-1.14094009993216e+03	0.00000000000000e+00	-4.78724327087402e+01	1.00000000000000e+00	1.55481673541578e+00	2.06451606750488e+01	-4.80727348327637e-02	1.55407733917236e+01	1
72	65	71	23	-1.87549686431885e+00	-1.26689195632935e+00	-1.01227152347565e+00	-1.17373812198639e+00	-1.01848173141479e+00	-8.13543319702148e-01	-8.53909969329834e-01	-7.63861298561096e-01	-7.94912576675415e-01	-7.98017740249634e-01	-6.33445978164673e-01	-2.24811220169067e+00	-6.67602360248566e-01	-1.47804057598114e+00	-1.90033793449402e+00	-1.86307632923126e+00	-1.56498420238495e+00	-1.68918919563293e+00	-1.22963035106659e+00	-1.06195354461670e+00	4.00000000000000e+01	4.00000000000000e+01	8.00000000000000e+01	8.00000000000000e+01	8.00000000000000e+01	8.00000000000000e+01	8.00000000000000e+01	1.60000000000000e+02	1.60000000000000e+02	1.60000000000000e+02	1.60000000000000e+02	1.60000000000000e+02	4.00000000000000e+01	1.60000000000000e+02	4.00000000000000e+01	4.00000000000000e+01	4.00000000000000e+01	4.00000000000000e+01	4.00000000000000e+01	8.00000000000000e+01	8.00000000000000e+01	1.23460941314697e+01	1.22179994583130e+01	0.00000000000000e+00	1.46115742866268e-01	-1.01820564270020e+00	3.33704471588135e-04	-1.01820564270020e+00	0.00000000000000e+00	7.50917268419024e+00	1.82488018983766e+00	-1.43829135403077e+02	-1.08003781475948e+03	0.00000000000000e+00	-6.66532211303711e+01	1.00000000000000e+00	1.47759038553038e+00	2.06451606750488e+01	-4.79964256286621e-02	1.67469806671143e+01	1
72	65	71	24	-1.67743527889252e+00	-1.25497007369995e+00	-9.13270294666290e-01	-1.31709742546082e+00	-9.13270294666290e-01	-1.11207747459412e+00	-9.19483125209808e-01	-7.17569530010223e-01	-8.63568544387817e-01	-8.01441371440887e-01	-4.93911534547806e-01	-2.21172952651978e+00	-6.43016874790192e-01	-1.73956263065338e+00	-1.66500985622406e+00	-1.70228624343872e+00	-1.97564613819122e+00	-1.81411528587341e+00	-1.28603374958038e+00	-1.29845917224884e+00	4.00000000000000e+01	4.00000000000000e+01	8.00000000000000e+01	8.00000000000000e+01	8.00000000000000e+01	8.00000000000000e+01	8.00000000000000e+01	1.60000000000000e+02	1.60000000000000e+02	1.60000000000000e+02	1.60000000000000e+02	1.60000000000000e+02	4.00000000000000e+01	1.60000000000000e+02	4.00000000000000e+01	4.00000000000000e+01	4.00000000000000e+01	4.00000000000000e+01	4.00000000000000e+01	8.00000000000000e+01	8.00000000000000e+01	1.23234338760376e+01	1.22179994583130e+01	0.00000000000000e+00	1.50700221458630e-01	-1.03849112987518e+00	3.48216533660889e-04	-1.03849112987518e+00	0.00000000000000e+00	7.50777697907069e+00	1.92439492000249e+00	-1.37780224384913e+02	-1.03442319680825e+03	0.00000000000000e+00	-3.63406982421875e+01	1.00000000000000e+00	1.37601065204276e+00	2.06451606750488e+01	-4.79773521423340e-02	1.72365665435791e+01	1
72	65	71	25	-1.73333990573883e+00	-9.85135614871979e-01	-8.10554683208466e-01	-8.10554683208466e-01	-9.35255348682404e-01	-6.73383831977844e-01	-5.98563432693481e-01	-6.73383831977844e-01	-5.29978036880493e-01	-4.27099943161011e-01	-4.45805042982101e-01	-2.29449319839478e+00	-3.33574414253235e-01	-2.23214268684387e+00	-2.13238215446472e+00	-1.73333990573883e+00	-1.32182753086090e+00	-1.39664804935455e+00	-1.29688739776611e+00	-1.03501594066620e+00	4.00000000000000e+01	4.00000000000000e+01	8.00000000000000e+01	8.00000000000000e+01	8.00000000000000e+01	8.00000000000000e+01	8.00000000000000e+01	1.60000000000000e+02	1.60000000000000e+02	1.60000000000000e+02	1.60000000000000e+02	1.60000000000000e+02	4.00000000000000e+01	1.60000000000000e+02	4.00000000000000e+01	4.00000000000000e+01	4.00000000000000e+01	4.00000000000000e+01	4.00000000000000e+01	8.00000000000000e+01	8.00000000000000e+01	1.23234338760376e+01	1.21881999969482e+01	0.00000000000000e+00	1.61865440793997e-01	-8.43808054924011e-01	7.01676130294800e-04	-8.43808054924011e-01	0.00000000000000e+00	7.50628365441493e+00	1.97530474635362e+00	-6.81306688349440e+01	-5.11408125840096e+02	0.00000000000000e+00	-7.58671646118164e+01	1.00000000000000e+00	9.45095985596053e-01	2.06451606750488e+01	-4.78056640625000e-02	3.55307273864746e+01	1
72	65	71	26	-2.64504265785217e+00	-1.06174254417419e+00	-1.18592286109924e+00	-9.49980139732361e-01	-8.56844842433929e-01	-8.25799763202667e-01	-7.76127576828003e-01	-8.04068148136139e-01	-6.24006569385529e-01	-5.33975720405579e-01	-6.70574188232422e-01	-2.95549368858337e+00	-4.56362992525101e-01	-1.98688650131226e+00	-2.21041131019592e+00	-1.94963240623474e+00	-1.40323853492737e+00	-1.41565668582916e+00	-1.65780842304230e+00	-1.54604613780975e+00	4.00000000000000e+01	4.00000000000000e+01	8.00000000000000e+01	8.00000000000000e+01	8.00000000000000e+01	8.00000000000000e+01	8.00000000000000e+01	1.60000000000000e+02	1.60000000000000e+02	1.60000000000000e+02	1.60000000000000e+02	1.60000000000000e+02	4.00000000000000e+01	1.60000000000000e+02	4.00000000000000e+01	4.00000000000000e+01	4.00000000000000e+01	4.00000000000000e+01	4.00000000000000e+01	8.00000000000000e+01	8.00000000000000e+01	1.23234338760376e+01	1.21881999969482e+01	0.00000000000000e+00	1.79284485710458e-01	-1.02655804157257e+00	6.02987289428711e-04	-1.02655804157257e+00	0.00000000000000e+00	7.50468338287628e+00	2.23146171772805e+00	-7.96135623886961e+01	-5.97474578710032e+02	0.00000000000000e+00	-1.16671760559082e+02	1.00000000000000e+00	1.03643299549649e+00	2.06451606750488e+01	-4.80059661865234e-02	3.04348468780518e+01	1
72	65	71	27	-2.30471849441528e+00	-1.75332069396973e+00	-1.36920106410980e+00	-1.25148689746857e+00	-9.54103887081146e-01	-6.56720876693726e-01	-8.98344576358795e-01	-9.10735487937927e-01	-8.20901095867157e-01	-5.32811284065247e-01	-7.24871098995209e-01	-3.06056714057922e+00	-8.02314639091492e-01	-2.70122909545898e+00	-2.75079321861267e+00	-2.41623711585999e+00	-1.92059886455536e+00	-2.06929039955139e+00	-1.98255360126495e+00	-1.72234332561493e+00	4.00000000000000e+01	4.00000000000000e+01	8.00000000000000e+01	8.00000000000000e+01	8.00000000000000e+01	8.00000000000000e+01	8.00000000000000e+01	1.60000000000000e+02	1.60000000000000e+02	1.60000000000000e+02	1.60000000000000e+02	1.60000000000000e+02	4.00000000000000e+01	1.60000000000000e+02	4.00000000000000e+01	4.00000000000000e+01	4.00000000000000e+01	4.00000000000000e+01	4.00000000000000e+01	8.00000000000000e+01	8.00000000000000e+01	1.23234338760376e+01	1.22179994583130e+01	0.00000000000000e+00	2.22371403100783e-01	-1.23028457164764e+00	5.18375635147095e-04	-1.23028457164764e+00	0.00000000000000e+00	7.50296569502590e+00	2.62088508356505e+00	-9.28108544423875e+01	-6.96356657007276e+02	0.00000000000000e+00	-6.52034072875977e+01	1.00000000000000e+00	1.06770190669723e+00	2.06451606750488e+01	-4.81108856201172e-02	2.63963394165039e+01	1
72	65	71	28	-1.53192329406738e+00	-1.06246292591095e+00	-1.13658821582794e+00	-1.00069177150726e+00	-8.52441191673279e-01	-1.05628585815430e+00	-9.63629186153412e-01	-8.40086936950684e-01	-7.59784519672394e-01	-7.31987535953522e-01	-5.37408590316772e-01	-2.28553080558777e+00	-4.47840481996536e-01	-2.12492585182190e+00	-1.81607031822205e+00	-1.90254986286163e+00	-1.74194502830505e+00	-1.38367271423340e+00	-1.26630759239197e+00	-1.36514127254486e+00	4.00000000000000e+01	4.00000000000000e+01	8.00000000000000e+01	8.00000000000000e+01	8.00000000000000e+01	8.00000000000000e+01	8.00000000000000e+01	1.60000000000000e+02	1.60000000000000e+02	1.60000000000000e+02	1.60000000000000e+02	1.60000000000000e+02	4.00000000000000e+01	1.60000000000000e+02	4.00000000000000e+01	4.00000000000000e+01	4.00000000000000e+01	4.00000000000000e+01	4.00000000000000e+01	8.00000000000000e+01	8.00000000000000e+01	1.23234338760376e+01	1.22179994583130e+01	0.00000000000000e+00	1.33417412265668e-01	-1.00865340232849e+00	4.54630613327026e-04	-1.00865340232849e+00	0.00000000000000e+00	7.50111880720242e+00	1.96081957276783e+00	-1.06138826205818e+02	-7.96159945426851e+02	0.00000000000000e+00	-5.39101371765137e+01	1.00000000000000e+00	1.24618227918201e+00	2.06451606750488e+01	-4.82539596557617e-02	2.31682472229004e+01	1
72	65	71	29	-1.66584408283234e+00	-1.38820350170135e+00	-1.04886484146118e+00	-1.19077003002167e+00	-1.23395860195160e+00	-9.13129389286041e-01	-7.40375161170959e-01	-7.68139243125916e-01	-6.04639708995819e-01	-6.38573527336121e-01	-6.32403790950775e-01	-2.43089842796326e+00	-5.36772012710571e-01	-1.97433376312256e+00	-1.77690041065216e+00	-1.46841073036194e+00	-1.69052326679230e+00	-1.76456069946289e+00	-1.20310962200165e+00	-1.27714705467224e+00	4.00000000000000e+01	4.00000000000000e+01	8.00000000000000e+01	8.00000000000000e+01	8.00000000000000e+01	8.00000000000000e+01	8.00000000000000e+01	1.60000000000000e+02	1.60000000000000e+02	1.60000000000000e+02	1.60000000000000e+02	1.60000000000000e+02	4.00000000000000e+01	1.60000000000000e+02	4.00000000000000e+01	4.00000000000000e+01	4.00000000000000e+01	4.00000000000000e+01	4.00000000000000e+01	8.00000000000000e+01	8.00000000000000e+01	1.23234338760376e+01	1.22179994583130e+01	0.00000000000000e+00	1.33675961813625e-01	-9.99232232570648e-01	4.24830198287964e-04	-9.99232232570648e-01	0.00000000000000e+00	7.49912941828373e+00	1.97149906805355e+00	-1.13718817397707e+02	-8.52792128959580e+02	0.00000000000000e+00	-4.51063423156738e+01	1.00000000000000e+00	1.24493074607665e+00	2.06451606750488e+01	-4.83111877441406e-02	2.15591564178467e+01	1
72	65	71	30	-1.42101621627808e+00	-1.29127120971680e+00	-1.11827802658081e+00	-1.09974300861359e+00	-9.94711279869080e-01	-7.22864747047424e-01	-1.02869212627411e+00	-7.53756403923035e-01	-9.23660516738892e-01	-7.90826380252838e-01	-1.02251386642456e+00	-2.31069588661194e+00	-6.73438072204590e-01	-1.47044289112091e+00	-1.43337285518646e+00	-1.43337285518646e+00	-1.53222608566284e+00	-1.19859623908997e+00	-1.20477461814880e+00	-1.47044289112091e+00	4.00000000000000e+01	4.00000000000000e+01	8.00000000000000e+01	8.00000000000000e+01	8.00000000000000e+01	8.00000000000000e+01	8.00000000000000e+01	1.60000000000000e+02	1.60000000000000e+02	1.60000000000000e+02	1.60000000000000e+02	1.60000000000000e+02	4.00000000000000e+01	1.60000000000000e+02	4.00000000000000e+01	4.00000000000000e+01	4.00000000000000e+01	4.00000000000000e+01	4.00000000000000e+01	8.00000000000000e+01	8.00000000000000e+01	1.23460941314697e+01	1.22179994583130e+01	0.00000000000000e+00	1.67861033608905e-01	-1.05278766155243e+00	4.14725542068481e-04	-1.05278766155243e+00	0.00000000000000e+00	7.49698246879382e+00	1.58352635012708e+00	-1.16328554715907e+02	-8.72113135325280e+02	0.00000000000000e+00	-4.45722007751465e+01	1.00000000000000e+00	2.08706695723230e+00	2.06451606750488e+01	-4.82444229125977e-02	2.10583477020264e+01	1
72	65	71	31	-1.55848014354706e+00	-1.10083115100861e+00	-1.21215116977692e+00	-1.32347118854523e+00	-8.59637796878815e-01	-9.58588957786560e-01	-9.67865586280823e-01	-5.96798956394196e-01	-8.75098884105682e-01	-7.51410007476807e-01	-5.22585570812225e-01	-2.46140885353088e+00	-6.46274447441101e-01	-2.43667125701904e+00	-2.06560468673706e+00	-1.53374230861664e+00	-1.60795569419861e+00	-1.54611122608185e+00	-1.36676228046417e+00	-1.50282001495361e+00	4.00000000000000e+01	4.00000000000000e+01	8.00000000000000e+01	8.00000000000000e+01	8.00000000000000e+01	8.00000000000000e+01	8.00000000000000e+01	1.60000000000000e+02	1.60000000000000e+02	1.60000000000000e+02	1.60000000000000e+02	1.60000000000000e+02	4.00000000000000e+01	1.60000000000000e+02	4.00000000000000e+01	4.00000000000000e+01	4.00000000000000e+01	4.00000000000000e+01	4.00000000000000e+01	8.00000000000000e+01	8.00000000000000e+01	1.23234338760376e+01	1.22179994583130e+01	0.00000000000000e+00	1.76273035826241e-01	-1.05108070373535e+00	4.17094469070435e-04	-1.05108070373535e+00	0.00000000000000e+00	7.49466085414291e+00	2.00176861705116e+00	-1.15553513991201e+02	-8.66034397868505e+02	0.00000000000000e+00	-5.34141502380371e+01	1.00000000000000e+00	1.29241263618522e+00	2.06451606750488e+01	-4.81967315673828e-02	2.11549167633057e+01	1
72	65	71	32	-1.32425737380981e+00	-1.29950487613678e+00	-1.28712868690491e+00	-1.34900987148285e+00	-1.16336631774902e+00	-8.23019802570343e-01	-8.38490068912506e-01	-7.14727640151978e-01	-9.09653425216675e-01	-6.65222704410553e-01	-5.97153425216675e-01	-2.42574262619019e+00	-5.84777235984802e-01	-1.93069303035736e+00	-2.02970290184021e+00	-1.96782171726227e+00	-1.52227711677551e+00	-1.48514842987061e+00	-1.45420789718628e+00	-1.21905934810638e+00	4.00000000000000e+01	4.00000000000000e+01	8.00000000000000e+01	8.00000000000000e+01	8.00000000000000e+01	8.00000000000000e+01	8.00000000000000e+01	1.60000000000000e+02	1.60000000000000e+02	1.60000000000000e+02	1.60000000000000e+02	1.60000000000000e+02	4.00000000000000e+01	1.60000000000000e+02	4.00000000000000e+01	4.00000000000000e+01	4.00000000000000e+01	4.00000000000000e+01	4.00000000000000e+01	8.00000000000000e+01	8.00000000000000e+01	1.23234338760376e+01	1.22179994583130e+01	0.00000000000000e+00	1.53283164623464e-01	-1.04702973365784e+00	4.21844959259033e-04	-1.04702973365784e+00	0.00000000000000e+00	7.49214508173175e+00	1.95911663285053e+00	-1.14184409380641e+02	-8.55486161151616e+02	0.00000000000000e+00	-3.00549964904785e+01	1.00000000000000e+00	1.34237385699193e+00	2.06451606750488e+01	-4.81681175231934e-02	2.15633926391602e+01	1
72	65	71	33	-7.05373191833496e+00	-2.78214931488037e+00	-2.61353421211243e+00	-1.95312500000000e+00	-1.88286876678467e+00	-2.14984273910522e+00	-1.11707508563995e+00	-9.34408783912659e-01	-7.02562987804413e-01	-6.53383553028107e-01	-4.84768450260162e-01	-6.01393890380859e+00	-1.40512600541115e-01	-5.42378616333008e+00	-3.40040469169617e+00	-2.52922654151917e+00	-3.23178958892822e+00	-2.58543157577515e+00	-2.03743267059326e+00	-2.36061143875122e+00	4.00000000000000e+01	4.00000000000000e+01	8.00000000000000e+01	8.00000000000000e+01	8.00000000000000e+01	8.00000000000000e+01	8.00000000000000e+01	1.60000000000000e+02	1.60000000000000e+02	1.60000000000000e+02	1.60000000000000e+02	1.60000000000000e+02	4.00000000000000e+01	1.60000000000000e+02	4.00000000000000e+01	4.00000000000000e+01	4.00000000000000e+01	4.00000000000000e+01	4.00000000000000e+01	8.00000000000000e+01	8.00000000000000e+01	1.23460941314697e+01	1.21881999969482e+01	0.00000000000000e+00	2.91658082409395e-01	-1.73173952102661e+00	9.55459594726563e-04	-1.73173952102661e+00	0.00000000000000e+00	7.48941285898770e+00	5.75882048216191e+00	-2.22019299870642e+01	-1.66279419939463e+02	0.00000000000000e+00	-5.46445808410645e+01	1.00000000000000e+00	5.89618231192398e-01	2.06451606750488e+01	-2.12130470275879e-02	4.99822196960449e+01	1
72	65	71	34	-3.79125809669495e+00	-1.40313708782196e+00	-9.66399073600769e-01	-3.80984246730804e-01	-1.25446033477783e+00	-6.41168594360352e-01	-6.50460958480835e-01	-6.13291680812836e-01	-4.73907262086868e-01	-7.24799335002899e-01	-7.71260797977448e-01	-3.54965806007385e+00	-1.39384478330612e-01	-2.32307481765747e+00	-1.80270600318909e+00	-2.19298267364502e+00	-1.93279814720154e+00	-1.96996736526489e+00	-1.26375257968903e+00	-6.78337812423706e-01	4.00000000000000e+01	4.00000000000000e+01	8.00000000000000e+01	8.00000000000000e+01	8.00000000000000e+01	8.00000000000000e+01	8.00000000000000e+01	1.60000000000000e+02	1.60000000000000e+02	1.60000000000000e+02	1.60000000000000e+02	1.60000000000000e+02	4.00000000000000e+01	1.60000000000000e+02	4.00000000000000e+01	4.00000000000000e+01	4.00000000000000e+01	4.00000000000000e+01	4.00000000000000e+01	8.00000000000000e+01	8.00000000000000e+01	1.23460941314697e+01	1.21881999969482e+01	0.00000000000000e+00	4.42034704691660e-01	-9.82918798923492e-01	9.51869010925293e-04	-9.82918798923492e-01	0.00000000000000e+00	7.48643859594493e+00	2.49503075777698e+00	-3.36990723439471e+01	-2.52286035843266e+02	0.00000000000000e+00	-4.79105834960938e+01	1.00000000000000e+00	7.83685648599217e-01	2.06451606750488e+01	-3.20771026611328e-02	4.99835319519043e+01	1
72	65	71	35	-2.70518589019775e+00	-1.24413025379181e+00	-1.30155169963837e+00	-5.99734544754028e-01	-8.48560631275177e-01	-8.29420149326324e-01	-8.51750671863556e-01	-7.94329345226288e-01	-4.72131490707397e-01	-8.90031635761261e-01	-7.52858340740204e-01	-2.97315239906311e+00	-4.84891802072525e-01	-2.70518589019775e+00	-1.92680680751801e+00	-1.42915475368500e+00	-1.07186603546143e+00	-1.14842784404755e+00	-1.07186603546143e+00	-9.69783604145050e-01	4.00000000000000e+01	4.00000000000000e+01	8.00000000000000e+01	8.00000000000000e+01	8.00000000000000e+01	8.00000000000000e+01	8.00000000000000e+01	1.60000000000000e+02	1.60000000000000e+02	1.60000000000000e+02	1.60000000000000e+02	1.60000000000000e+02	4.00000000000000e+01	1.60000000000000e+02	4.00000000000000e+01	4.00000000000000e+01	4.00000000000000e+01	4.00000000000000e+01	4.00000000000000e+01	8.00000000000000e+01	8.00000000000000e+01	1.23007726669312e+01	1.21881999969482e+01	0.00000000000000e+00	3.11487588239606e-01	-9.92752134799957e-01	9.49438571929932e-04	-9.92752134799957e-01	0.00000000000000e+00	7.48319280146925e+00	1.87939921682195e+00	-4.92062415217187e+01	-3.68219792342683e+02	0.00000000000000e+00	-2.47517356872559e+01	1.00000000000000e+00	1.24685519100901e+00	2.06451606750488e+01	-4.67183036804199e-02	4.98577270507812e+01	1
72	65	71	36	-2.76867294311523e+00	-1.21051847934723e+00	-1.22914183139801e+00	-1.16706395149231e+00	-1.17947959899902e+00	-1.31605088710785e+00	-9.68414783477783e-01	-8.03908407688141e-01	-6.51817619800568e-01	-7.01479911804199e-01	-7.01479911804199e-01	-3.41428279876709e+00	-4.19025629758835e-01	-2.71901082992554e+00	-2.34654355049133e+00	-1.70093369483948e+00	-1.52711570262909e+00	-2.04856967926025e+00	-1.81888163089752e+00	-1.83750510215759e+00	4.00000000000000e+01	4.00000000000000e+01	8.00000000000000e+01	8.00000000000000e+01	8.00000000000000e+01	8.00000000000000e+01	8.00000000000000e+01	1.60000000000000e+02	1.60000000000000e+02	1.60000000000000e+02	1.60000000000000e+02	1.60000000000000e+02	4.00000000000000e+01	1.60000000000000e+02	4.00000000000000e+01	4.00000000000000e+01	4.00000000000000e+01	4.00000000000000e+01	4.00000000000000e+01	8.00000000000000e+01	8.00000000000000e+01	1.23234338760376e+01	1.21881999969482e+01	0.00000000000000e+00	1.67662582470096e-01	-1.17837584018707e+00	7.43205308914185e-04	-1.17837584018707e+00	0.00000000000000e+00	7.47964134628904e+00	2.62692151904678e+00	-6.46059740878838e+01	-4.83229515005014e+02	0.00000000000000e+00	-4.98086929321289e+01	1.00000000000000e+00	1.00129594474703e+00	2.06451606750488e+01	-4.80155029296875e-02	3.89825630187988e+01	1
72	65	71	37	-8.66165161132812e-01	-7.60987937450409e-01	-9.40407872200012e-01	-9.28034007549286e-01	-5.93941748142242e-01	-5.63007354736328e-01	-8.29043745994568e-01	-5.10418713092804e-01	-6.96025550365448e-01	-6.61997616291046e-01	-3.95961165428162e-01	-1.71995639801025e+00	-7.14586198329926e-01	-1.76945149898529e+00	-1.37349045276642e+00	-1.46010696887970e+00	-1.32399523258209e+00	-1.49722814559937e+00	-1.18788349628448e+00	-9.15660262107849e-01	4.00000000000000e+01	4.00000000000000e+01	8.00000000000000e+01	8.00000000000000e+01	8.00000000000000e+01	8.00000000000000e+01	8.00000000000000e+01	1.60000000000000e+02	1.60000000000000e+02	1.60000000000000e+02	1.60000000000000e+02	1.60000000000000e+02	4.00000000000000e+01	1.60000000000000e+02	4.00000000000000e+01	4.00000000000000e+01	4.00000000000000e+01	4.00000000000000e+01	4.00000000000000e+01	8.00000000000000e+01	8.00000000000000e+01	1.23234338760376e+01	1.21881999969482e+01	0.00000000000000e+00	2.52469337766843e-01	-8.22719335556030e-01	6.42741203308105e-04	-8.22719335556030e-01	0.00000000000000e+00	7.47574455811735e+00	1.40047054631198e+00	-7.49565361896721e+01	-5.60355917515268e+02	0.00000000000000e+00	-3.18863391876221e+01	1.00000000000000e+00	1.56509643464168e+00	2.06451606750488e+01	-4.81776542663574e-02	3.36757621765137e+01	1
72	65	71	38	-1.13546597957611e+00	-1.23420226573944e+00	-8.70112597942352e-01	-7.96060442924500e-01	-1.08609795570374e+00	-9.31822657585144e-01	-7.83718407154083e-01	-6.20186626911163e-01	-5.95502555370331e-01	-4.56654816865921e-01	-7.96060442924500e-01	-1.62914681434631e+00	-5.83160579204559e-01	-1.76490914821625e+00	-1.51806867122650e+00	-1.36996448040009e+00	-1.28357028961182e+00	-1.36996448040009e+00	-1.25888633728027e+00	-1.30825436115265e+00	4.00000000000000e+01	4.00000000000000e+01	8.00000000000000e+01	8.00000000000000e+01	8.00000000000000e+01	8.00000000000000e+01	8.00000000000000e+01	1.60000000000000e+02	1.60000000000000e+02	1.60000000000000e+02	1.60000000000000e+02	1.60000000000000e+02	4.00000000000000e+01	1.60000000000000e+02	4.00000000000000e+01	4.00000000000000e+01	4.00000000000000e+01	4.00000000000000e+01	4.00000000000000e+01	8.00000000000000e+01	8.00000000000000e+01	1.23234338760376e+01	1.21881999969482e+01	0.00000000000000e+00	1.71162532090722e-01	-8.97402167320251e-01	5.80265760421753e-04	-8.97402167320251e-01	0.00000000000000e+00	7.47145610361510e+00	1.55676162517898e+00	-8.32405671598986e+01	-6.21928243575207e+02	0.00000000000000e+00	-2.44178962707520e+01	1.00000000000000e+00	1.54649080685465e+00	2.06451606750488e+01	-4.83016510009766e-02	3.04832363128662e+01	1
72	65	71	39	-1.09865689277649e+00	-9.75212275981903e-01	-6.91289722919464e-01	-7.34495341777802e-01	-7.46839761734009e-01	-6.72773003578186e-01	-8.23992669582367e-01	-5.92534005641937e-01	-5.46242296695709e-01	-7.28323161602020e-01	-7.34495341777802e-01	-2.04918026924133e+00	-6.54256343841553e-01	-1.55540192127228e+00	-1.48133516311646e+00	-1.30851268768311e+00	-1.45664632320404e+00	-9.75212275981903e-01	-1.03076243400574e+00	-1.34554600715637e+00	4.00000000000000e+01	4.00000000000000e+01	8.00000000000000e+01	8.00000000000000e+01	8.00000000000000e+01	8.00000000000000e+01	8.00000000000000e+01	1.60000000000000e+02	1.60000000000000e+02	1.60000000000000e+02	1.60000000000000e+02	1.60000000000000e+02	4.00000000000000e+01	1.60000000000000e+02	4.00000000000000e+01	4.00000000000000e+01	4.00000000000000e+01	4.00000000000000e+01	4.00000000000000e+01	8.00000000000000e+01	8.00000000000000e+01	1.23234338760376e+01	1.21881999969482e+01	0.00000000000000e+00	2.21427344569473e-01	-8.58625650405884e-01	5.53894996643066e-04	-8.58625650405884e-01	0.00000000000000e+00	7.46672159772865e+00	1.38297701678943e+00	-8.71864063594932e+01	-6.50996623392774e+02	0.00000000000000e+00	-1.76075935363770e+01	1.00000000000000e+00	1.77995666108334e+00	2.06451606750488e+01	-4.82921142578125e-02	2.91430225372314e+01	1
72	65	71	40	-1.91490423679352e+00	-1.03775453567505e+00	-9.38920736312866e-01	-9.57452118396759e-01	-1.01922309398651e+00	-1.03157746791840e+00	-9.48186457157135e-01	-7.07279086112976e-01	-4.78726059198380e-01	-7.50518858432770e-01	-3.82980823516846e-01	-2.66851162910461e+00	-6.42419457435608e-01	-2.34730195999146e+00	-2.26082229614258e+00	-1.51956903934479e+00	-1.17365097999573e+00	-1.09952557086945e+00	-9.51274931430817e-01	-1.14894247055054e+00	4.00000000000000e+01	4.00000000000000e+01	8.00000000000000e+01	8.00000000000000e+01	8.00000000000000e+01	8.00000000000000e+01	8.00000000000000e+01	1.60000000000000e+02	1.60000000000000e+02	1.60000000000000e+02	1.60000000000000e+02	1.60000000000000e+02	4.00000000000000e+01	1.60000000000000e+02	4.00000000000000e+01	4.00000000000000e+01	4.00000000000000e+01	4.00000000000000e+01	4.00000000000000e+01	8.00000000000000e+01	8.00000000000000e+01	1.23460941314697e+01	1.22179994583130e+01	0.00000000000000e+00	2.46929706954731e-01	-9.51000452041626e-01	5.41540622711182e-04	-9.51000452041626e-01	0.00000000000000e+00	7.46147686156903e+00	1.86738947789227e+00	-8.91049676276952e+01	-6.64854654204905e+02	0.00000000000000e+00	-3.76188240051270e+01	1.00000000000000e+00	1.20841501007160e+00	2.06451606750488e+01	-4.82539596557617e-02	2.84346771240234e+01	1
72	65	71	41	5.70856857299805e+00	6.37554943561554e-01	1.50070619583130e+00	4.61001217365265e-01	7.65065908432007e-01	7.45448827743530e-01	5.88512182235718e-01	2.74639040231705e-01	2.64830499887466e-01	2.94256098568439e-02	-2.45213434100151e-02	3.00141239166260e+00	7.84682989120483e-01	2.43251705169678e+00	2.66792201995850e+00	2.37366580963135e+00	2.21672940254211e+00	1.76553666591644e+00	1.53013181686401e+00	1.27510988712311e+00	4.00000000000000e+01	4.00000000000000e+01	8.00000000000000e+01	8.00000000000000e+01	8.00000000000000e+01	8.00000000000000e+01	8.00000000000000e+01	1.60000000000000e+02	1.60000000000000e+02	1.60000000000000e+02	1.60000000000000e+02	1.60000000000000e+02	4.00000000000000e+01	1.60000000000000e+02	4.00000000000000e+01	4.00000000000000e+01	4.00000000000000e+01	4.00000000000000e+01	4.00000000000000e+01	8.00000000000000e+01	8.00000000000000e+01	1.23460941314697e+01	1.21881999969482e+01	0.00000000000000e+00	7.68599214694109e-01	9.25926029682159e-01	9.32808399200439e-04	9.25926029682159e-01	0.00000000000000e+00	7.45564572335185e+00	3.67948816722448e+00	3.25777897508538e+01	2.42888458832209e+02	0.00000000000000e+00	-7.01346817016602e+01	1.00000000000000e+00	4.47363283770885e-01	2.06451606750488e+01	3.03888359069824e-02	4.99973716735840e+01	1
72	65	71	44	-6.30017852783203e+00	-2.59255146980286e+00	-1.93744421005249e+00	-1.22658348083496e+00	-9.89629805088043e-01	-1.60292160511017e+00	-1.58898317813873e+00	-1.08719897270203e+00	-9.89629805088043e-01	-8.85091483592987e-01	-7.45706975460052e-01	-5.35236406326294e+00	-5.78445553779602e-01	-4.79482603073120e+00	-3.01070475578308e+00	-3.31735062599182e+00	-3.23372006416321e+00	-2.75981283187866e+00	-1.61686003208160e+00	-1.93744421005249e+00	4.00000000000000e+01	4.00000000000000e+01	8.00000000000000e+01	8.00000000000000e+01	8.00000000000000e+01	8.00000000000000e+01	8.00000000000000e+01	1.60000000000000e+02	1.60000000000000e+02	1.60000000000000e+02	1.60000000000000e+02	1.60000000000000e+02	4.00000000000000e+01	1.60000000000000e+02	4.00000000000000e+01	4.00000000000000e+01	4.00000000000000e+01	4.00000000000000e+01	4.00000000000000e+01	8.00000000000000e+01	8.00000000000000e+01	1.23007726669312e+01	1.21881999969482e+01	0.00000000000000e+00	2.65008352415898e-01	-1.69057905673981e+00	9.31336402893066e-04	-1.69057905673981e+00	0.00000000000000e+00	7.43362768736740e+00	4.19132734950613e+00	-2.29613435499710e+01	-1.70686079152219e+02	0.00000000000000e+00	-2.76990528106689e+01	1.00000000000000e+00	8.46574395403803e-01	2.06451606750488e+01	-2.13847351074219e-02	4.99975776672363e+01	1
72	65	71	45	-1.15955483913422e+00	-9.85621571540833e-01	-1.02703416347504e+00	-4.63821887969971e-01	-1.90498277544975e-01	-2.40193486213684e-01	-7.86840736865997e-01	-9.02796149253845e-01	-2.81606137752533e-01	-3.27160090208054e-01	-7.04015344381332e-02	-2.45163011550903e+00	-3.10595005750656e-01	-2.18658900260925e+00	-1.47429108619690e+00	-1.90498280525208e+00	-7.78558194637299e-01	-6.95732831954956e-01	-7.37145543098450e-01	-1.42459583282471e+00	4.00000000000000e+01	4.00000000000000e+01	8.00000000000000e+01	8.00000000000000e+01	8.00000000000000e+01	8.00000000000000e+01	8.00000000000000e+01	1.60000000000000e+02	1.60000000000000e+02	1.60000000000000e+02	1.60000000000000e+02	1.60000000000000e+02	4.00000000000000e+01	1.60000000000000e+02	4.00000000000000e+01	4.00000000000000e+01	4.00000000000000e+01	4.00000000000000e+01	4.00000000000000e+01	8.00000000000000e+01	8.00000000000000e+01	1.23234338760376e+01	1.21881999969482e+01	0.00000000000000e+00	5.64185552543480e-01	-7.00150191783905e-01	9.31780099868774e-04	-7.00150191783905e-01	0.00000000000000e+00	7.42433274808966e+00	1.66692154862792e+00	-3.86226122770024e+01	-2.86747125144918e+02	0.00000000000000e+00	-2.10604362487793e+01	1.00000000000000e+00	7.43895023432643e-01	2.06451606750488e+01	-3.59877815246582e-02	4.99961204528809e+01	1
72	65	71	46	-2.99588871002197e+00	-1.15949666500092e+00	-7.89711236953735e-01	-1.29738271236420e+00	-1.08428597450256e+00	-1.01534295082092e+00	-6.70627772808075e-01	-8.08513879776001e-01	-8.49252939224243e-01	-6.14219844341278e-01	-6.36156260967255e-01	-3.03349375724792e+00	-5.35875499248505e-01	-2.35659837722778e+00	-1.85519468784332e+00	-1.26604497432709e+00	-1.37886083126068e+00	-1.67970323562622e+00	-1.66716814041138e+00	-1.64209794998169e+00	4.00000000000000e+01	4.00000000000000e+01	8.00000000000000e+01	8.00000000000000e+01	8.00000000000000e+01	8.00000000000000e+01	8.00000000000000e+01	1.60000000000000e+02	1.60000000000000e+02	1.60000000000000e+02	1.60000000000000e+02	1.60000000000000e+02	4.00000000000000e+01	1.60000000000000e+02	4.00000000000000e+01	4.00000000000000e+01	4.00000000000000e+01	4.00000000000000e+01	4.00000000000000e+01	8.00000000000000e+01	8.00000000000000e+01	1.23460941314697e+01	1.21881999969482e+01	0.00000000000000e+00	2.25126121376790e-01	-1.07411849498749e+00	9.29672241210937e-04	-1.07411849498749e+00	0.00000000000000e+00	7.41375845958610e+00	2.18178027994934e+00	-5.11553047089139e+01	-3.79253073038416e+02	0.00000000000000e+00	-2.90248680114746e+01	1.00000000000000e+00	1.14390518750017e+00	2.06451606750488e+01	-4.75576667785645e-02	4.99986381530762e+01	1
72	65	71	47	-1.56991696357727e+00	-1.61936306953430e+00	-1.13726258277893e+00	-8.40585410594940e-01	-1.18052804470062e+00	-7.41693019866943e-01	-8.18952739238739e-01	-9.27116274833679e-01	-5.13004302978516e-01	-5.62450528144836e-01	-5.90264022350311e-01	-2.05201721191406e+00	-8.56037378311157e-01	-1.73061716556549e+00	-1.79242479801178e+00	-1.85423254966736e+00	-1.19907045364380e+00	-9.02393162250519e-01	-1.42157828807831e+00	-1.25469732284546e+00	4.00000000000000e+01	4.00000000000000e+01	8.00000000000000e+01	8.00000000000000e+01	8.00000000000000e+01	8.00000000000000e+01	8.00000000000000e+01	1.60000000000000e+02	1.60000000000000e+02	1.60000000000000e+02	1.60000000000000e+02	1.60000000000000e+02	4.00000000000000e+01	1.60000000000000e+02	4.00000000000000e+01	4.00000000000000e+01	4.00000000000000e+01	4.00000000000000e+01	4.00000000000000e+01	8.00000000000000e+01	8.00000000000000e+01	1.23460941314697e+01	1.21881999969482e+01	0.00000000000000e+00	2.27457156419365e-01	-9.90297555923462e-01	8.10157775878906e-04	-9.90297555923462e-01	0.00000000000000e+00	7.40165808437386e+00	1.70872728932536e+00	-5.95258689694789e+01	-4.40590129287323e+02	0.00000000000000e+00	-2.79470462799072e+01	1.00000000000000e+00	1.50781812446761e+00	2.06451606750488e+01	-4.82253456115723e-02	4.33179283142090e+01	1
72	65	71	48	-1.42129731178284e+00	-6.24134898185730e-01	-3.76952767372131e-01	-3.46054971218109e-01	-7.66264557838440e-01	-5.93237102031708e-01	-5.43800652027130e-01	-7.01379299163818e-01	-6.11775755882263e-01	-3.39875400066376e-01	-3.52234542369843e-01	-1.91566157341003e+00	-7.66264557838440e-01	-2.15048456192017e+00	-1.73027503490448e+00	-1.32242441177368e+00	-1.64376115798950e+00	-1.19883334636688e+00	-1.25444924831390e+00	-1.34096312522888e+00	4.00000000000000e+01	4.00000000000000e+01	8.00000000000000e+01	8.00000000000000e+01	8.00000000000000e+01	8.00000000000000e+01	8.00000000000000e+01	1.60000000000000e+02	1.60000000000000e+02	1.60000000000000e+02	1.60000000000000e+02	1.60000000000000e+02	4.00000000000000e+01	1.60000000000000e+02	4.00000000000000e+01	4.00000000000000e+01	4.00000000000000e+01	4.00000000000000e+01	4.00000000000000e+01	8.00000000000000e+01	8.00000000000000e+01	1.23460941314697e+01	1.21881999969482e+01	0.00000000000000e+00	4.03941548265899e-01	-7.83292829990387e-01	7.55992650985718e-04	-7.83292829990387e-01	0.00000000000000e+00	7.38772220555986e+00	1.51190541840953e+00	-6.38033746648783e+01	-4.71361607801377e+02	0.00000000000000e+00	-1.29147777557373e+01	1.00000000000000e+00	1.17294387789663e+00	2.06451606750488e+01	-4.82348823547363e-02	4.02101249694824e+01	1
72	65	71	49	1.49334120750427e+00	-6.67107284069061e-01	-2.81531512737274e-01	-5.99784553050995e-01	-1.95848003029823e-01	-7.22189605236053e-01	-2.38689765334129e-01	-6.30385816097260e-01	-5.07980763912201e-01	-2.63170778751373e-01	-3.12132775783539e-01	4.89620007574558e-02	-3.30493539571762e-01	-1.59126520156860e-01	-3.06012541055679e-01	-3.54974508285522e-01	-6.73227488994598e-01	-6.36506080627441e-01	-3.42734009027481e-01	-3.36613744497299e-01	4.00000000000000e+01	4.00000000000000e+01	8.00000000000000e+01	8.00000000000000e+01	8.00000000000000e+01	8.00000000000000e+01	8.00000000000000e+01	1.60000000000000e+02	1.60000000000000e+02	1.60000000000000e+02	1.60000000000000e+02	1.60000000000000e+02	4.00000000000000e+01	1.60000000000000e+02	4.00000000000000e+01	4.00000000000000e+01	4.00000000000000e+01	4.00000000000000e+01	4.00000000000000e+01	8.00000000000000e+01	8.00000000000000e+01	1.23234338760376e+01	1.21881999969482e+01	0.00000000000000e+00	6.95595757986348e-01	-3.55790585279465e-01	5.08704900741577e-04	-3.55790585279465e-01	0.00000000000000e+00	7.37155853254651e+00	3.57932271057544e-01	9.57377430268979e+01	7.05736376496674e+02	0.00000000000000e+00	-5.18784904479980e+01	1.00000000000000e+00	-2.44187753410468e+01	2.06451606750488e+01	4.87022590637207e-02	2.68181285858154e+01	1
72	65	71	50	7.14990139007568e-01	-3.57495069503784e-01	-7.82790958881378e-01	-7.08826482295990e-01	-5.36242604255676e-01	-4.12968456745148e-01	-4.31459605693817e-01	-4.53032553195953e-01	-7.39645004272461e-01	-5.85552275180817e-01	-2.86612451076508e-01	-5.79388558864594e-01	-5.60897469520569e-01	-3.32840234041214e-01	-6.28698229789734e-01	-4.68441843986511e-01	-6.28698229789734e-01	-4.68441843986511e-01	-6.47189378738403e-01	-5.48570036888123e-01	4.00000000000000e+01	4.00000000000000e+01	8.00000000000000e+01	8.00000000000000e+01	8.00000000000000e+01	8.00000000000000e+01	8.00000000000000e+01	1.60000000000000e+02	1.60000000000000e+02	1.60000000000000e+02	1.60000000000000e+02	1.60000000000000e+02	4.00000000000000e+01	1.60000000000000e+02	4.00000000000000e+01	4.00000000000000e+01	4.00000000000000e+01	4.00000000000000e+01	4.00000000000000e+01	8.00000000000000e+01	8.00000000000000e+01	1.23007726669312e+01	1.21881999969482e+01	0.00000000000000e+00	2.66640791621847e-01	-5.02410650253296e-01	6.58584594726563e-04	-5.02410650253296e-01	0.00000000000000e+00	7.35266365733781e+00	5.58535536700384e-01	7.34285002664442e+01	5.39895065321905e+02	0.00000000000000e+00	-4.19014930725098e+01	1.00000000000000e+00	1.10611766534399e+01	2.11339206695557e+01	4.83588790893555e-02	3.53380470275879e+01	1
72	65	71	51	3.55993819236755e+00	-2.60664939880371e-01	-5.28777420520782e-01	-1.78741663694382e-01	-2.23427072167397e-01	-7.44756907224655e-02	-1.56398952007294e-01	-2.34598442912102e-01	-4.17063891887665e-01	-4.28235232830048e-01	-2.83007651567459e-01	1.22140133380890e+00	-4.05892521142960e-01	1.01286935806274e+00	8.04337501525879e-01	6.10700666904449e-01	8.34127783775330e-01	1.04265972971916e-01	1.26608669757843e-01	2.23427079617977e-02	4.00000000000000e+01	4.00000000000000e+01	8.00000000000000e+01	8.00000000000000e+01	8.00000000000000e+01	8.00000000000000e+01	8.00000000000000e+01	1.60000000000000e+02	1.60000000000000e+02	1.60000000000000e+02	1.60000000000000e+02	1.60000000000000e+02	4.00000000000000e+01	1.60000000000000e+02	4.00000000000000e+01	4.00000000000000e+01	4.00000000000000e+01	4.00000000000000e+01	4.00000000000000e+01	8.00000000000000e+01	8.00000000000000e+01	1.23234338760376e+01	1.21881999969482e+01	0.00000000000000e+00	1.06143456798023e+00	-3.97203490138054e-02	9.29923772811890e-04	-3.97203490138054e-02	0.00000000000000e+00	7.33038285837618e+00	4.65163348642396e-01	4.30384277646580e+01	3.15488153137510e+02	0.00000000000000e+00	-4.04802932739258e+01	1.00000000000000e+00	1.88892082039508e+00	2.06451606750488e+01	4.00224571228027e-02	4.99983825683594e+01	1
72	65	71	52	6.32856130599976e+00	-8.07437181472778e-01	-1.74580991268158e-01	-4.36452507972717e-01	1.09113126993179e-01	-3.49161982536316e-01	3.27339358627796e-02	-7.85614550113678e-01	-2.07314938306808e-01	-5.78299582004547e-01	-4.36452507972717e-01	2.92423176765442e+00	-9.82018187642097e-02	7.85614550113678e-01	2.18226253986359e-01	1.30935743451118e-01	1.48393845558167e+00	1.17842173576355e+00	-5.67388236522675e-01	-3.05516749620438e-01	4.00000000000000e+01	4.00000000000000e+01	8.00000000000000e+01	8.00000000000000e+01	8.00000000000000e+01	8.00000000000000e+01	8.00000000000000e+01	1.60000000000000e+02	1.60000000000000e+02	1.60000000000000e+02	1.60000000000000e+02	1.60000000000000e+02	4.00000000000000e+01	1.60000000000000e+02	4.00000000000000e+01	4.00000000000000e+01	4.00000000000000e+01	4.00000000000000e+01	4.00000000000000e+01	8.00000000000000e+01	8.00000000000000e+01	1.23460941314697e+01	1.21881999969482e+01	0.00000000000000e+00	1.07051530632256e+00	-6.78922934457660e-03	9.28310871124268e-04	-6.78922934457660e-03	0.00000000000000e+00	7.30385177287642e+00	8.76630041030267e-01	1.47135635801971e+01	1.07465687440553e+02	0.00000000000000e+00	-1.51467266082764e+01	1.00000000000000e+00	9.44723618337624e-01	2.06451606750488e+01	1.36587610244751e-02	4.99988708496094e+01	1
72	65	71	54	-2.55158019065857e+00	-8.64244937896729e-01	-1.41297185420990e+00	-1.26207196712494e+00	-2.88081645965576e-01	-9.73990321159363e-01	-6.24176919460297e-01	-3.42954337596893e-01	-7.06485927104950e-01	-3.63531589508057e-01	2.74363458156586e-02	-3.59416127204895e+00	-1.57758995890617e-01	-2.30465316772461e+00	-1.94798064231873e+00	-1.39925372600555e+00	-1.07001757621765e+00	-1.15232658386230e+00	-1.90682601928711e+00	-1.41297185420990e+00	4.00000000000000e+01	4.00000000000000e+01	8.00000000000000e+01	8.00000000000000e+01	8.00000000000000e+01	8.00000000000000e+01	8.00000000000000e+01	1.60000000000000e+02	1.60000000000000e+02	1.60000000000000e+02	1.60000000000000e+02	1.60000000000000e+02	4.00000000000000e+01	1.60000000000000e+02	4.00000000000000e+01	4.00000000000000e+01	4.00000000000000e+01	4.00000000000000e+01	4.00000000000000e+01	8.00000000000000e+01	8.00000000000000e+01	1.23007726669312e+01	1.21881999969482e+01	0.00000000000000e+00	5.69408109451211e-01	-8.65159332752228e-01	9.28109169006348e-04	-8.65159332752228e-01	0.00000000000000e+00	7.23296913268348e+00	2.86740904489710e+00	-2.34111609927322e+01	-1.69332204820715e+02	0.00000000000000e+00	-2.55338706970215e+01	1.00000000000000e+00	5.45035158564842e-01	2.11339206695557e+01	-2.17281131744385e-02	4.99992942810059e+01	1
72	65	71	55	-2.69784188270569e+00	-1.71425366401672e+00	-9.64853107929230e-01	-1.46133100986481e+00	-8.52443099021912e-01	-5.43315351009369e-01	-9.83588099479675e-01	-7.49400496482849e-01	-8.71178090572357e-01	-2.43555158376694e-01	-4.44956541061401e-01	-2.82898664474487e+00	-4.49640274047852e-01	-2.09832143783569e+00	-1.18030583858490e+00	-1.59247612953186e+00	-2.09832143783569e+00	-2.21073150634766e+00	-1.95780873298645e+00	-1.24587833881378e+00	4.00000000000000e+01	4.00000000000000e+01	8.00000000000000e+01	8.00000000000000e+01	8.00000000000000e+01	8.00000000000000e+01	8.00000000000000e+01	1.60000000000000e+02	1.60000000000000e+02	1.60000000000000e+02	1.60000000000000e+02	1.60000000000000e+02	4.00000000000000e+01	1.60000000000000e+02	4.00000000000000e+01	4.00000000000000e+01	4.00000000000000e+01	4.00000000000000e+01	4.00000000000000e+01	8.00000000000000e+01	8.00000000000000e+01	1.23007726669312e+01	1.21881999969482e+01	0.00000000000000e+00	3.03340800860193e-01	-1.04791164398193e+00	9.26243066787720e-04	-1.04791164398193e+00	0.00000000000000e+00	7.18480831090042e+00	2.43283569380822e+00	-3.43533697388251e+01	-2.46822376406946e+02	0.00000000000000e+00	-2.24816341400146e+01	1.00000000000000e+00	8.90206300491823e-01	2.11339206695557e+01	-3.18195705413818e-02	5.00519104003906e+01	1
72	65	71	56	-3.23302650451660e+00	-1.29787361621857e+00	-9.48147237300873e-01	-1.01809251308441e+00	-8.62658500671387e-01	-8.70430171489716e-01	-6.25621676445007e-01	-9.55918908119202e-01	-6.13964140415192e-01	-7.49968886375427e-01	-7.81055688858032e-01	-3.51280736923218e+00	-6.91681146621704e-01	-2.54911708831787e+00	-2.64237737655640e+00	-2.31596612930298e+00	-2.06727170944214e+00	-2.28487920761108e+00	-1.81857728958130e+00	-1.70200192928314e+00	4.00000000000000e+01	4.00000000000000e+01	8.00000000000000e+01	8.00000000000000e+01	8.00000000000000e+01	8.00000000000000e+01	8.00000000000000e+01	1.60000000000000e+02	1.60000000000000e+02	1.60000000000000e+02	1.60000000000000e+02	1.60000000000000e+02	4.00000000000000e+01	1.60000000000000e+02	4.00000000000000e+01	4.00000000000000e+01	4.00000000000000e+01	4.00000000000000e+01	4.00000000000000e+01	8.00000000000000e+01	8.00000000000000e+01	1.23007726669312e+01	1.21881999969482e+01	0.00000000000000e+00	2.65675714885489e-01	-1.18475210666656e+00	9.27907228469849e-04	-1.18475210666656e+00	0.00000000000000e+00	7.12424160814063e+00	2.61734258105818e+00	-4.13330842706373e+01	-2.94466878753657e+02	0.00000000000000e+00	-3.78477401733398e+01	1.00000000000000e+00	1.02034434031460e+00	2.06451606750488e+01	-3.83532676696777e-02	5.00251464843750e+01	1
72	65	71	57	3.59884828329086e-01	-6.71785056591034e-01	-5.45825362205505e-01	-9.05710160732269e-01	-2.81909793615341e-01	-8.51727485656738e-01	-9.65690970420837e-01	-7.16770708560944e-01	-7.25767731666565e-01	-6.44793629646301e-01	-6.95777356624603e-01	-8.99712085723877e-01	-6.53790771961212e-01	-1.13963532447815e+00	-8.99712085723877e-01	-1.11564302444458e+00	-1.34357011318207e+00	-7.79750525951385e-01	-5.99808096885681e-01	-1.00167953968048e+00	4.00000000000000e+01	4.00000000000000e+01	8.00000000000000e+01	8.00000000000000e+01	8.00000000000000e+01	8.00000000000000e+01	8.00000000000000e+01	1.60000000000000e+02	1.60000000000000e+02	1.60000000000000e+02	1.60000000000000e+02	1.60000000000000e+02	4.00000000000000e+01	1.60000000000000e+02	4.00000000000000e+01	4.00000000000000e+01	4.00000000000000e+01	4.00000000000000e+01	4.00000000000000e+01	8.00000000000000e+01	8.00000000000000e+01	1.23234338760376e+01	1.21881999969482e+01	0.00000000000000e+00	3.56951256024752e-01	-7.36564278602600e-01	2.93284654617310e-04	-7.36564278602600e-01	0.00000000000000e+00	7.04656296132290e+00	8.18004832675756e-01	1.69440276394675e+02	1.19397157579903e+03	0.00000000000000e+00	-5.96235427856445e+01	1.00000000000000e+00	7.24700568114487e+00	2.06451606750488e+01	4.96942329406738e-02	1.51987218856812e+01	1
72	65	71	58	1.29698514938354e+00	-6.42374694347382e-01	-1.00332808494568e+00	-8.62617492675781e-01	-4.22131955623627e-01	-7.15788960456848e-01	-6.08726501464844e-01	-5.01664042472839e-01	-5.20017623901367e-01	-3.51776629686356e-01	-5.62842607498169e-01	6.11785463988781e-02	-6.45433664321899e-01	-1.83535635471344e-01	-5.01664042472839e-01	-6.48492574691772e-01	-3.42599838972092e-01	-3.54835569858551e-01	-7.40260362625122e-01	-5.68960487842560e-01	4.00000000000000e+01	4.00000000000000e+01	8.00000000000000e+01	8.00000000000000e+01	8.00000000000000e+01	8.00000000000000e+01	8.00000000000000e+01	1.60000000000000e+02	1.60000000000000e+02	1.60000000000000e+02	1.60000000000000e+02	1.60000000000000e+02	4.00000000000000e+01	1.60000000000000e+02	4.00000000000000e+01	4.00000000000000e+01	4.00000000000000e+01	4.00000000000000e+01	4.00000000000000e+01	8.00000000000000e+01	8.00000000000000e+01	1.23234338760376e+01	1.21881999969482e+01	0.00000000000000e+00	6.21604781503908e-01	-5.18794000148773e-01	3.78016948699951e-04	-5.18794000148773e-01	0.00000000000000e+00	6.94457323425112e+00	4.18062697389954e-01	1.28886635156460e+02	8.95062676760241e+02	0.00000000000000e+00	-7.15463409423828e+01	1.00000000000000e+00	-3.95653539288660e+00	2.06451606750488e+01	4.87213325500488e-02	1.95627536773682e+01	1
72	65	71	59	1.13546597957611e+00	-5.06022930145264e-01	-6.41785144805908e-01	-6.97324216365814e-01	-7.71376430988312e-01	-6.66469216346741e-01	-6.91153228282928e-01	-6.51041686534882e-01	-6.78811192512512e-01	-3.76431673765182e-01	-4.99851882457733e-01	-2.96208530664444e-01	-5.58476507663727e-01	1.11078202724457e-01	-3.33234608173370e-01	-3.70260663330555e-02	-3.70260655879974e-01	-5.92417061328888e-01	-7.03495323657990e-01	-3.39405596256256e-01	4.00000000000000e+01	4.00000000000000e+01	8.00000000000000e+01	8.00000000000000e+01	8.00000000000000e+01	8.00000000000000e+01	8.00000000000000e+01	1.60000000000000e+02	1.60000000000000e+02	1.60000000000000e+02	1.60000000000000e+02	1.60000000000000e+02	4.00000000000000e+01	1.60000000000000e+02	4.00000000000000e+01	4.00000000000000e+01	4.00000000000000e+01	4.00000000000000e+01	4.00000000000000e+01	8.00000000000000e+01	8.00000000000000e+01	1.23007726669312e+01	1.21881999969482e+01	0.00000000000000e+00	7.05070746958749e-01	-5.07942736148834e-01	5.81102848052979e-04	-5.07942736148834e-01	0.00000000000000e+00	6.80678408277788e+00	3.25184729877846e-01	8.31206578367569e+01	5.65784370713264e+02	0.00000000000000e+00	-2.79088935852051e+01	1.00000000000000e+00	-2.17807336277222e+00	2.06451606750488e+01	4.83016510009766e-02	3.08692989349365e+01	1
72	65	71	60	6.18265104293823e+00	8.14924478530884e-01	9.49622809886932e-01	5.11853456497192e-01	5.18588304519653e-01	6.73491358757019e-01	1.88577577471733e-01	1.58270463347435e-01	5.72467632591724e-02	1.65005385875702e-01	2.22252145409584e-01	3.51562476158142e+00	1.51535555720329e-01	2.84213352203369e+00	2.08782339096069e+00	1.65678870677948e+00	1.07758617401123e+00	1.49515080451965e+00	1.35371768474579e+00	1.05064654350281e+00	4.00000000000000e+01	4.00000000000000e+01	8.00000000000000e+01	8.00000000000000e+01	8.00000000000000e+01	8.00000000000000e+01	8.00000000000000e+01	1.60000000000000e+02	1.60000000000000e+02	1.60000000000000e+02	1.60000000000000e+02	1.60000000000000e+02	4.00000000000000e+01	1.60000000000000e+02	4.00000000000000e+01	4.00000000000000e+01	4.00000000000000e+01	4.00000000000000e+01	4.00000000000000e+01	8.00000000000000e+01	8.00000000000000e+01	1.23460941314697e+01	1.21881999969482e+01	0.00000000000000e+00	5.01960682957022e-01	7.63888895511627e-01	9.28532361984253e-04	7.63888895511627e-01	0.00000000000000e+00	6.61387927071535e+00	2.95707007119584e+00	4.76638623182619e+01	3.15243030948983e+02	0.00000000000000e+00	-4.67659950256348e+01	1.00000000000000e+00	4.69217211013609e-01	2.06451606750488e+01	4.42574386596680e-02	5.00250701904297e+01	1
72	65	71	61	4.61065578460693e+00	4.96285825967789e-01	3.68212074041367e-01	6.88396513462067e-01	-4.16239738464355e-01	-2.24129095673561e-01	6.24359607696533e-01	-3.20184417068958e-02	-1.44082993268967e-01	4.24244344234467e-01	3.92225921154022e-01	1.66495895385742e+00	-5.60322739183903e-02	1.53688514232635e+00	1.15266394615173e+00	3.20184417068958e-02	1.47284829616547e+00	3.84221285581589e-01	3.84221285581589e-01	3.68212074041367e-01	4.00000000000000e+01	4.00000000000000e+01	8.00000000000000e+01	8.00000000000000e+01	8.00000000000000e+01	8.00000000000000e+01	8.00000000000000e+01	1.60000000000000e+02	1.60000000000000e+02	1.60000000000000e+02	1.60000000000000e+02	1.60000000000000e+02	4.00000000000000e+01	1.60000000000000e+02	4.00000000000000e+01	4.00000000000000e+01	4.00000000000000e+01	4.00000000000000e+01	4.00000000000000e+01	8.00000000000000e+01	8.00000000000000e+01	1.23234338760376e+01	1.21881999969482e+01	0.00000000000000e+00	1.06002942587764e+00	4.22643393278122e-01	9.28320884704590e-04	4.22643393278122e-01	0.00000000000000e+00	6.33114855379928e+00	9.61656095248189e-01	2.00562617177668e+01	1.26979172369059e+02	0.00000000000000e+00	-2.75750541687012e+01	1.00000000000000e+00	7.76828583810761e-01	2.06451606750488e+01	1.86186466217041e-02	5.00001907348633e+01	1
72	65	71	63	-8.94793891906738e+00	-2.55332589149475e+00	-2.32736802101135e+00	-1.71728122234344e+00	-2.59851765632629e+00	-1.24276924133301e+00	-1.43483364582062e+00	-9.49023842811584e-01	-1.16368401050568e+00	-8.58640611171722e-01	-8.92534315586090e-01	-5.33261060714722e+00	-9.03832256793976e-01	-5.96529245376587e+00	-5.33261060714722e+00	-4.60954427719116e+00	-3.25379610061646e+00	-2.34996390342712e+00	-2.53073024749756e+00	-2.46294283866882e+00	4.00000000000000e+01	4.00000000000000e+01	8.00000000000000e+01	8.00000000000000e+01	8.00000000000000e+01	8.00000000000000e+01	8.00000000000000e+01	1.60000000000000e+02	1.60000000000000e+02	1.60000000000000e+02	1.60000000000000e+02	1.60000000000000e+02	4.00000000000000e+01	1.60000000000000e+02	4.00000000000000e+01	4.00000000000000e+01	4.00000000000000e+01	4.00000000000000e+01	4.00000000000000e+01	8.00000000000000e+01	8.00000000000000e+01	1.23234338760376e+01	1.21881999969482e+01	0.00000000000000e+00	2.77540156837866e-01	-2.03261828422546e+00	9.24851655960083e-04	-2.03261828422546e+00	0.00000000000000e+00	5.14078797860148e+00	5.22496711575885e+00	-1.42632465341912e+01	-7.33243263187995e+01	0.00000000000000e+00	-2.11272048950195e+01	1.00000000000000e+00	8.12536754584023e-01	2.11339206695557e+01	-1.31913871765137e-02	5.00015411376953e+01	1
72	65	71	64	-4.82505655288696e+00	-2.31376981735229e+00	-1.32618510723114e+00	-1.84819412231445e+00	-7.47742652893066e-01	-1.50959360599518e+00	-1.00874710083008e+00	-1.57308125495911e+00	-8.60609531402588e-01	-1.19920992851257e+00	-9.38205480575562e-01	-4.90970659255981e+00	-9.45259630680084e-01	-3.58352136611938e+00	-4.06320571899414e+00	-3.47065472602844e+00	-1.97516942024231e+00	-2.65237021446228e+00	-1.89051926136017e+00	-2.05981945991516e+00	4.00000000000000e+01	4.00000000000000e+01	8.00000000000000e+01	8.00000000000000e+01	8.00000000000000e+01	8.00000000000000e+01	8.00000000000000e+01	1.60000000000000e+02	1.60000000000000e+02	1.60000000000000e+02	1.60000000000000e+02	1.60000000000000e+02	4.00000000000000e+01	1.60000000000000e+02	4.00000000000000e+01	4.00000000000000e+01	4.00000000000000e+01	4.00000000000000e+01	4.00000000000000e+01	8.00000000000000e+01	8.00000000000000e+01	1.23234338760376e+01	1.21881999969482e+01	0.00000000000000e+00	3.16804530952807e-01	-1.66603970527649e+00	9.24740552902222e-04	-1.66603970527649e+00	0.00000000000000e+00	3.67796213103195e+00	3.49807462964008e+00	-2.28466275447367e+01	-8.40290309313329e+01	0.00000000000000e+00	-1.35729160308838e+01	1.00000000000000e+00	1.07159976189005e+00	2.06451606750488e+01	-2.11272029876709e-02	5.00529365539551e+01	1
72	65	71	66	1.43678158521652e-01	-1.04166674613953e+00	-1.11949229240417e+00	-4.96886968612671e-01	-7.36350595951080e-01	-7.66283512115479e-01	-9.69827592372894e-01	-6.61518216133118e-01	-7.09410905838013e-01	-8.86015355587006e-01	-6.85464560985565e-01	-1.62835240364075e+00	-8.62069010734558e-01	-1.26915717124939e+00	-8.38122665882111e-01	-9.21934843063354e-01	-1.30507659912109e+00	-8.97988498210907e-01	-1.12547886371613e+00	-1.07758617401123e+00	4.00000000000000e+01	4.00000000000000e+01	8.00000000000000e+01	8.00000000000000e+01	8.00000000000000e+01	8.00000000000000e+01	8.00000000000000e+01	1.60000000000000e+02	1.60000000000000e+02	1.60000000000000e+02	1.60000000000000e+02	1.60000000000000e+02	4.00000000000000e+01	1.60000000000000e+02	4.00000000000000e+01	4.00000000000000e+01	4.00000000000000e+01	4.00000000000000e+01	4.00000000000000e+01	8.00000000000000e+01	8.00000000000000e+01	1.23234338760376e+01	1.22179994583130e+01	0.00000000000000e+00	4.81844396234450e-01	-8.56481492519379e-01	2.89150238037109e-04	-8.56481492519379e-01	0.00000000000000e+00	3.76991118430775e+00	8.63744030077818e-01	1.72192891726804e+02	6.49151908379171e+02	0.00000000000000e+00	-5.72866744995117e+01	1.00000000000000e+00	1.83973783942760e+01	2.06451606750488e+01	4.97896156311035e-02	1.47665576934814e+01	1
72	65	71	67	2.33346432447433e-01	-6.57054424285889e-01	-7.30742752552032e-01	-7.73727655410767e-01	-5.40381193161011e-01	-7.18461334705353e-01	-5.34240543842316e-01	-5.55732965469360e-01	-5.77225387096405e-01	-7.03109622001648e-01	-6.07928872108459e-01	-6.63195133209229e-01	-6.96968972682953e-01	-9.08822953701019e-01	-1.11760663986206e+00	-1.06848108768463e+00	-6.50913715362549e-01	-7.73727655410767e-01	-7.06179976463318e-01	-9.02682185173035e-01	4.00000000000000e+01	4.00000000000000e+01	8.00000000000000e+01	8.00000000000000e+01	8.00000000000000e+01	8.00000000000000e+01	8.00000000000000e+01	1.60000000000000e+02	1.60000000000000e+02	1.60000000000000e+02	1.60000000000000e+02	1.60000000000000e+02	4.00000000000000e+01	1.60000000000000e+02	4.00000000000000e+01	4.00000000000000e+01	4.00000000000000e+01	4.00000000000000e+01	4.00000000000000e+01	8.00000000000000e+01	8.00000000000000e+01	1.23234338760376e+01	1.21881999969482e+01	0.00000000000000e+00	3.14058961916463e-01	-6.60193026065826e-01	4.29307937622070e-04	-6.60193026065826e-01	0.00000000000000e+00	5.54398703574669e+00	7.08617180091744e-01	1.13065945148635e+02	6.26836134088481e+02	0.00000000000000e+00	-2.42462081909180e+01	1.00000000000000e+00	1.44965298960331e+01	2.06451606750488e+01	4.85401077270508e-02	2.23774394989014e+01	1
72	65	71	68	2.94857883453369e+00	9.86971929669380e-02	3.08428741991520e-02	-2.09731534123421e-01	8.63600447773933e-02	-3.70114482939243e-02	-2.25152969360352e-01	-2.12815821170807e-01	-2.62164443731308e-01	-9.56129059195518e-02	-1.60382941365242e-01	8.51263284683228e-01	-2.55995839834213e-01	3.45440179109573e-01	4.56474542617798e-01	4.56474542617798e-01	3.82451623678207e-01	6.78543150424957e-01	-4.31800223886967e-02	4.00957375764847e-01	4.00000000000000e+01	4.00000000000000e+01	8.00000000000000e+01	8.00000000000000e+01	8.00000000000000e+01	8.00000000000000e+01	8.00000000000000e+01	1.60000000000000e+02	1.60000000000000e+02	1.60000000000000e+02	1.60000000000000e+02	1.60000000000000e+02	4.00000000000000e+01	1.60000000000000e+02	4.00000000000000e+01	4.00000000000000e+01	4.00000000000000e+01	4.00000000000000e+01	4.00000000000000e+01	8.00000000000000e+01	8.00000000000000e+01	1.23234338760376e+01	1.21881999969482e+01	0.00000000000000e+00	1.00422210972338e+00	4.27687726914883e-02	6.73832178115845e-04	4.27687726914883e-02	0.00000000000000e+00	6.85438397146864e+00	3.90755188088242e-01	7.17103306599506e+01	4.91530141064282e+02	0.00000000000000e+00	-5.89367904663086e+01	1.00000000000000e+00	1.20247760478994e+00	2.11339206695557e+01	4.83207283020020e-02	3.61526184082031e+01	1
72	65	71	69	4.02075242996216e+00	1.29701688885689e-01	9.72762629389763e-02	2.99935162067413e-01	-1.05382628738880e-01	-2.59403377771378e-01	1.62127111107111e-02	-1.21595328673720e-02	-4.86381314694881e-02	-1.33754864335060e-01	-4.05317805707455e-02	1.21595335006714e+00	-1.82392999529839e-01	4.53955918550491e-01	7.13359296321869e-01	7.94422864913940e-01	6.97146594524384e-01	4.86381314694881e-02	3.48573297262192e-01	-1.29701688885689e-01	4.00000000000000e+01	4.00000000000000e+01	8.00000000000000e+01	8.00000000000000e+01	8.00000000000000e+01	8.00000000000000e+01	8.00000000000000e+01	1.60000000000000e+02	1.60000000000000e+02	1.60000000000000e+02	1.60000000000000e+02	1.60000000000000e+02	4.00000000000000e+01	1.60000000000000e+02	4.00000000000000e+01	4.00000000000000e+01	4.00000000000000e+01	4.00000000000000e+01	4.00000000000000e+01	8.00000000000000e+01	8.00000000000000e+01	1.23460941314697e+01	1.21881999969482e+01	0.00000000000000e+00	1.10227937637141e+00	1.57803758978844e-01	9.22743797302246e-04	1.57803758978844e-01	0.00000000000000e+00	8.37758040957278e+00	6.08466510171305e-01	3.98484570060781e+01	3.33833652765823e+02	0.00000000000000e+00	-2.02496852874756e+01	1.00000000000000e+00	5.68973256637150e-01	2.06451606750488e+01	3.67699165344238e-02	5.00027618408203e+01	1
72	65	71	70	4.55432653427124e+00	4.06636297702789e-02	5.28627216815948e-01	4.26968097686768e-01	2.84645408391953e-01	-2.23649963736534e-01	-1.11824981868267e-01	-1.62654519081116e-01	-3.45640838146210e-01	-2.23649963736534e-01	-7.52277135848999e-01	1.82986330986023e+00	-2.64313608407974e-01	1.58588159084320e+00	3.65972667932510e-01	5.28627216815948e-01	1.38256335258484e+00	9.75927054882050e-01	-4.67631727457047e-01	3.86304497718811e-01	4.00000000000000e+01	4.00000000000000e+01	8.00000000000000e+01	8.00000000000000e+01	8.00000000000000e+01	8.00000000000000e+01	8.00000000000000e+01	1.60000000000000e+02	1.60000000000000e+02	1.60000000000000e+02	1.60000000000000e+02	1.60000000000000e+02	4.00000000000000e+01	1.60000000000000e+02	4.00000000000000e+01	4.00000000000000e+01	4.00000000000000e+01	4.00000000000000e+01	4.00000000000000e+01	8.00000000000000e+01	8.00000000000000e+01	1.23007726669312e+01	1.21881999969482e+01	0.00000000000000e+00	9.10354436413539e-01	1.27412721514702e-01	9.17963981628418e-04	1.27412721514702e-01	0.00000000000000e+00	1.17809724509617e+01	8.61574370350382e-01	1.59704266249721e+01	1.88147156098902e+02	0.00000000000000e+00	-8.23150157928467e+00	1.00000000000000e+00	1.03869184640314e+00	2.11339206695557e+01	1.46602764129639e-02	5.00300636291504e+01	1
0
