nan
nan
nan
nan
nan
1.598383862548541003e+02
1.450291810688146086e+02
1.304342026208465484e+02
1.167257387852207131e+02
1.045131414451566911e+02
9.378747930399740085e+01
8.418888997514125094e+01
7.535348316845404781e+01
6.694110326737067851e+01
5.886009845370392668e+01
5.114609011500070324e+01
4.383354344041353556e+01
3.695942029369847148e+01
3.057621478086123901e+01
2.471665377431254029e+01
1.940867011171291523e+01
nan
nan
nan
nan
nan
nan
nan
nan
nan
nan
nan
nan
1.752507430711725362e+02
1.624560353823250693e+02
1.489973424899315830e+02
1.356460881792412181e+02
1.219405648432915257e+02
1.088128083166244551e+02
9.727684908315572443e+01
8.713883103198945435e+01
7.783198596438626282e+01
6.898549530445323796e+01
6.085539225140755093e+01
5.299059196768421742e+01
4.548235198393751233e+01
3.833407957790848997e+01
3.176894890165149832e+01
2.570704308472156541e+01
2.017306150884873972e+01
1.514348543128939362e+01
1.057038522090769028e+01
6.480137802465788077e+00
2.949773283915294808e+00
nan
nan
nan
nan
nan
nan
nan
nan
1.736217908075213643e+02
1.621501562067116993e+02
1.505060872855669345e+02
1.380309546943800285e+02
1.250839420344931625e+02
1.128255145375754438e+02
1.004990783884397416e+02
8.964496131999524664e+01
7.988701648308736480e+01
7.069042320257948120e+01
6.229129742303623374e+01
5.442768409715626632e+01
4.677268273035688395e+01
3.945816435276191214e+01
3.266226779204799868e+01
2.641525501594537673e+01
2.065521895629713001e+01
1.534854730480724250e+01
1.042968777148946913e+01
6.001096345505161800e+00
2.032939159910692073e+00
-1.490115841310695188e+00
-4.505756137012950191e+00
-7.172184593550720244e+00
nan
nan
nan
nan
nan
1.689068325815964329e+02
1.587584053869197191e+02
1.484921821399394162e+02
1.377624720655402939e+02
1.263459512294562046e+02
1.144601650255420111e+02
1.025915221475523822e+02
9.141638045508550192e+01
8.112809599070020283e+01
7.180094628546888202e+01
6.320865364205443626e+01
5.510229833611504091e+01
4.741537274514654854e+01
4.007664835145936166e+01
3.320501611523771857e+01
2.675901570117801853e+01
2.078312693824827306e+01
1.523128379102127106e+01
1.004330969983434585e+01
5.242231214822063556e+00
9.657371365753776304e-01
-2.886465043475843650e+00
-6.331253501039690867e+00
-9.320563109332530516e+00
-1.183670943511652851e+01
-1.412475496260017138e+01
-1.629970377824873751e+01
nan
nan
1.603564624170982711e+02
1.512127486937486083e+02
1.422784290960514682e+02
1.332102061584427304e+02
1.236546648171632654e+02
1.132340514749534606e+02
1.023173901010450919e+02
9.141787205306128783e+01
8.117366207426684355e+01
7.152077688144606782e+01
6.273448234894232201e+01
5.465385223312075880e+01
4.705409720305863885e+01
3.973854139965584409e+01
3.284519298382738839e+01
2.638562843537901870e+01
2.035643629715455205e+01
1.472216294868119668e+01
9.308563654061563497e+00
4.253510572811007862e+00
-4.131662278197965055e-01
-4.537562958328859253e+00
-8.276045767004628573e+00
-1.165109352989832558e+01
-1.460337767806900544e+01
-1.705035452184657885e+01
-1.923854351246672678e+01
-2.131074697592124423e+01
-2.327674687867454040e+01
-2.516678760270490045e+01
1.395781351081124342e+02
1.324077222917687209e+02
1.243794768386366201e+02
1.164693820063877183e+02
1.081787998038301595e+02
9.874159683812830224e+01
8.870120059063238216e+01
7.938226069256621997e+01
7.003903137364275722e+01
6.118408577527014813e+01
5.271409347820947744e+01
4.498258672488854870e+01
3.795318990358008904e+01
3.107163371043566968e+01
2.457116142576125739e+01
1.860227391635973149e+01
1.307311641671155655e+01
7.849349581790514563e+00
2.816181173478979893e+00
-2.043293330455530299e+00
-6.538375108883293763e+00
-1.051067449165473988e+01
-1.412860887485074279e+01
-1.741063066111718527e+01
-2.019942884794251015e+01
-2.246378672135086063e+01
-2.454096597827511061e+01
-2.655098966242218950e+01
-2.848393803281590664e+01
-3.022154140730656735e+01
1.181450185201886143e+02
1.123499105768944588e+02
1.062157335930318425e+02
9.921295853475490389e+01
9.193818507178738741e+01
8.354224233287322932e+01
7.527636866309555330e+01
6.673462279324786550e+01
5.825346473217844334e+01
5.016983734949268836e+01
4.240335376229337783e+01
3.495003123231099806e+01
2.814976088269482091e+01
2.170219927205454624e+01
1.570842096145150002e+01
1.015912257699224241e+01
4.951354798485507303e+00
6.898437976125748605e-02
-4.527386522073850728e+00
-8.919834569789649947e+00
-1.314706929469237728e+01
-1.695546801584948327e+01
-2.042795357906771869e+01
-2.342571128402863678e+01
-2.596402640516340199e+01
-2.813111295830280767e+01
-3.015069660511392158e+01
-3.206577818898055199e+01
-3.379943272870173132e+01
-3.543446880425675261e+01
9.721766644823743775e+01
9.239815211781554183e+01
8.734086280180768824e+01
8.181035407043680152e+01
7.556971244330199511e+01
6.856966543442079853e+01
6.116386116735044709e+01
5.357794279875870558e+01
4.603878367053403053e+01
3.871218942048801637e+01
3.154882391885051973e+01
2.464250094022024840e+01
1.810364407087058325e+01
1.202815932996337445e+01
6.379565942618882879e+00
1.121761245209039304e+00
-3.774750952026117989e+00
-8.339466838846469443e+00
-1.260188260501198876e+01
-1.659149444028256681e+01
-2.033779853441812335e+01
-2.386089161679936410e+01
-2.698704400600715658e+01
-2.970672841248118701e+01
-3.208265675357063174e+01
-3.417766797143795543e+01
-3.605370234918048311e+01
-3.776616522872108561e+01
-3.936961949382975945e+01
-4.091815376662686532e+01
7.775214855032506023e+01
7.383494642938246955e+01
6.971712781162645456e+01
6.506525415103588728e+01
5.952620250334972951e+01
5.329684625370818907e+01
4.679567929016456418e+01
4.011529781785976212e+01
3.347074601662672677e+01
2.679193946651989222e+01
2.027011833922840367e+01
1.390086226983125428e+01
7.835170518891551694e+00
2.250643987377534128e+00
-2.944590377420786442e+00
-7.835074907678423628e+00
-1.239365747567101828e+01
-1.662483436799589498e+01
-2.055836010537495184e+01
-2.426878701763504154e+01
-2.783907955438478510e+01
-3.115448425268678534e+01
-3.401227434039967079e+01
-3.649902490276578249e+01
-3.870455328831884145e+01
-4.071380386784485239e+01
-4.240195388875141447e+01
-4.397114438738438480e+01
-4.540495111489397573e+01
-4.676873247598613403e+01
5.968512853180393307e+01
5.649161180712764718e+01
5.298566328256502089e+01
4.876308642825668471e+01
4.371378716954519206e+01
3.803324313109506249e+01
3.227108670467821838e+01
2.640305107981365751e+01
2.049703247069484746e+01
1.437945420223730508e+01
8.386915402958054599e+00
2.695528651984357094e+00
-2.818308608119916681e+00
-7.908441864537802068e+00
-1.254414203093416269e+01
-1.699186424104982507e+01
-2.118511691132271579e+01
-2.509222660476735101e+01
-2.879173699532417530e+01
-3.236388600288940864e+01
-3.576799300448243457e+01
-3.879368779268317979e+01
-4.139122646842951525e+01
-4.370700679807480071e+01
-4.588275224489972004e+01
-4.774114006348262507e+01
-4.923305233158840366e+01
-5.055825448407551903e+01
-5.184031147425888264e+01
-5.300034463039929022e+01
4.263622872052211932e+01
3.986069690551698841e+01
3.659946538453877452e+01
3.275231027257348870e+01
2.814545378161751543e+01
2.294336283076946970e+01
1.771597961081646488e+01
1.248672169763637285e+01
7.225482190107622493e+00
1.625995053492073739e+00
-3.941411868485335646e+00
-9.147250804151001446e+00
-1.399424328068316825e+01
-1.852952658725454782e+01
-2.272085635572682349e+01
-2.671683799589090569e+01
-3.054976564528147875e+01
-3.418229361110531528e+01
-3.767475896414786263e+01
-4.098243986126216498e+01
-4.405319004589873089e+01
-4.678977319208902941e+01
-4.920250739545716101e+01
-5.144109688278344095e+01
-5.343031387540585087e+01
-5.511976191323728358e+01
-5.649086974609075895e+01
-5.763267221283089015e+01
-5.862917328990928922e+01
-5.960162852346914519e+01
2.622035330343323523e+01
2.358776737590699213e+01
2.054783790341904393e+01
1.703256928308416818e+01
1.284766832843951789e+01
8.097035214097095590e+00
3.323389966089055569e+00
-1.500904853694952523e+00
-6.213483239936734570e+00
-1.135054699448996374e+01
-1.653964517877156837e+01
-2.134255847614189605e+01
-2.572868188515754184e+01
-2.979909369283216236e+01
-3.360417366759340752e+01
-3.721509679516898217e+01
-4.066152749770869690e+01
-4.395529863806209647e+01
-4.711523788312526762e+01
-5.005534676319805953e+01
-5.273471140347148634e+01
-5.516386265490058349e+01
-5.740382023123357413e+01
-5.943446516571124505e+01
-6.121518474215135086e+01
-6.270927475919421568e+01
-6.392977413778930895e+01
-6.492439361966147260e+01
-6.576372649363264600e+01
-6.654623330278701587e+01
1.019330465347823278e+01
7.739557432228314937e+00
4.889347340463371161e+00
1.629878012273137333e+00
-2.153103201116210119e+00
-6.463574937618172811e+00
-1.084159271370229760e+01
-1.533496007151075879e+01
-1.968944223424020379e+01
-2.441975035651078940e+01
-2.916978983171927808e+01
-3.346951281960406277e+01
-3.759130593707769208e+01
-4.138887719774331941e+01
-4.484708169179729964e+01
-4.808199746098330252e+01
-5.102859614237536334e+01
-5.392392074594813067e+01
-5.672011052534318054e+01
-5.928761635794435847e+01
-6.176134852181397150e+01
-6.396656596570515774e+01
-6.579878496440643687e+01
-6.758307429999953797e+01
-6.915077578521746204e+01
-7.041704199532574648e+01
-7.141774044506443886e+01
-7.222948291094756712e+01
-7.296949249960724160e+01
-7.366124433733759247e+01
-5.309511520944166563e+00
-7.713862875230249827e+00
-1.035842490804448168e+01
-1.338194749932142180e+01
-1.683039481817700533e+01
-2.071400171976922522e+01
-2.474003863880102827e+01
-2.890686515184480498e+01
-3.307197320760467818e+01
-3.741996600341783363e+01
-4.159755808478752215e+01
-4.568416571434644879e+01
-4.953762425783432377e+01
-5.302257654732155601e+01
-5.615167893090212203e+01
-5.894158222648952972e+01
-6.149326416621940439e+01
-6.404201799546110863e+01
-6.647772460515493265e+01
-6.887182429915542059e+01
-7.116251182516174367e+01
-7.306684997319035801e+01
-7.460394982234767269e+01
-7.591916174163587527e+01
-7.718986457433571502e+01
-7.822608241478000934e+01
-7.900834874320190693e+01
-7.968313158018719378e+01
-8.028616112021700246e+01
-8.085108479389504055e+01
-2.010659189954166237e+01
-2.252780934289436487e+01
-2.512984548436916654e+01
-2.798170238037691249e+01
-3.115578478724004796e+01
-3.467222177027725394e+01
-3.839150375955085082e+01
-4.225165416497287652e+01
-4.619089411957342861e+01
-5.016056889783308748e+01
-5.411961375780186501e+01
-5.793717947402212332e+01
-6.148130646966820478e+01
-6.463603508154203325e+01
-6.738854460183139850e+01
-6.984528510170858340e+01
-7.212918215571559699e+01
-7.436885058176555674e+01
-7.661724092400838515e+01
-7.876832797693673172e+01
-8.070102680273775775e+01
-8.229081827296985807e+01
-8.354869121474071392e+01
-8.456434336206625346e+01
-8.539897725584927457e+01
-8.611563895113710032e+01
-8.670737055433781393e+01
-8.720710479725238429e+01
-8.764575051763696933e+01
-8.805360606020605019e+01
-3.409226227920778030e+01
-3.657691308349421178e+01
-3.915951170516552793e+01
-4.193699547699993957e+01
-4.499847649242540371e+01
-4.832334035135885131e+01
-5.179661935397180628e+01
-5.539132687433882296e+01
-5.899809442022910844e+01
-6.275190409498848254e+01
-6.637522143313243816e+01
-6.996310157829694276e+01
-7.328913451819867930e+01
-7.623164683166523048e+01
-7.867903070580507574e+01
-8.089228992857643163e+01
-8.297773151477571218e+01
-8.494907847268144963e+01
-8.694633737078680724e+01
-8.878201265712205270e+01
-9.030214204595347383e+01
-9.140779549700769735e+01
-9.230932240116027288e+01
-9.299094146639117753e+01
-9.358186669623498233e+01
-9.403445638209011292e+01
-9.440626231337735419e+01
-9.472319588078465813e+01
-9.497622444929314156e+01
-9.521383651519747104e+01
-4.734581775804534942e+01
-4.991959220130604535e+01
-5.255262459743600090e+01
-5.529734777191226414e+01
-5.825500779982424859e+01
-6.144933179938403356e+01
-6.472111640100088437e+01
-6.802825149550190531e+01
-7.147117342794221884e+01
-7.508581850799251356e+01
-7.861620391107938133e+01
-8.187521382332553799e+01
-8.505096635403099015e+01
-8.785264274024801523e+01
-9.013531648220394743e+01
-9.223244879947156960e+01
-9.400717453041733052e+01
-9.571529757310202058e+01
-9.741316109602232132e+01
-9.881661150362229762e+01
-9.979848805878535245e+01
-1.004965712670727385e+02
-1.010352616402278301e+02
-1.015271585504625165e+02
-1.018680807241929784e+02
-1.019693341321521842e+02
-1.020195432208616779e+02
-1.021418801537638643e+02
-1.022395599703016131e+02
-1.023215781101746700e+02
-5.991547214659768628e+01
-6.256200003673973242e+01
-6.525038209576989345e+01
-6.801265927732393379e+01
-7.090778876084216620e+01
-7.396551965961674568e+01
-7.709236537326046346e+01
-8.032499877718075254e+01
-8.366538062316445235e+01
-8.713488412839261343e+01
-9.056633826811157917e+01
-9.387021673551281253e+01
-9.684969899705859575e+01
-9.951977554826366656e+01
-1.017873870415551636e+02
-1.036582265684436095e+02
-1.052281971255428061e+02
-1.066698993406666887e+02
-1.079185623779254826e+02
-1.087906823219493191e+02
-1.094043102133222902e+02
-1.097943855516407581e+02
-1.101031520588152262e+02
-1.102507478337004869e+02
-1.102131588939342208e+02
-1.099611106664533935e+02
-1.096778283210343545e+02
-1.095104346198772589e+02
-1.094374489103950623e+02
-1.093838673483275983e+02
-7.184741083036591647e+01
-7.452735186050992411e+01
-7.724278023475748967e+01
-8.002992265773532665e+01
-8.292659301177012310e+01
-8.593587895697089607e+01
-8.905476752355167491e+01
-9.227346553608091995e+01
-9.559042491080145965e+01
-9.901171766162846666e+01
-1.024191001184738639e+02
-1.057006719491658231e+02
-1.087242231739779470e+02
-1.113801946763755950e+02
-1.134926582534763639e+02
-1.152108125447133773e+02
-1.166264552961830674e+02
-1.177645870231042124e+02
-1.185648889151145937e+02
-1.190845852418537447e+02
-1.193796926708324406e+02
-1.195016067661001671e+02
-1.194194173453206815e+02
-1.191577857225031494e+02
-1.187056622160511665e+02
-1.180405253615040664e+02
-1.174555153043596221e+02
-1.170003224584423833e+02
-1.166577976231190803e+02
-1.164027698290625210e+02
-8.314620963386788333e+01
-8.582401361554897790e+01
-8.853441029063874623e+01
-9.133179017622360618e+01
-9.433841254383801811e+01
-9.753347943634182116e+01
-1.006129946006005866e+02
-1.038724309934981989e+02
-1.073054208149905264e+02
-1.108714352184557299e+02
-1.143459499050485988e+02
-1.176532177444164091e+02
-1.206221773214729183e+02
-1.234143852200308231e+02
-1.258056679873352692e+02
-1.273564887612919847e+02
-1.284967354310679184e+02
-1.292548311819809612e+02
-1.296800622836040588e+02
-1.298600093380069325e+02
-1.298516720803372380e+02
-1.295875853514873768e+02
-1.290578001330098346e+02
-1.282752936723498181e+02
-1.271837094083427644e+02
-1.261097516416852926e+02
-1.251977820169435347e+02
-1.244721726845137368e+02
-1.238514401466016466e+02
-1.232949839538338779e+02
-9.374907978417071774e+01
-9.639716463148350556e+01
-9.910796771655829218e+01
-1.020197334449559747e+02
-1.052516148716908191e+02
-1.086963435541224925e+02
-1.121280377775613175e+02
-1.155052866373882239e+02
-1.190557364643900371e+02
-1.227715518012312970e+02
-1.263673443391511029e+02
-1.297527811385995165e+02
-1.328386909559129663e+02
-1.356866007538172880e+02
-1.381977881273120090e+02
-1.399471955326995101e+02
-1.408050044533193841e+02
-1.411801626899853659e+02
-1.412424868515026333e+02
-1.410527747754063057e+02
-1.405233655201356555e+02
-1.396711486187068942e+02
-1.385063444556248271e+02
-1.370097633472278176e+02
-1.355003414088840259e+02
-1.340800728246791493e+02
-1.328231801331480710e+02
-1.317413009808408617e+02
-1.308261150252399432e+02
-1.299837400513098373e+02
-1.035870888085220258e+02
-1.062324418155384791e+02
-1.091083747784903295e+02
-1.122634868003780184e+02
-1.157336637278515354e+02
-1.194481707053846691e+02
-1.232706133515408311e+02
-1.271537523493323363e+02
-1.310371042821644778e+02
-1.349366080340662393e+02
-1.387670630473257631e+02
-1.423948368735035217e+02
-1.456926504994968354e+02
-1.485912182168952995e+02
-1.509574989617846938e+02
-1.526314291203809432e+02
-1.534981049242716722e+02
-1.535220250786489657e+02
-1.530910341475729410e+02
-1.522194357386208594e+02
-1.509523647159151096e+02
-1.493367921201970603e+02
-1.474675070388993845e+02
-1.455472850167996341e+02
-1.436609324889340940e+02
-1.418881909966166859e+02
-1.402846030683682841e+02
-1.388490293511981122e+02
-1.375636173607794888e+02
-1.364103877144915202e+02
-1.125356776432913790e+02
-1.154463332077168616e+02
-1.186109386153148648e+02
-1.220232346148424512e+02
-1.257462844462619671e+02
-1.298914710948252207e+02
-1.343454783697471271e+02
-1.387891918114150940e+02
-1.432524368697953605e+02
-1.476171545285345417e+02
-1.517482519460841388e+02
-1.556973498573737231e+02
-1.593268145714861248e+02
-1.625002680483815425e+02
-1.648151885106265127e+02
-1.664152007311282944e+02
-1.668965386777122433e+02
-1.660966532595418244e+02
-1.647344248040719208e+02
-1.630206745295755013e+02
-1.609136876175452073e+02
-1.585130046266303339e+02
-1.563168058302838688e+02
-1.539808351454229296e+02
-1.516572336241833341e+02
-1.494446154100244826e+02
-1.474652410600065195e+02
-1.456727186911547847e+02
-1.439980911457725199e+02
-1.423676010936731018e+02
-1.204313760456670650e+02
-1.236050926770554099e+02
-1.270561172091920668e+02
-1.308879923722137164e+02
-1.349432338561219069e+02
-1.394150941890562478e+02
-1.444654912296703912e+02
-1.499119875936694655e+02
-1.551746577391716642e+02
-1.603584725548635959e+02
-1.653494587346635285e+02
-1.697226524572562596e+02
-1.737813231670597816e+02
-1.774134828837324562e+02
-1.799982967513917913e+02
-1.812911303173388831e+02
-1.808345411896304711e+02
-1.792813007869141018e+02
-1.767557532952961878e+02
-1.739345572465453529e+02
-1.709092088481719145e+02
-1.676065491769487323e+02
-1.646167423726791412e+02
-1.619980533124645490e+02
-1.592599244994018761e+02
-1.565682522695878447e+02
-1.541807397904434538e+02
-1.519012639981613972e+02
-1.496832073882521854e+02
-1.475600015281666515e+02
-1.272535496854824260e+02
-1.307587561544154937e+02
-1.344478748944220570e+02
-1.385011177771209248e+02
-1.430520047747649244e+02
-1.479836699004324601e+02
-1.534535332621364887e+02
-1.594802929346273004e+02
-1.659601922015678213e+02
-1.723057384467389284e+02
-1.785064920446536405e+02
-1.841874327904529878e+02
-1.888960085056818627e+02
-1.929874036687706678e+02
-1.956310308494806236e+02
-1.963689466040233356e+02
-1.953607279308721445e+02
-1.930615235784155743e+02
-1.897092131322241926e+02
-1.855330981812267055e+02
-1.812052941418000955e+02
-1.769005255515912722e+02
-1.728850349055731215e+02
-1.693072708260147010e+02
-1.661378752107720516e+02
-1.630216347578530645e+02
-1.600984115156836083e+02
-1.573120796381019773e+02
-1.546636446168433849e+02
-1.520879663021125339e+02
-1.329871214253716118e+02
-1.367660893765622632e+02
-1.407231988653319092e+02
-1.450189169835292375e+02
-1.498426225039668793e+02
-1.552762346032541814e+02
-1.612622204724810899e+02
-1.677962667066810525e+02
-1.749096380485525231e+02
-1.827143498461880995e+02
-1.905244871989079343e+02
-1.978220160760404269e+02
-2.041799218709314516e+02
-2.089377016517693733e+02
-2.113061456282949564e+02
-2.117452231768569675e+02
-2.104267183340074325e+02
-2.073858276005057917e+02
-2.029868894392549237e+02
-1.977491562918541774e+02
-1.921268166686086261e+02
-1.865533450280589989e+02
-1.813943761966922352e+02
-1.766682203328608978e+02
-1.723701034197922013e+02
-1.685679176670581398e+02
-1.652006672129690514e+02
-1.620416075335835728e+02
-1.590151769657958312e+02
-1.560649308541773053e+02
-1.377109787187231120e+02
-1.415867835668893804e+02
-1.457532887942302011e+02
-1.504855825547950587e+02
-1.556040555108519925e+02
-1.612084920950501328e+02
-1.676181642782784422e+02
-1.747038000141088219e+02
-1.824912344506258535e+02
-1.918629176071041229e+02
-2.015242275778764167e+02
-2.106962937666076527e+02
-2.202477125950759103e+02
-2.265172721748195670e+02
-2.287223724502502478e+02
-2.286495809521767910e+02
-2.266225093766834959e+02
-2.221177501936244880e+02
-2.163080459512565312e+02
-2.097875806435363586e+02
-2.029969573989561127e+02
-1.953343379196226408e+02
-1.887630815015460826e+02
-1.827308451070560125e+02
-1.772911169812121557e+02
-1.730934718164492381e+02
-1.695316437346097302e+02
-1.659780742097102575e+02
-1.626778452349105351e+02
-1.595933962495269611e+02
-1.416895867269526263e+02
-1.457471725904234177e+02
-1.503689969868615606e+02
-1.553907949154676373e+02
-1.605580771903375421e+02
-1.663543322219147171e+02
-1.731489964738284186e+02
-1.805691209995217719e+02
-1.894798475165245861e+02
-2.007128554095442894e+02
-2.123474645877179796e+02
-2.248269091067380714e+02
-2.380541900624356515e+02
-2.456857419801595768e+02
-2.477725755540005537e+02
-2.468248246783705611e+02
-2.436466214107542498e+02
-2.376159235382860118e+02
-2.302897258229496629e+02
-2.224840467166901306e+02
-2.123266525879294591e+02
-2.027913343148270258e+02
-1.946417604192345152e+02
-1.871906048826502342e+02
-1.813108873817002689e+02
-1.768049328862799996e+02
-1.730600910420370155e+02
-1.695186701137175760e+02
-1.659496410878778647e+02
-1.627542686859939067e+02
-1.452091691875171477e+02
-1.496675560109574405e+02
-1.545183321811068424e+02
-1.595392359032485388e+02
-1.648772711491327243e+02
-1.709325831381646310e+02
-1.777164725529872271e+02
-1.857835285243789656e+02
-1.964807871684624558e+02
-2.098473909270675222e+02
-2.247717295680922120e+02
-2.416671771713276655e+02
-2.567396398679521212e+02
-2.657331841236565424e+02
-2.685569577544505364e+02
-2.664834679879985515e+02
-2.615559629420608871e+02
-2.539937498255852688e+02
-2.450184209631654824e+02
-2.331463989892899917e+02
-2.202828209667408998e+02
-2.088568498834494278e+02
-1.990162183571600565e+02
-1.909411545304789115e+02
-1.847980059887453308e+02
-1.799739516808984945e+02
-1.759025247381267434e+02
-1.723571992070711758e+02
-1.689600238054280794e+02
-1.656259224457052426e+02
-1.485559498378734702e+02
-1.532229428933973452e+02
-1.580686575317097322e+02
-1.632029360378658112e+02
-1.687356206969210746e+02
-1.748056509762225517e+02
-1.820702157488579473e+02
-1.915034366054832731e+02
-2.040815738818629939e+02
-2.207275626723620405e+02
-2.402879025294117241e+02
-2.597376196393865371e+02
-2.760052004740330176e+02
-2.861541583711756402e+02
-2.895160376121067429e+02
-2.873043215280457616e+02
-2.807894580247997851e+02
-2.710031893751291818e+02
-2.575635902643670647e+02
-2.421056922722737568e+02
-2.267342996991947928e+02
-2.135066765805686941e+02
-2.030038797258357590e+02
-1.946966810905335308e+02
-1.881357947422658867e+02
-1.828720366695777955e+02
-1.785079976014802412e+02
-1.747821255542427252e+02
-1.714548828499753199e+02
-1.682867318107879271e+02
