# X Y Z
1 1.00 0.00 0.00
2 2.00 0.00 0.00
3 3.00 0.00 0.00
4 4.00 0.00 0.00
5 5.00 0.00 0.00
6 6.00 0.00 0.00
7 7.00 0.00 0.00
8 8.00 0.00 0.00
9 9.00 0.00 0.00
10 10.00 0.00 0.00
11 11.00 0.00 0.00
12 12.00 0.00 0.00
13 13.00 0.00 0.00
14 14.00 0.00 0.00
15 15.00 0.00 0.00
16 16.00 0.00 0.00
17 17.00 0.00 0.00
18 18.00 0.00 0.00
19 19.00 0.00 0.00
20 20.00 0.00 0.00
21 21.00 0.00 0.00
22 22.00 0.00 0.00
23 23.00 0.00 0.00
24 24.00 0.00 0.00
25 25.00 0.00 0.00
26 26.00 0.00 0.00
27 27.00 0.00 0.00
28 28.00 0.00 0.00
29 29.00 0.00 0.00
30 30.00 0.00 0.00
31 31.00 0.00 0.00
32 32.00 0.00 0.00
33 33.00 0.00 0.00
34 34.00 0.00 0.00
35 35.00 0.00 0.00
36 36.00 0.00 0.00
37 37.00 0.00 0.00
38 38.00 0.00 0.00
39 39.00 0.00 0.00
40 40.00 0.00 0.00
41 41.00 0.00 0.00
42 42.00 0.00 0.00
43 43.00 0.00 0.00
44 44.00 0.00 0.00
45 45.00 0.00 0.00
46 46.00 0.00 0.00
47 47.00 0.00 0.00
48 48.00 0.00 0.00
49 49.00 0.00 0.00
50 50.00 0.00 0.00
51 51.00 0.00 0.00
52 52.00 0.00 0.00
53 53.00 0.00 0.00
54 54.00 0.00 0.00
55 55.00 0.00 0.00
56 56.00 0.00 0.00
57 57.00 0.00 0.00
58 58.00 0.00 0.00
59 59.00 0.00 0.00
60 60.00 0.00 0.00
61 61.00 0.00 0.00
62 62.00 0.00 0.00
63 63.00 0.00 0.00
64 64.00 0.00 0.00
65 65.00 0.00 0.00
66 66.00 0.00 0.00
67 67.00 0.00 0.00
68 68.00 0.00 0.00
69 69.00 0.00 0.00
70 70.00 0.00 0.00
71 71.00 0.00 0.00
72 72.00 0.00 0.00
# A	 B	  M	   N
1	72	65	1	71
2	72	65	2	71
3	72	65	3	71
4	72	65	4	71
5	72	65	5	71
6	72	65	6	71
7	72	65	7	71
8	72	65	8	71
9	72	65	9	71
10	72	65	10	71
11	72	65	11	71
12	72	65	12	71
13	72	65	13	71
14	72	65	14	71
15	72	65	15	71
16	72	65	16	71
17	72	65	17	71
18	72	65	18	71
19	72	65	19	71
20	72	65	20	71
21	72	65	21	71
22	72	65	22	71
23	72	65	23	71
24	72	65	24	71
25	72	65	25	71
26	72	65	26	71
27	72	65	27	71
28	72	65	28	71
29	72	65	29	71
30	72	65	30	71
31	72	65	31	71
32	72	65	32	71
33	72	65	33	71
34	72	65	34	71
35	72	65	35	71
36	72	65	36	71
37	72	65	37	71
38	72	65	38	71
39	72	65	39	71
40	72	65	40	71
41	72	65	41	71
42	72	65	42	71
43	72	65	43	71
44	72	65	44	71
45	72	65	45	71
46	72	65	46	71
47	72	65	47	71
48	72	65	48	71
49	72	65	49	71
50	72	65	50	71
51	72	65	51	71
52	72	65	52	71
53	72	65	53	71
54	72	65	54	71
55	72	65	55	71
56	72	65	56	71
57	72	65	57	71
58	72	65	58	71
59	72	65	59	71
60	72	65	60	71
61	72	65	61	71
62	72	65	62	71
63	72	65	63	71
64	72	65	64	71
66	72	65	66	71
67	72	65	67	71
68	72	65	68	71
69	72	65	69	71
70	72	65	70	71