# X Y Z
1 1.00 0.00 0.00
2 2.00 0.00 0.00
3 3.00 0.00 0.00
4 4.00 0.00 0.00
5 5.00 0.00 0.00
6 6.00 0.00 0.00
7 7.00 0.00 0.00
8 8.00 0.00 0.00
9 9.00 0.00 0.00
10 10.00 0.00 0.00
11 11.00 0.00 0.00
12 12.00 0.00 0.00
13 13.00 0.00 0.00
14 14.00 0.00 0.00
15 15.00 0.00 0.00
16 16.00 0.00 0.00
17 17.00 0.00 0.00
18 18.00 0.00 0.00
19 19.00 0.00 0.00
20 20.00 0.00 0.00
21 21.00 0.00 0.00
22 22.00 0.00 0.00
23 23.00 0.00 0.00
24 24.00 0.00 0.00
25 25.00 0.00 0.00
26 26.00 0.00 0.00
27 27.00 0.00 0.00
28 28.00 0.00 0.00
29 29.00 0.00 0.00
30 30.00 0.00 0.00
31 31.00 0.00 0.00
32 32.00 0.00 0.00
33 33.00 0.00 0.00
34 34.00 0.00 0.00
35 35.00 0.00 0.00
36 36.00 0.00 0.00
37 37.00 0.00 0.00
38 38.00 0.00 0.00
39 39.00 0.00 0.00
40 40.00 0.00 0.00
41 41.00 0.00 0.00
42 42.00 0.00 0.00
43 43.00 0.00 0.00
44 44.00 0.00 0.00
45 45.00 0.00 0.00
46 46.00 0.00 0.00
47 47.00 0.00 0.00
48 48.00 0.00 0.00
49 49.00 0.00 0.00
50 50.00 0.00 0.00
51 51.00 0.00 0.00
52 52.00 0.00 0.00
53 53.00 0.00 0.00
54 54.00 0.00 0.00
55 55.00 0.00 0.00
56 56.00 0.00 0.00
57 57.00 0.00 0.00
58 58.00 0.00 0.00
59 59.00 0.00 0.00
60 60.00 0.00 0.00
61 61.00 0.00 0.00
62 62.00 0.00 0.00
63 63.00 0.00 0.00
64 64.00 0.00 0.00
65 65.00 0.00 0.00
66 66.00 0.00 0.00
67 67.00 0.00 0.00
68 68.00 0.00 0.00
69 69.00 0.00 0.00
70 70.00 0.00 0.00
71 71.00 0.00 0.00
72 72.00 0.00 0.00
# A	 B	  M	   N
1	72	65	1	2
2	72	65	2	3
3	72	65	3	4
4	72	65	4	5
5	72	65	5	6
6	72	65	6	7
7	72	65	7	8
8	72	65	9	10
9	72	65	10	11
10	72	65	11	12
11	72	65	12	13
12	72	65	13	14
13	72	65	14	15
14	72	65	15	16
15	72	65	17	18
16	72	65	18	19
17	72	65	19	20
18	72	65	20	21
19	72	65	21	22
20	72	65	22	23
21	72	65	23	24
22	72	65	25	26
23	72	65	26	27
24	72	65	27	28
25	72	65	28	29
26	72	65	29	30
27	72	65	30	31
28	72	65	31	32
29	72	65	33	34
30	72	65	34	35
31	72	65	35	36
32	72	65	36	37
33	72	65	37	38
34	72	65	38	39
35	72	65	39	40
36	72	65	41	42
37	72	65	42	43
38	72	65	43	44
39	72	65	44	45
40	72	65	45	46
41	72	65	46	47
42	72	65	47	48
43	72	65	49	50
44	72	65	50	51
45	72	65	51	52
46	72	65	52	53
47	72	65	53	54
48	72	65	54	55
49	72	65	55	56
50	72	65	57	58
51	72	65	58	59
52	72	65	59	60
53	72	65	60	61
54	72	65	61	62
55	72	65	62	63
56	72	65	63	64
57	72	65	66	67
58	72	65	67	68
59	72	65	68	69
60	72	65	69	70
61	72	65	70	71
62	72	65	1	9
63	72	65	9	17
64	72	65	17	25
65	72	65	25	33
66	72	65	33	41
67	72	65	41	49
68	72	65	49	57
69	72	65	2	10
70	72	65	10	18
71	72	65	18	26
72	72	65	26	34
73	72	65	34	42
74	72	65	42	50
75	72	65	50	58
76	72	65	58	66
77	72	65	3	11
78	72	65	11	19
79	72	65	19	27
80	72	65	27	35
81	72	65	35	43
82	72	65	43	51
83	72	65	51	59
84	72	65	59	67
85	72	65	4	12
86	72	65	12	20
87	72	65	20	28
88	72	65	28	36
89	72	65	36	44
90	72	65	44	52
91	72	65	52	60
92	72	65	60	68
93	72	65	5	13
94	72	65	13	21
95	72	65	21	29
96	72	65	29	37
97	72	65	37	45
98	72	65	45	53
99	72	65	53	61
100	72	65	61	69
101	72	65	6	14
102	72	65	14	22
103	72	65	22	30
104	72	65	30	38
105	72	65	38	46
106	72	65	46	54
107	72	65	54	62
108	72	65	62	70
109	72	65	7	15
110	72	65	15	23
111	72	65	23	31
112	72	65	31	39
113	72	65	39	47
114	72	65	47	55
115	72	65	55	63
116	72	65	63	71
117	72	65	8	16
118	72	65	16	24
119	72	65	24	32
120	72	65	32	40
121	72	65	40	48
122	72	65	48	56
123	72	65	56	64
124	72	65	49	58
125	72	65	58	67
126	72	65	41	50
127	72	65	50	59
128	72	65	59	68
129	72	65	33	42
130	72	65	42	51
131	72	65	51	60
132	72	65	60	69
133	72	65	25	34
134	72	65	34	43
135	72	65	43	52
136	72	65	52	61
137	72	65	61	70
138	72	65	17	26
139	72	65	26	35
140	72	65	35	44
141	72	65	44	53
142	72	65	53	62
143	72	65	62	71
144	72	65	9	18
145	72	65	18	27
146	72	65	27	36
147	72	65	36	45
148	72	65	45	54
149	72	65	54	63
150	72	65	1	10
151	72	65	10	19
152	72	65	19	28
153	72	65	28	37
154	72	65	37	46
155	72	65	46	55
156	72	65	55	64
157	72	65	2	11
158	72	65	11	20
159	72	65	20	29
160	72	65	29	38
161	72	65	38	47
162	72	65	47	56
163	72	65	3	12
164	72	65	12	21
165	72	65	21	30
166	72	65	30	39
167	72	65	39	48
168	72	65	4	13
169	72	65	13	22
170	72	65	22	31
171	72	65	31	40
172	72	65	5	14
173	72	65	14	23
174	72	65	23	32
175	72	65	6	15
176	72	65	15	24
177	72	65	7	16
178	72	65	56	63
179	72	65	63	70
180	72	65	48	55
181	72	65	55	62
182	72	65	62	69
183	72	65	40	47
184	72	65	47	54
185	72	65	54	61
186	72	65	61	68
187	72	65	32	39
188	72	65	39	46
189	72	65	46	53
190	72	65	53	60
191	72	65	60	67
192	72	65	24	31
193	72	65	31	38
194	72	65	38	45
195	72	65	45	52
196	72	65	52	59
197	72	65	59	66
198	72	65	16	23
199	72	65	23	30
200	72	65	30	37
201	72	65	37	44
202	72	65	44	51
203	72	65	51	58
204	72	65	8	15
205	72	65	15	22
206	72	65	22	29
207	72	65	29	36
208	72	65	36	43
209	72	65	43	50
210	72	65	50	57
211	72	65	7	14
212	72	65	14	21
213	72	65	21	28
214	72	65	28	35
215	72	65	35	42
216	72	65	42	49
217	72	65	6	13
218	72	65	13	20
219	72	65	20	27
220	72	65	27	34
221	72	65	34	41
222	72	65	5	12
223	72	65	12	19
224	72	65	19	26
225	72	65	26	33
226	72	65	4	11
227	72	65	11	18
228	72	65	18	25
229	72	65	3	10
230	72	65	10	17
231	72	65	2	9
