# X Y Z
1 1.00 0.00 0.00
2 2.00 0.00 0.00
3 3.00 0.00 0.00
4 4.00 0.00 0.00
5 5.00 0.00 0.00
6 6.00 0.00 0.00
7 7.00 0.00 0.00
8 8.00 0.00 0.00
9 9.00 0.00 0.00
10 10.00 0.00 0.00
11 11.00 0.00 0.00
12 12.00 0.00 0.00
13 13.00 0.00 0.00
14 14.00 0.00 0.00
15 15.00 0.00 0.00
16 16.00 0.00 0.00
17 17.00 0.00 0.00
18 18.00 0.00 0.00
19 19.00 0.00 0.00
20 20.00 0.00 0.00
21 21.00 0.00 0.00
22 22.00 0.00 0.00
23 23.00 0.00 0.00
24 24.00 0.00 0.00
25 25.00 0.00 0.00
26 26.00 0.00 0.00
27 27.00 0.00 0.00
28 28.00 0.00 0.00
29 29.00 0.00 0.00
30 30.00 0.00 0.00
31 31.00 0.00 0.00
32 32.00 0.00 0.00
33 33.00 0.00 0.00
34 34.00 0.00 0.00
35 35.00 0.00 0.00
36 36.00 0.00 0.00
37 37.00 0.00 0.00
38 38.00 0.00 0.00
39 39.00 0.00 0.00
40 40.00 0.00 0.00
41 41.00 0.00 0.00
42 42.00 0.00 0.00
43 43.00 0.00 0.00
44 44.00 0.00 0.00
45 45.00 0.00 0.00
46 46.00 0.00 0.00
47 47.00 0.00 0.00
48 48.00 0.00 0.00
49 49.00 0.00 0.00
50 50.00 0.00 0.00
51 51.00 0.00 0.00
52 52.00 0.00 0.00
53 53.00 0.00 0.00
54 54.00 0.00 0.00
55 55.00 0.00 0.00
56 56.00 0.00 0.00
57 57.00 0.00 0.00
58 58.00 0.00 0.00
59 59.00 0.00 0.00
60 60.00 0.00 0.00
61 61.00 0.00 0.00
62 62.00 0.00 0.00
63 63.00 0.00 0.00
64 64.00 0.00 0.00
65 65.00 0.00 0.00
66 66.00 0.00 0.00
67 67.00 0.00 0.00
68 68.00 0.00 0.00
69 69.00 0.00 0.00
70 70.00 0.00 0.00
71 71.00 0.00 0.00
72 72.00 0.00 0.00
# A	 B	  M	   N
1	72	1	2	3
2	72	1	3	4
3	72	1	4	5
4	72	1	5	6
5	72	1	6	7
6	72	1	7	8
7	72	1	9	10
8	72	1	10	11
9	72	1	11	12
10	72	1	12	13
11	72	1	13	14
12	72	1	14	15
13	72	1	15	16
14	72	1	17	18
15	72	1	18	19
16	72	1	19	20
17	72	1	20	21
18	72	1	21	22
19	72	1	22	23
20	72	1	23	24
21	72	1	25	26
22	72	1	26	27
23	72	1	27	28
24	72	1	28	29
25	72	1	29	30
26	72	1	30	31
27	72	1	31	32
28	72	1	33	34
29	72	1	34	35
30	72	1	35	36
31	72	1	36	37
32	72	1	37	38
33	72	1	38	39
34	72	1	39	40
35	72	1	41	42
36	72	1	42	43
37	72	1	43	44
38	72	1	44	45
39	72	1	45	46
40	72	1	46	47
41	72	1	47	48
42	72	1	49	50
43	72	1	50	51
44	72	1	51	52
45	72	1	52	53
46	72	1	53	54
47	72	1	54	55
48	72	1	55	56
49	72	1	57	58
50	72	1	58	59
51	72	1	59	60
52	72	1	60	61
53	72	1	61	62
54	72	1	62	63
55	72	1	63	64
56	72	1	66	67
57	72	1	67	68
58	72	1	68	69
59	72	1	69	70
60	72	1	70	71
61	72	1	9	17
62	72	1	17	25
63	72	1	25	33
64	72	1	33	41
65	72	1	41	49
66	72	1	49	57
67	72	1	2	10
68	72	1	10	18
69	72	1	18	26
70	72	1	26	34
71	72	1	34	42
72	72	1	42	50
73	72	1	50	58
74	72	1	58	66
75	72	1	3	11
76	72	1	11	19
77	72	1	19	27
78	72	1	27	35
79	72	1	35	43
80	72	1	43	51
81	72	1	51	59
82	72	1	59	67
83	72	1	4	12
84	72	1	12	20
85	72	1	20	28
86	72	1	28	36
87	72	1	36	44
88	72	1	44	52
89	72	1	52	60
90	72	1	60	68
91	72	1	5	13
92	72	1	13	21
93	72	1	21	29
94	72	1	29	37
95	72	1	37	45
96	72	1	45	53
97	72	1	53	61
98	72	1	61	69
99	72	1	6	14
100	72	1	14	22
101	72	1	22	30
102	72	1	30	38
103	72	1	38	46
104	72	1	46	54
105	72	1	54	62
106	72	1	62	70
107	72	1	7	15
108	72	1	15	23
109	72	1	23	31
110	72	1	31	39
111	72	1	39	47
112	72	1	47	55
113	72	1	55	63
114	72	1	63	71
115	72	1	8	16
116	72	1	16	24
117	72	1	24	32
118	72	1	32	40
119	72	1	40	48
120	72	1	48	56
121	72	1	56	64
122	72	1	49	58
123	72	1	58	67
124	72	1	41	50
125	72	1	50	59
126	72	1	59	68
127	72	1	33	42
128	72	1	42	51
129	72	1	51	60
130	72	1	60	69
131	72	1	25	34
132	72	1	34	43
133	72	1	43	52
134	72	1	52	61
135	72	1	61	70
136	72	1	17	26
137	72	1	26	35
138	72	1	35	44
139	72	1	44	53
140	72	1	53	62
141	72	1	62	71
142	72	1	9	18
143	72	1	18	27
144	72	1	27	36
145	72	1	36	45
146	72	1	45	54
147	72	1	54	63
148	72	1	10	19
149	72	1	19	28
150	72	1	28	37
151	72	1	37	46
152	72	1	46	55
153	72	1	55	64
154	72	1	2	11
155	72	1	11	20
156	72	1	20	29
157	72	1	29	38
158	72	1	38	47
159	72	1	47	56
160	72	1	3	12
161	72	1	12	21
162	72	1	21	30
163	72	1	30	39
164	72	1	39	48
165	72	1	4	13
166	72	1	13	22
167	72	1	22	31
168	72	1	31	40
169	72	1	5	14
170	72	1	14	23
171	72	1	23	32
172	72	1	6	15
173	72	1	15	24
174	72	1	7	16
175	72	1	56	63
176	72	1	63	70
177	72	1	48	55
178	72	1	55	62
179	72	1	62	69
180	72	1	40	47
181	72	1	47	54
182	72	1	54	61
183	72	1	61	68
184	72	1	32	39
185	72	1	39	46
186	72	1	46	53
187	72	1	53	60
188	72	1	60	67
189	72	1	24	31
190	72	1	31	38
191	72	1	38	45
192	72	1	45	52
193	72	1	52	59
194	72	1	59	66
195	72	1	16	23
196	72	1	23	30
197	72	1	30	37
198	72	1	37	44
199	72	1	44	51
200	72	1	51	58
201	72	1	8	15
202	72	1	15	22
203	72	1	22	29
204	72	1	29	36
205	72	1	36	43
206	72	1	43	50
207	72	1	50	57
208	72	1	7	14
209	72	1	14	21
210	72	1	21	28
211	72	1	28	35
212	72	1	35	42
213	72	1	42	49
214	72	1	6	13
215	72	1	13	20
216	72	1	20	27
217	72	1	27	34
218	72	1	34	41
219	72	1	5	12
220	72	1	12	19
221	72	1	19	26
222	72	1	26	33
223	72	1	4	11
224	72	1	11	18
225	72	1	18	25
226	72	1	3	10
227	72	1	10	17
228	72	1	2	9
229	72	1	2	3
230	72	1	3	4
231	72	1	4	5
232	72	1	5	6
233	72	1	6	7
234	72	1	7	8
235	72	1	9	10
236	72	1	10	11
237	72	1	11	12
238	72	1	12	13
239	72	1	13	14
240	72	1	14	15
241	72	1	15	16
242	72	1	17	18
243	72	1	18	19
244	72	1	19	20
245	72	1	20	21
246	72	1	21	22
247	72	1	22	23
248	72	1	23	24
249	72	1	25	26
250	72	1	26	27
251	72	1	27	28
252	72	1	28	29
253	72	1	29	30
254	72	1	30	31
255	72	1	31	32
256	72	1	33	34
257	72	1	34	35
258	72	1	35	36
259	72	1	36	37
260	72	1	37	38
261	72	1	38	39
262	72	1	39	40
263	72	1	41	42
264	72	1	42	43
265	72	1	43	44
266	72	1	44	45
267	72	1	45	46
268	72	1	46	47
269	72	1	47	48
270	72	1	49	50
271	72	1	50	51
272	72	1	51	52
273	72	1	52	53
274	72	1	53	54
275	72	1	54	55
276	72	1	55	56
277	72	1	57	58
278	72	1	58	59
279	72	1	59	60
280	72	1	60	61
281	72	1	61	62
282	72	1	62	63
283	72	1	63	64
284	72	1	66	67
285	72	1	67	68
286	72	1	68	69
287	72	1	69	70
288	72	1	70	71
289	72	1	9	17
290	72	1	17	25
291	72	1	25	33
292	72	1	33	41
293	72	1	41	49
294	72	1	49	57
295	72	1	2	10
296	72	1	10	18
297	72	1	18	26
298	72	1	26	34
299	72	1	34	42
300	72	1	42	50
301	72	1	50	58
302	72	1	58	66
303	72	1	3	11
304	72	1	11	19
305	72	1	19	27
306	72	1	27	35
307	72	1	35	43
308	72	1	43	51
309	72	1	51	59
310	72	1	59	67
311	72	1	4	12
312	72	1	12	20
313	72	1	20	28
314	72	1	28	36
315	72	1	36	44
316	72	1	44	52
317	72	1	52	60
318	72	1	60	68
319	72	1	5	13
320	72	1	13	21
321	72	1	21	29
322	72	1	29	37
323	72	1	37	45
324	72	1	45	53
325	72	1	53	61
326	72	1	61	69
327	72	1	6	14
328	72	1	14	22
329	72	1	22	30
330	72	1	30	38
331	72	1	38	46
332	72	1	46	54
333	72	1	54	62
334	72	1	62	70
335	72	1	7	15
336	72	1	15	23
337	72	1	23	31
338	72	1	31	39
339	72	1	39	47
340	72	1	47	55
341	72	1	55	63
342	72	1	63	71
343	72	1	8	16
344	72	1	16	24
345	72	1	24	32
346	72	1	32	40
347	72	1	40	48
348	72	1	48	56
349	72	1	56	64
350	72	1	49	58
351	72	1	58	67
352	72	1	41	50
353	72	1	50	59
354	72	1	59	68
355	72	1	33	42
356	72	1	42	51
357	72	1	51	60
358	72	1	60	69
359	72	1	25	34
360	72	1	34	43
361	72	1	43	52
362	72	1	52	61
363	72	1	61	70
364	72	1	17	26
365	72	1	26	35
366	72	1	35	44
367	72	1	44	53
368	72	1	53	62
369	72	1	62	71
370	72	1	9	18
371	72	1	18	27
372	72	1	27	36
373	72	1	36	45
374	72	1	45	54
375	72	1	54	63
376	72	1	10	19
377	72	1	19	28
378	72	1	28	37
379	72	1	37	46
380	72	1	46	55
381	72	1	55	64
382	72	1	2	11
383	72	1	11	20
384	72	1	20	29
385	72	1	29	38
386	72	1	38	47
387	72	1	47	56
388	72	1	3	12
389	72	1	12	21
390	72	1	21	30
391	72	1	30	39
392	72	1	39	48
393	72	1	4	13
394	72	1	13	22
395	72	1	22	31
396	72	1	31	40
397	72	1	5	14
398	72	1	14	23
399	72	1	23	32
400	72	1	6	15
401	72	1	15	24
402	72	1	7	16
403	72	1	56	63
404	72	1	63	70
405	72	1	48	55
406	72	1	55	62
407	72	1	62	69
408	72	1	40	47
409	72	1	47	54
410	72	1	54	61
411	72	1	61	68
412	72	1	32	39
413	72	1	39	46
414	72	1	46	53
415	72	1	53	60
416	72	1	60	67
417	72	1	24	31
418	72	1	31	38
419	72	1	38	45
420	72	1	45	52
421	72	1	52	59
422	72	1	59	66
423	72	1	16	23
424	72	1	23	30
425	72	1	30	37
426	72	1	37	44
427	72	1	44	51
428	72	1	51	58
429	72	1	8	15
430	72	1	15	22
431	72	1	22	29
432	72	1	29	36
433	72	1	36	43
434	72	1	43	50
435	72	1	50	57
436	72	1	7	14
437	72	1	14	21
438	72	1	21	28
439	72	1	28	35
440	72	1	35	42
441	72	1	42	49
442	72	1	6	13
443	72	1	13	20
444	72	1	20	27
445	72	1	27	34
446	72	1	34	41
447	72	1	5	12
448	72	1	12	19
449	72	1	19	26
450	72	1	26	33
451	72	1	4	11
452	72	1	11	18
453	72	1	18	25
454	72	1	3	10
455	72	1	10	17
456	72	1	2	9
457	72	4	1	2
458	72	4	2	3
459	72	4	5	6
460	72	4	6	7
461	72	4	7	8
462	72	4	9	10
463	72	4	10	11
464	72	4	11	12
465	72	4	12	13
466	72	4	13	14
467	72	4	14	15
468	72	4	15	16
469	72	4	17	18
470	72	4	18	19
471	72	4	19	20
472	72	4	20	21
473	72	4	21	22
474	72	4	22	23
475	72	4	23	24
476	72	4	25	26
477	72	4	26	27
478	72	4	27	28
479	72	4	28	29
480	72	4	29	30
481	72	4	30	31
482	72	4	31	32
483	72	4	33	34
484	72	4	34	35
485	72	4	35	36
486	72	4	36	37
487	72	4	37	38
488	72	4	38	39
489	72	4	39	40
490	72	4	41	42
491	72	4	42	43
492	72	4	43	44
493	72	4	44	45
494	72	4	45	46
495	72	4	46	47
496	72	4	47	48
497	72	4	49	50
498	72	4	50	51
499	72	4	51	52
500	72	4	52	53
501	72	4	53	54
502	72	4	54	55
503	72	4	55	56
504	72	4	57	58
505	72	4	58	59
506	72	4	59	60
507	72	4	60	61
508	72	4	61	62
509	72	4	62	63
510	72	4	63	64
511	72	4	66	67
512	72	4	67	68
513	72	4	68	69
514	72	4	69	70
515	72	4	70	71
516	72	4	1	9
517	72	4	9	17
518	72	4	17	25
519	72	4	25	33
520	72	4	33	41
521	72	4	41	49
522	72	4	49	57
523	72	4	2	10
524	72	4	10	18
525	72	4	18	26
526	72	4	26	34
527	72	4	34	42
528	72	4	42	50
529	72	4	50	58
530	72	4	58	66
531	72	4	3	11
532	72	4	11	19
533	72	4	19	27
534	72	4	27	35
535	72	4	35	43
536	72	4	43	51
537	72	4	51	59
538	72	4	59	67
539	72	4	12	20
540	72	4	20	28
541	72	4	28	36
542	72	4	36	44
543	72	4	44	52
544	72	4	52	60
545	72	4	60	68
546	72	4	5	13
547	72	4	13	21
548	72	4	21	29
549	72	4	29	37
550	72	4	37	45
551	72	4	45	53
552	72	4	53	61
553	72	4	61	69
554	72	4	6	14
555	72	4	14	22
556	72	4	22	30
557	72	4	30	38
558	72	4	38	46
559	72	4	46	54
560	72	4	54	62
561	72	4	62	70
562	72	4	7	15
563	72	4	15	23
564	72	4	23	31
565	72	4	31	39
566	72	4	39	47
567	72	4	47	55
568	72	4	55	63
569	72	4	63	71
570	72	4	8	16
571	72	4	16	24
572	72	4	24	32
573	72	4	32	40
574	72	4	40	48
575	72	4	48	56
576	72	4	56	64
577	72	4	49	58
578	72	4	58	67
579	72	4	41	50
580	72	4	50	59
581	72	4	59	68
582	72	4	33	42
583	72	4	42	51
584	72	4	51	60
585	72	4	60	69
586	72	4	25	34
587	72	4	34	43
588	72	4	43	52
589	72	4	52	61
590	72	4	61	70
591	72	4	17	26
592	72	4	26	35
593	72	4	35	44
594	72	4	44	53
595	72	4	53	62
596	72	4	62	71
597	72	4	9	18
598	72	4	18	27
599	72	4	27	36
600	72	4	36	45
601	72	4	45	54
602	72	4	54	63
603	72	4	1	10
604	72	4	10	19
605	72	4	19	28
606	72	4	28	37
607	72	4	37	46
608	72	4	46	55
609	72	4	55	64
610	72	4	2	11
611	72	4	11	20
612	72	4	20	29
613	72	4	29	38
614	72	4	38	47
615	72	4	47	56
616	72	4	3	12
617	72	4	12	21
618	72	4	21	30
619	72	4	30	39
620	72	4	39	48
621	72	4	13	22
622	72	4	22	31
623	72	4	31	40
624	72	4	5	14
625	72	4	14	23
626	72	4	23	32
627	72	4	6	15
628	72	4	15	24
629	72	4	7	16
630	72	4	56	63
631	72	4	63	70
632	72	4	48	55
633	72	4	55	62
634	72	4	62	69
635	72	4	40	47
636	72	4	47	54
637	72	4	54	61
638	72	4	61	68
639	72	4	32	39
640	72	4	39	46
641	72	4	46	53
642	72	4	53	60
643	72	4	60	67
644	72	4	24	31
645	72	4	31	38
646	72	4	38	45
647	72	4	45	52
648	72	4	52	59
649	72	4	59	66
650	72	4	16	23
651	72	4	23	30
652	72	4	30	37
653	72	4	37	44
654	72	4	44	51
655	72	4	51	58
656	72	4	8	15
657	72	4	15	22
658	72	4	22	29
659	72	4	29	36
660	72	4	36	43
661	72	4	43	50
662	72	4	50	57
663	72	4	7	14
664	72	4	14	21
665	72	4	21	28
666	72	4	28	35
667	72	4	35	42
668	72	4	42	49
669	72	4	6	13
670	72	4	13	20
671	72	4	20	27
672	72	4	27	34
673	72	4	34	41
674	72	4	5	12
675	72	4	12	19
676	72	4	19	26
677	72	4	26	33
678	72	4	11	18
679	72	4	18	25
680	72	4	3	10
681	72	4	10	17
682	72	4	2	9
683	72	8	1	2
684	72	8	2	3
685	72	8	3	4
686	72	8	4	5
687	72	8	5	6
688	72	8	6	7
689	72	8	9	10
690	72	8	10	11
691	72	8	11	12
692	72	8	12	13
693	72	8	13	14
694	72	8	14	15
695	72	8	15	16
696	72	8	17	18
697	72	8	18	19
698	72	8	19	20
699	72	8	20	21
700	72	8	21	22
701	72	8	22	23
702	72	8	23	24
703	72	8	25	26
704	72	8	26	27
705	72	8	27	28
706	72	8	28	29
707	72	8	29	30
708	72	8	30	31
709	72	8	31	32
710	72	8	33	34
711	72	8	34	35
712	72	8	35	36
713	72	8	36	37
714	72	8	37	38
715	72	8	38	39
716	72	8	39	40
717	72	8	41	42
718	72	8	42	43
719	72	8	43	44
720	72	8	44	45
721	72	8	45	46
722	72	8	46	47
723	72	8	47	48
724	72	8	49	50
725	72	8	50	51
726	72	8	51	52
727	72	8	52	53
728	72	8	53	54
729	72	8	54	55
730	72	8	55	56
731	72	8	57	58
732	72	8	58	59
733	72	8	59	60
734	72	8	60	61
735	72	8	61	62
736	72	8	62	63
737	72	8	63	64
738	72	8	66	67
739	72	8	67	68
740	72	8	68	69
741	72	8	69	70
742	72	8	70	71
743	72	8	1	9
744	72	8	9	17
745	72	8	17	25
746	72	8	25	33
747	72	8	33	41
748	72	8	41	49
749	72	8	49	57
750	72	8	2	10
751	72	8	10	18
752	72	8	18	26
753	72	8	26	34
754	72	8	34	42
755	72	8	42	50
756	72	8	50	58
757	72	8	58	66
758	72	8	3	11
759	72	8	11	19
760	72	8	19	27
761	72	8	27	35
762	72	8	35	43
763	72	8	43	51
764	72	8	51	59
765	72	8	59	67
766	72	8	4	12
767	72	8	12	20
768	72	8	20	28
769	72	8	28	36
770	72	8	36	44
771	72	8	44	52
772	72	8	52	60
773	72	8	60	68
774	72	8	5	13
775	72	8	13	21
776	72	8	21	29
777	72	8	29	37
778	72	8	37	45
779	72	8	45	53
780	72	8	53	61
781	72	8	61	69
782	72	8	6	14
783	72	8	14	22
784	72	8	22	30
785	72	8	30	38
786	72	8	38	46
787	72	8	46	54
788	72	8	54	62
789	72	8	62	70
790	72	8	7	15
791	72	8	15	23
792	72	8	23	31
793	72	8	31	39
794	72	8	39	47
795	72	8	47	55
796	72	8	55	63
797	72	8	63	71
798	72	8	16	24
799	72	8	24	32
800	72	8	32	40
801	72	8	40	48
802	72	8	48	56
803	72	8	56	64
804	72	8	49	58
805	72	8	58	67
806	72	8	41	50
807	72	8	50	59
808	72	8	59	68
809	72	8	33	42
810	72	8	42	51
811	72	8	51	60
812	72	8	60	69
813	72	8	25	34
814	72	8	34	43
815	72	8	43	52
816	72	8	52	61
817	72	8	61	70
818	72	8	17	26
819	72	8	26	35
820	72	8	35	44
821	72	8	44	53
822	72	8	53	62
823	72	8	62	71
824	72	8	9	18
825	72	8	18	27
826	72	8	27	36
827	72	8	36	45
828	72	8	45	54
829	72	8	54	63
830	72	8	1	10
831	72	8	10	19
832	72	8	19	28
833	72	8	28	37
834	72	8	37	46
835	72	8	46	55
836	72	8	55	64
837	72	8	2	11
838	72	8	11	20
839	72	8	20	29
840	72	8	29	38
841	72	8	38	47
842	72	8	47	56
843	72	8	3	12
844	72	8	12	21
845	72	8	21	30
846	72	8	30	39
847	72	8	39	48
848	72	8	4	13
849	72	8	13	22
850	72	8	22	31
851	72	8	31	40
852	72	8	5	14
853	72	8	14	23
854	72	8	23	32
855	72	8	6	15
856	72	8	15	24
857	72	8	7	16
858	72	8	56	63
859	72	8	63	70
860	72	8	48	55
861	72	8	55	62
862	72	8	62	69
863	72	8	40	47
864	72	8	47	54
865	72	8	54	61
866	72	8	61	68
867	72	8	32	39
868	72	8	39	46
869	72	8	46	53
870	72	8	53	60
871	72	8	60	67
872	72	8	24	31
873	72	8	31	38
874	72	8	38	45
875	72	8	45	52
876	72	8	52	59
877	72	8	59	66
878	72	8	16	23
879	72	8	23	30
880	72	8	30	37
881	72	8	37	44
882	72	8	44	51
883	72	8	51	58
884	72	8	15	22
885	72	8	22	29
886	72	8	29	36
887	72	8	36	43
888	72	8	43	50
889	72	8	50	57
890	72	8	7	14
891	72	8	14	21
892	72	8	21	28
893	72	8	28	35
894	72	8	35	42
895	72	8	42	49
896	72	8	6	13
897	72	8	13	20
898	72	8	20	27
899	72	8	27	34
900	72	8	34	41
901	72	8	5	12
902	72	8	12	19
903	72	8	19	26
904	72	8	26	33
905	72	8	4	11
906	72	8	11	18
907	72	8	18	25
908	72	8	3	10
909	72	8	10	17
910	72	8	2	9
911	72	17	1	2
912	72	17	2	3
913	72	17	3	4
914	72	17	4	5
915	72	17	5	6
916	72	17	6	7
917	72	17	7	8
918	72	17	9	10
919	72	17	10	11
920	72	17	11	12
921	72	17	12	13
922	72	17	13	14
923	72	17	14	15
924	72	17	15	16
925	72	17	18	19
926	72	17	19	20
927	72	17	20	21
928	72	17	21	22
929	72	17	22	23
930	72	17	23	24
931	72	17	25	26
932	72	17	26	27
933	72	17	27	28
934	72	17	28	29
935	72	17	29	30
936	72	17	30	31
937	72	17	31	32
938	72	17	33	34
939	72	17	34	35
940	72	17	35	36
941	72	17	36	37
942	72	17	37	38
943	72	17	38	39
944	72	17	39	40
945	72	17	41	42
946	72	17	42	43
947	72	17	43	44
948	72	17	44	45
949	72	17	45	46
950	72	17	46	47
951	72	17	47	48
952	72	17	49	50
953	72	17	50	51
954	72	17	51	52
955	72	17	52	53
956	72	17	53	54
957	72	17	54	55
958	72	17	55	56
959	72	17	57	58
960	72	17	58	59
961	72	17	59	60
962	72	17	60	61
963	72	17	61	62
964	72	17	62	63
965	72	17	63	64
966	72	17	66	67
967	72	17	67	68
968	72	17	68	69
969	72	17	69	70
970	72	17	70	71
971	72	17	1	9
972	72	17	25	33
973	72	17	33	41
974	72	17	41	49
975	72	17	49	57
976	72	17	2	10
977	72	17	10	18
978	72	17	18	26
979	72	17	26	34
980	72	17	34	42
981	72	17	42	50
982	72	17	50	58
983	72	17	58	66
984	72	17	3	11
985	72	17	11	19
986	72	17	19	27
987	72	17	27	35
988	72	17	35	43
989	72	17	43	51
990	72	17	51	59
991	72	17	59	67
992	72	17	4	12
993	72	17	12	20
994	72	17	20	28
995	72	17	28	36
996	72	17	36	44
997	72	17	44	52
998	72	17	52	60
999	72	17	60	68
1000	72	17	5	13
1001	72	17	13	21
1002	72	17	21	29
1003	72	17	29	37
1004	72	17	37	45
1005	72	17	45	53
1006	72	17	53	61
1007	72	17	61	69
1008	72	17	6	14
1009	72	17	14	22
1010	72	17	22	30
1011	72	17	30	38
1012	72	17	38	46
1013	72	17	46	54
1014	72	17	54	62
1015	72	17	62	70
1016	72	17	7	15
1017	72	17	15	23
1018	72	17	23	31
1019	72	17	31	39
1020	72	17	39	47
1021	72	17	47	55
1022	72	17	55	63
1023	72	17	63	71
1024	72	17	8	16
1025	72	17	16	24
1026	72	17	24	32
1027	72	17	32	40
1028	72	17	40	48
1029	72	17	48	56
1030	72	17	56	64
1031	72	17	49	58
1032	72	17	58	67
1033	72	17	41	50
1034	72	17	50	59
1035	72	17	59	68
1036	72	17	33	42
1037	72	17	42	51
1038	72	17	51	60
1039	72	17	60	69
1040	72	17	25	34
1041	72	17	34	43
1042	72	17	43	52
1043	72	17	52	61
1044	72	17	61	70
1045	72	17	26	35
1046	72	17	35	44
1047	72	17	44	53
1048	72	17	53	62
1049	72	17	62	71
1050	72	17	9	18
1051	72	17	18	27
1052	72	17	27	36
1053	72	17	36	45
1054	72	17	45	54
1055	72	17	54	63
1056	72	17	1	10
1057	72	17	10	19
1058	72	17	19	28
1059	72	17	28	37
1060	72	17	37	46
1061	72	17	46	55
1062	72	17	55	64
1063	72	17	2	11
1064	72	17	11	20
1065	72	17	20	29
1066	72	17	29	38
1067	72	17	38	47
1068	72	17	47	56
1069	72	17	3	12
1070	72	17	12	21
1071	72	17	21	30
1072	72	17	30	39
1073	72	17	39	48
1074	72	17	4	13
1075	72	17	13	22
1076	72	17	22	31
1077	72	17	31	40
1078	72	17	5	14
1079	72	17	14	23
1080	72	17	23	32
1081	72	17	6	15
1082	72	17	15	24
1083	72	17	7	16
1084	72	17	56	63
1085	72	17	63	70
1086	72	17	48	55
1087	72	17	55	62
1088	72	17	62	69
1089	72	17	40	47
1090	72	17	47	54
1091	72	17	54	61
1092	72	17	61	68
1093	72	17	32	39
1094	72	17	39	46
1095	72	17	46	53
1096	72	17	53	60
1097	72	17	60	67
1098	72	17	24	31
1099	72	17	31	38
1100	72	17	38	45
1101	72	17	45	52
1102	72	17	52	59
1103	72	17	59	66
1104	72	17	16	23
1105	72	17	23	30
1106	72	17	30	37
1107	72	17	37	44
1108	72	17	44	51
1109	72	17	51	58
1110	72	17	8	15
1111	72	17	15	22
1112	72	17	22	29
1113	72	17	29	36
1114	72	17	36	43
1115	72	17	43	50
1116	72	17	50	57
1117	72	17	7	14
1118	72	17	14	21
1119	72	17	21	28
1120	72	17	28	35
1121	72	17	35	42
1122	72	17	42	49
1123	72	17	6	13
1124	72	17	13	20
1125	72	17	20	27
1126	72	17	27	34
1127	72	17	34	41
1128	72	17	5	12
1129	72	17	12	19
1130	72	17	19	26
1131	72	17	26	33
1132	72	17	4	11
1133	72	17	11	18
1134	72	17	18	25
1135	72	17	3	10
1136	72	17	2	9
1137	72	20	1	2
1138	72	20	2	3
1139	72	20	3	4
1140	72	20	4	5
1141	72	20	5	6
1142	72	20	6	7
1143	72	20	7	8
1144	72	20	9	10
1145	72	20	10	11
1146	72	20	11	12
1147	72	20	12	13
1148	72	20	13	14
1149	72	20	14	15
1150	72	20	15	16
1151	72	20	17	18
1152	72	20	18	19
1153	72	20	21	22
1154	72	20	22	23
1155	72	20	23	24
1156	72	20	25	26
1157	72	20	26	27
1158	72	20	27	28
1159	72	20	28	29
1160	72	20	29	30
1161	72	20	30	31
1162	72	20	31	32
1163	72	20	33	34
1164	72	20	34	35
1165	72	20	35	36
1166	72	20	36	37
1167	72	20	37	38
1168	72	20	38	39
1169	72	20	39	40
1170	72	20	41	42
1171	72	20	42	43
1172	72	20	43	44
1173	72	20	44	45
1174	72	20	45	46
1175	72	20	46	47
1176	72	20	47	48
1177	72	20	49	50
1178	72	20	50	51
1179	72	20	51	52
1180	72	20	52	53
1181	72	20	53	54
1182	72	20	54	55
1183	72	20	55	56
1184	72	20	57	58
1185	72	20	58	59
1186	72	20	59	60
1187	72	20	60	61
1188	72	20	61	62
1189	72	20	62	63
1190	72	20	63	64
1191	72	20	66	67
1192	72	20	67	68
1193	72	20	68	69
1194	72	20	69	70
1195	72	20	70	71
1196	72	20	1	9
1197	72	20	9	17
1198	72	20	17	25
1199	72	20	25	33
1200	72	20	33	41
1201	72	20	41	49
1202	72	20	49	57
1203	72	20	2	10
1204	72	20	10	18
1205	72	20	18	26
1206	72	20	26	34
1207	72	20	34	42
1208	72	20	42	50
1209	72	20	50	58
1210	72	20	58	66
1211	72	20	3	11
1212	72	20	11	19
1213	72	20	19	27
1214	72	20	27	35
1215	72	20	35	43
1216	72	20	43	51
1217	72	20	51	59
1218	72	20	59	67
1219	72	20	4	12
1220	72	20	28	36
1221	72	20	36	44
1222	72	20	44	52
1223	72	20	52	60
1224	72	20	60	68
1225	72	20	5	13
1226	72	20	13	21
1227	72	20	21	29
1228	72	20	29	37
1229	72	20	37	45
1230	72	20	45	53
1231	72	20	53	61
1232	72	20	61	69
1233	72	20	6	14
1234	72	20	14	22
1235	72	20	22	30
1236	72	20	30	38
1237	72	20	38	46
1238	72	20	46	54
1239	72	20	54	62
1240	72	20	62	70
1241	72	20	7	15
1242	72	20	15	23
1243	72	20	23	31
1244	72	20	31	39
1245	72	20	39	47
1246	72	20	47	55
1247	72	20	55	63
1248	72	20	63	71
1249	72	20	8	16
1250	72	20	16	24
1251	72	20	24	32
1252	72	20	32	40
1253	72	20	40	48
1254	72	20	48	56
1255	72	20	56	64
1256	72	20	49	58
1257	72	20	58	67
1258	72	20	41	50
1259	72	20	50	59
1260	72	20	59	68
1261	72	20	33	42
1262	72	20	42	51
1263	72	20	51	60
1264	72	20	60	69
1265	72	20	25	34
1266	72	20	34	43
1267	72	20	43	52
1268	72	20	52	61
1269	72	20	61	70
1270	72	20	17	26
1271	72	20	26	35
1272	72	20	35	44
1273	72	20	44	53
1274	72	20	53	62
1275	72	20	62	71
1276	72	20	9	18
1277	72	20	18	27
1278	72	20	27	36
1279	72	20	36	45
1280	72	20	45	54
1281	72	20	54	63
1282	72	20	1	10
1283	72	20	10	19
1284	72	20	19	28
1285	72	20	28	37
1286	72	20	37	46
1287	72	20	46	55
1288	72	20	55	64
1289	72	20	2	11
1290	72	20	29	38
1291	72	20	38	47
1292	72	20	47	56
1293	72	20	3	12
1294	72	20	12	21
1295	72	20	21	30
1296	72	20	30	39
1297	72	20	39	48
1298	72	20	4	13
1299	72	20	13	22
1300	72	20	22	31
1301	72	20	31	40
1302	72	20	5	14
1303	72	20	14	23
1304	72	20	23	32
1305	72	20	6	15
1306	72	20	15	24
1307	72	20	7	16
1308	72	20	56	63
1309	72	20	63	70
1310	72	20	48	55
1311	72	20	55	62
1312	72	20	62	69
1313	72	20	40	47
1314	72	20	47	54
1315	72	20	54	61
1316	72	20	61	68
1317	72	20	32	39
1318	72	20	39	46
1319	72	20	46	53
1320	72	20	53	60
1321	72	20	60	67
1322	72	20	24	31
1323	72	20	31	38
1324	72	20	38	45
1325	72	20	45	52
1326	72	20	52	59
1327	72	20	59	66
1328	72	20	16	23
1329	72	20	23	30
1330	72	20	30	37
1331	72	20	37	44
1332	72	20	44	51
1333	72	20	51	58
1334	72	20	8	15
1335	72	20	15	22
1336	72	20	22	29
1337	72	20	29	36
1338	72	20	36	43
1339	72	20	43	50
1340	72	20	50	57
1341	72	20	7	14
1342	72	20	14	21
1343	72	20	21	28
1344	72	20	28	35
1345	72	20	35	42
1346	72	20	42	49
1347	72	20	6	13
1348	72	20	27	34
1349	72	20	34	41
1350	72	20	5	12
1351	72	20	12	19
1352	72	20	19	26
1353	72	20	26	33
1354	72	20	4	11
1355	72	20	11	18
1356	72	20	18	25
1357	72	20	3	10
1358	72	20	10	17
1359	72	20	2	9
1360	72	24	1	2
1361	72	24	2	3
1362	72	24	3	4
1363	72	24	4	5
1364	72	24	5	6
1365	72	24	6	7
1366	72	24	7	8
1367	72	24	9	10
1368	72	24	10	11
1369	72	24	11	12
1370	72	24	12	13
1371	72	24	13	14
1372	72	24	14	15
1373	72	24	15	16
1374	72	24	17	18
1375	72	24	18	19
1376	72	24	19	20
1377	72	24	20	21
1378	72	24	21	22
1379	72	24	22	23
1380	72	24	25	26
1381	72	24	26	27
1382	72	24	27	28
1383	72	24	28	29
1384	72	24	29	30
1385	72	24	30	31
1386	72	24	31	32
1387	72	24	33	34
1388	72	24	34	35
1389	72	24	35	36
1390	72	24	36	37
1391	72	24	37	38
1392	72	24	38	39
1393	72	24	39	40
1394	72	24	41	42
1395	72	24	42	43
1396	72	24	43	44
1397	72	24	44	45
1398	72	24	45	46
1399	72	24	46	47
1400	72	24	47	48
1401	72	24	49	50
1402	72	24	50	51
1403	72	24	51	52
1404	72	24	52	53
1405	72	24	53	54
1406	72	24	54	55
1407	72	24	55	56
1408	72	24	57	58
1409	72	24	58	59
1410	72	24	59	60
1411	72	24	60	61
1412	72	24	61	62
1413	72	24	62	63
1414	72	24	63	64
1415	72	24	66	67
1416	72	24	67	68
1417	72	24	68	69
1418	72	24	69	70
1419	72	24	70	71
1420	72	24	1	9
1421	72	24	9	17
1422	72	24	17	25
1423	72	24	25	33
1424	72	24	33	41
1425	72	24	41	49
1426	72	24	49	57
1427	72	24	2	10
1428	72	24	10	18
1429	72	24	18	26
1430	72	24	26	34
1431	72	24	34	42
1432	72	24	42	50
1433	72	24	50	58
1434	72	24	58	66
1435	72	24	3	11
1436	72	24	11	19
1437	72	24	19	27
1438	72	24	27	35
1439	72	24	35	43
1440	72	24	43	51
1441	72	24	51	59
1442	72	24	59	67
1443	72	24	4	12
1444	72	24	12	20
1445	72	24	20	28
1446	72	24	28	36
1447	72	24	36	44
1448	72	24	44	52
1449	72	24	52	60
1450	72	24	60	68
1451	72	24	5	13
1452	72	24	13	21
1453	72	24	21	29
1454	72	24	29	37
1455	72	24	37	45
1456	72	24	45	53
1457	72	24	53	61
1458	72	24	61	69
1459	72	24	6	14
1460	72	24	14	22
1461	72	24	22	30
1462	72	24	30	38
1463	72	24	38	46
1464	72	24	46	54
1465	72	24	54	62
1466	72	24	62	70
1467	72	24	7	15
1468	72	24	15	23
1469	72	24	23	31
1470	72	24	31	39
1471	72	24	39	47
1472	72	24	47	55
1473	72	24	55	63
1474	72	24	63	71
1475	72	24	8	16
1476	72	24	32	40
1477	72	24	40	48
1478	72	24	48	56
1479	72	24	56	64
1480	72	24	49	58
1481	72	24	58	67
1482	72	24	41	50
1483	72	24	50	59
1484	72	24	59	68
1485	72	24	33	42
1486	72	24	42	51
1487	72	24	51	60
1488	72	24	60	69
1489	72	24	25	34
1490	72	24	34	43
1491	72	24	43	52
1492	72	24	52	61
1493	72	24	61	70
1494	72	24	17	26
1495	72	24	26	35
1496	72	24	35	44
1497	72	24	44	53
1498	72	24	53	62
1499	72	24	62	71
1500	72	24	9	18
1501	72	24	18	27
1502	72	24	27	36
1503	72	24	36	45
1504	72	24	45	54
1505	72	24	54	63
1506	72	24	1	10
1507	72	24	10	19
1508	72	24	19	28
1509	72	24	28	37
1510	72	24	37	46
1511	72	24	46	55
1512	72	24	55	64
1513	72	24	2	11
1514	72	24	11	20
1515	72	24	20	29
1516	72	24	29	38
1517	72	24	38	47
1518	72	24	47	56
1519	72	24	3	12
1520	72	24	12	21
1521	72	24	21	30
1522	72	24	30	39
1523	72	24	39	48
1524	72	24	4	13
1525	72	24	13	22
1526	72	24	22	31
1527	72	24	31	40
1528	72	24	5	14
1529	72	24	14	23
1530	72	24	23	32
1531	72	24	6	15
1532	72	24	7	16
1533	72	24	56	63
1534	72	24	63	70
1535	72	24	48	55
1536	72	24	55	62
1537	72	24	62	69
1538	72	24	40	47
1539	72	24	47	54
1540	72	24	54	61
1541	72	24	61	68
1542	72	24	32	39
1543	72	24	39	46
1544	72	24	46	53
1545	72	24	53	60
1546	72	24	60	67
1547	72	24	31	38
1548	72	24	38	45
1549	72	24	45	52
1550	72	24	52	59
1551	72	24	59	66
1552	72	24	16	23
1553	72	24	23	30
1554	72	24	30	37
1555	72	24	37	44
1556	72	24	44	51
1557	72	24	51	58
1558	72	24	8	15
1559	72	24	15	22
1560	72	24	22	29
1561	72	24	29	36
1562	72	24	36	43
1563	72	24	43	50
1564	72	24	50	57
1565	72	24	7	14
1566	72	24	14	21
1567	72	24	21	28
1568	72	24	28	35
1569	72	24	35	42
1570	72	24	42	49
1571	72	24	6	13
1572	72	24	13	20
1573	72	24	20	27
1574	72	24	27	34
1575	72	24	34	41
1576	72	24	5	12
1577	72	24	12	19
1578	72	24	19	26
1579	72	24	26	33
1580	72	24	4	11
1581	72	24	11	18
1582	72	24	18	25
1583	72	24	3	10
1584	72	24	10	17
1585	72	24	2	9
1586	72	33	1	2
1587	72	33	2	3
1588	72	33	3	4
1589	72	33	4	5
1590	72	33	5	6
1591	72	33	6	7
1592	72	33	7	8
1593	72	33	9	10
1594	72	33	10	11
1595	72	33	11	12
1596	72	33	12	13
1597	72	33	13	14
1598	72	33	14	15
1599	72	33	15	16
1600	72	33	17	18
1601	72	33	18	19
1602	72	33	19	20
1603	72	33	20	21
1604	72	33	21	22
1605	72	33	22	23
1606	72	33	23	24
1607	72	33	25	26
1608	72	33	26	27
1609	72	33	27	28
1610	72	33	28	29
1611	72	33	29	30
1612	72	33	30	31
1613	72	33	31	32
1614	72	33	34	35
1615	72	33	35	36
1616	72	33	36	37
1617	72	33	37	38
1618	72	33	38	39
1619	72	33	39	40
1620	72	33	41	42
1621	72	33	42	43
1622	72	33	43	44
1623	72	33	44	45
1624	72	33	45	46
1625	72	33	46	47
1626	72	33	47	48
1627	72	33	49	50
1628	72	33	50	51
1629	72	33	51	52
1630	72	33	52	53
1631	72	33	53	54
1632	72	33	54	55
1633	72	33	55	56
1634	72	33	57	58
1635	72	33	58	59
1636	72	33	59	60
1637	72	33	60	61
1638	72	33	61	62
1639	72	33	62	63
1640	72	33	63	64
1641	72	33	66	67
1642	72	33	67	68
1643	72	33	68	69
1644	72	33	69	70
1645	72	33	70	71
1646	72	33	1	9
1647	72	33	9	17
1648	72	33	17	25
1649	72	33	41	49
1650	72	33	49	57
1651	72	33	2	10
1652	72	33	10	18
1653	72	33	18	26
1654	72	33	26	34
1655	72	33	34	42
1656	72	33	42	50
1657	72	33	50	58
1658	72	33	58	66
1659	72	33	3	11
1660	72	33	11	19
1661	72	33	19	27
1662	72	33	27	35
1663	72	33	35	43
1664	72	33	43	51
1665	72	33	51	59
1666	72	33	59	67
1667	72	33	4	12
1668	72	33	12	20
1669	72	33	20	28
1670	72	33	28	36
1671	72	33	36	44
1672	72	33	44	52
1673	72	33	52	60
1674	72	33	60	68
1675	72	33	5	13
1676	72	33	13	21
1677	72	33	21	29
1678	72	33	29	37
1679	72	33	37	45
1680	72	33	45	53
1681	72	33	53	61
1682	72	33	61	69
1683	72	33	6	14
1684	72	33	14	22
1685	72	33	22	30
1686	72	33	30	38
1687	72	33	38	46
1688	72	33	46	54
1689	72	33	54	62
1690	72	33	62	70
1691	72	33	7	15
1692	72	33	15	23
1693	72	33	23	31
1694	72	33	31	39
1695	72	33	39	47
1696	72	33	47	55
1697	72	33	55	63
1698	72	33	63	71
1699	72	33	8	16
1700	72	33	16	24
1701	72	33	24	32
1702	72	33	32	40
1703	72	33	40	48
1704	72	33	48	56
1705	72	33	56	64
1706	72	33	49	58
1707	72	33	58	67
1708	72	33	41	50
1709	72	33	50	59
1710	72	33	59	68
1711	72	33	42	51
1712	72	33	51	60
1713	72	33	60	69
1714	72	33	25	34
1715	72	33	34	43
1716	72	33	43	52
1717	72	33	52	61
1718	72	33	61	70
1719	72	33	17	26
1720	72	33	26	35
1721	72	33	35	44
1722	72	33	44	53
1723	72	33	53	62
1724	72	33	62	71
1725	72	33	9	18
1726	72	33	18	27
1727	72	33	27	36
1728	72	33	36	45
1729	72	33	45	54
1730	72	33	54	63
1731	72	33	1	10
1732	72	33	10	19
1733	72	33	19	28
1734	72	33	28	37
1735	72	33	37	46
1736	72	33	46	55
1737	72	33	55	64
1738	72	33	2	11
1739	72	33	11	20
1740	72	33	20	29
1741	72	33	29	38
1742	72	33	38	47
1743	72	33	47	56
1744	72	33	3	12
1745	72	33	12	21
1746	72	33	21	30
1747	72	33	30	39
1748	72	33	39	48
1749	72	33	4	13
1750	72	33	13	22
1751	72	33	22	31
1752	72	33	31	40
1753	72	33	5	14
1754	72	33	14	23
1755	72	33	23	32
1756	72	33	6	15
1757	72	33	15	24
1758	72	33	7	16
1759	72	33	56	63
1760	72	33	63	70
1761	72	33	48	55
1762	72	33	55	62
1763	72	33	62	69
1764	72	33	40	47
1765	72	33	47	54
1766	72	33	54	61
1767	72	33	61	68
1768	72	33	32	39
1769	72	33	39	46
1770	72	33	46	53
1771	72	33	53	60
1772	72	33	60	67
1773	72	33	24	31
1774	72	33	31	38
1775	72	33	38	45
1776	72	33	45	52
1777	72	33	52	59
1778	72	33	59	66
1779	72	33	16	23
1780	72	33	23	30
1781	72	33	30	37
1782	72	33	37	44
1783	72	33	44	51
1784	72	33	51	58
1785	72	33	8	15
1786	72	33	15	22
1787	72	33	22	29
1788	72	33	29	36
1789	72	33	36	43
1790	72	33	43	50
1791	72	33	50	57
1792	72	33	7	14
1793	72	33	14	21
1794	72	33	21	28
1795	72	33	28	35
1796	72	33	35	42
1797	72	33	42	49
1798	72	33	6	13
1799	72	33	13	20
1800	72	33	20	27
1801	72	33	27	34
1802	72	33	34	41
1803	72	33	5	12
1804	72	33	12	19
1805	72	33	19	26
1806	72	33	4	11
1807	72	33	11	18
1808	72	33	18	25
1809	72	33	3	10
1810	72	33	10	17
1811	72	33	2	9
1812	72	36	1	2
1813	72	36	2	3
1814	72	36	3	4
1815	72	36	4	5
1816	72	36	5	6
1817	72	36	6	7
1818	72	36	7	8
1819	72	36	9	10
1820	72	36	10	11
1821	72	36	11	12
1822	72	36	12	13
1823	72	36	13	14
1824	72	36	14	15
1825	72	36	15	16
1826	72	36	17	18
1827	72	36	18	19
1828	72	36	19	20
1829	72	36	20	21
1830	72	36	21	22
1831	72	36	22	23
1832	72	36	23	24
1833	72	36	25	26
1834	72	36	26	27
1835	72	36	27	28
1836	72	36	28	29
1837	72	36	29	30
1838	72	36	30	31
1839	72	36	31	32
1840	72	36	33	34
1841	72	36	34	35
1842	72	36	37	38
1843	72	36	38	39
1844	72	36	39	40
1845	72	36	41	42
1846	72	36	42	43
1847	72	36	43	44
1848	72	36	44	45
1849	72	36	45	46
1850	72	36	46	47
1851	72	36	47	48
1852	72	36	49	50
1853	72	36	50	51
1854	72	36	51	52
1855	72	36	52	53
1856	72	36	53	54
1857	72	36	54	55
1858	72	36	55	56
1859	72	36	57	58
1860	72	36	58	59
1861	72	36	59	60
1862	72	36	60	61
1863	72	36	61	62
1864	72	36	62	63
1865	72	36	63	64
1866	72	36	66	67
1867	72	36	67	68
1868	72	36	68	69
1869	72	36	69	70
1870	72	36	70	71
1871	72	36	1	9
1872	72	36	9	17
1873	72	36	17	25
1874	72	36	25	33
1875	72	36	33	41
1876	72	36	41	49
1877	72	36	49	57
1878	72	36	2	10
1879	72	36	10	18
1880	72	36	18	26
1881	72	36	26	34
1882	72	36	34	42
1883	72	36	42	50
1884	72	36	50	58
1885	72	36	58	66
1886	72	36	3	11
1887	72	36	11	19
1888	72	36	19	27
1889	72	36	27	35
1890	72	36	35	43
1891	72	36	43	51
1892	72	36	51	59
1893	72	36	59	67
1894	72	36	4	12
1895	72	36	12	20
1896	72	36	20	28
1897	72	36	44	52
1898	72	36	52	60
1899	72	36	60	68
1900	72	36	5	13
1901	72	36	13	21
1902	72	36	21	29
1903	72	36	29	37
1904	72	36	37	45
1905	72	36	45	53
1906	72	36	53	61
1907	72	36	61	69
1908	72	36	6	14
1909	72	36	14	22
1910	72	36	22	30
1911	72	36	30	38
1912	72	36	38	46
1913	72	36	46	54
1914	72	36	54	62
1915	72	36	62	70
1916	72	36	7	15
1917	72	36	15	23
1918	72	36	23	31
1919	72	36	31	39
1920	72	36	39	47
1921	72	36	47	55
1922	72	36	55	63
1923	72	36	63	71
1924	72	36	8	16
1925	72	36	16	24
1926	72	36	24	32
1927	72	36	32	40
1928	72	36	40	48
1929	72	36	48	56
1930	72	36	56	64
1931	72	36	49	58
1932	72	36	58	67
1933	72	36	41	50
1934	72	36	50	59
1935	72	36	59	68
1936	72	36	33	42
1937	72	36	42	51
1938	72	36	51	60
1939	72	36	60	69
1940	72	36	25	34
1941	72	36	34	43
1942	72	36	43	52
1943	72	36	52	61
1944	72	36	61	70
1945	72	36	17	26
1946	72	36	26	35
1947	72	36	35	44
1948	72	36	44	53
1949	72	36	53	62
1950	72	36	62	71
1951	72	36	9	18
1952	72	36	18	27
1953	72	36	45	54
1954	72	36	54	63
1955	72	36	1	10
1956	72	36	10	19
1957	72	36	19	28
1958	72	36	28	37
1959	72	36	37	46
1960	72	36	46	55
1961	72	36	55	64
1962	72	36	2	11
1963	72	36	11	20
1964	72	36	20	29
1965	72	36	29	38
1966	72	36	38	47
1967	72	36	47	56
1968	72	36	3	12
1969	72	36	12	21
1970	72	36	21	30
1971	72	36	30	39
1972	72	36	39	48
1973	72	36	4	13
1974	72	36	13	22
1975	72	36	22	31
1976	72	36	31	40
1977	72	36	5	14
1978	72	36	14	23
1979	72	36	23	32
1980	72	36	6	15
1981	72	36	15	24
1982	72	36	7	16
1983	72	36	56	63
1984	72	36	63	70
1985	72	36	48	55
1986	72	36	55	62
1987	72	36	62	69
1988	72	36	40	47
1989	72	36	47	54
1990	72	36	54	61
1991	72	36	61	68
1992	72	36	32	39
1993	72	36	39	46
1994	72	36	46	53
1995	72	36	53	60
1996	72	36	60	67
1997	72	36	24	31
1998	72	36	31	38
1999	72	36	38	45
2000	72	36	45	52
2001	72	36	52	59
2002	72	36	59	66
2003	72	36	16	23
2004	72	36	23	30
2005	72	36	30	37
2006	72	36	37	44
2007	72	36	44	51
2008	72	36	51	58
2009	72	36	8	15
2010	72	36	15	22
2011	72	36	22	29
2012	72	36	43	50
2013	72	36	50	57
2014	72	36	7	14
2015	72	36	14	21
2016	72	36	21	28
2017	72	36	28	35
2018	72	36	35	42
2019	72	36	42	49
2020	72	36	6	13
2021	72	36	13	20
2022	72	36	20	27
2023	72	36	27	34
2024	72	36	34	41
2025	72	36	5	12
2026	72	36	12	19
2027	72	36	19	26
2028	72	36	26	33
2029	72	36	4	11
2030	72	36	11	18
2031	72	36	18	25
2032	72	36	3	10
2033	72	36	10	17
2034	72	36	2	9
2035	72	40	1	2
2036	72	40	2	3
2037	72	40	3	4
2038	72	40	4	5
2039	72	40	5	6
2040	72	40	6	7
2041	72	40	7	8
2042	72	40	9	10
2043	72	40	10	11
2044	72	40	11	12
2045	72	40	12	13
2046	72	40	13	14
2047	72	40	14	15
2048	72	40	15	16
2049	72	40	17	18
2050	72	40	18	19
2051	72	40	19	20
2052	72	40	20	21
2053	72	40	21	22
2054	72	40	22	23
2055	72	40	23	24
2056	72	40	25	26
2057	72	40	26	27
2058	72	40	27	28
2059	72	40	28	29
2060	72	40	29	30
2061	72	40	30	31
2062	72	40	31	32
2063	72	40	33	34
2064	72	40	34	35
2065	72	40	35	36
2066	72	40	36	37
2067	72	40	37	38
2068	72	40	38	39
2069	72	40	41	42
2070	72	40	42	43
2071	72	40	43	44
2072	72	40	44	45
2073	72	40	45	46
2074	72	40	46	47
2075	72	40	47	48
2076	72	40	49	50
2077	72	40	50	51
2078	72	40	51	52
2079	72	40	52	53
2080	72	40	53	54
2081	72	40	54	55
2082	72	40	55	56
2083	72	40	57	58
2084	72	40	58	59
2085	72	40	59	60
2086	72	40	60	61
2087	72	40	61	62
2088	72	40	62	63
2089	72	40	63	64
2090	72	40	66	67
2091	72	40	67	68
2092	72	40	68	69
2093	72	40	69	70
2094	72	40	70	71
2095	72	40	1	9
2096	72	40	9	17
2097	72	40	17	25
2098	72	40	25	33
2099	72	40	33	41
2100	72	40	41	49
2101	72	40	49	57
2102	72	40	2	10
2103	72	40	10	18
2104	72	40	18	26
2105	72	40	26	34
2106	72	40	34	42
2107	72	40	42	50
2108	72	40	50	58
2109	72	40	58	66
2110	72	40	3	11
2111	72	40	11	19
2112	72	40	19	27
2113	72	40	27	35
2114	72	40	35	43
2115	72	40	43	51
2116	72	40	51	59
2117	72	40	59	67
2118	72	40	4	12
2119	72	40	12	20
2120	72	40	20	28
2121	72	40	28	36
2122	72	40	36	44
2123	72	40	44	52
2124	72	40	52	60
2125	72	40	60	68
2126	72	40	5	13
2127	72	40	13	21
2128	72	40	21	29
2129	72	40	29	37
2130	72	40	37	45
2131	72	40	45	53
2132	72	40	53	61
2133	72	40	61	69
2134	72	40	6	14
2135	72	40	14	22
2136	72	40	22	30
2137	72	40	30	38
2138	72	40	38	46
2139	72	40	46	54
2140	72	40	54	62
2141	72	40	62	70
2142	72	40	7	15
2143	72	40	15	23
2144	72	40	23	31
2145	72	40	31	39
2146	72	40	39	47
2147	72	40	47	55
2148	72	40	55	63
2149	72	40	63	71
2150	72	40	8	16
2151	72	40	16	24
2152	72	40	24	32
2153	72	40	48	56
2154	72	40	56	64
2155	72	40	49	58
2156	72	40	58	67
2157	72	40	41	50
2158	72	40	50	59
2159	72	40	59	68
2160	72	40	33	42
2161	72	40	42	51
2162	72	40	51	60
2163	72	40	60	69
2164	72	40	25	34
2165	72	40	34	43
2166	72	40	43	52
2167	72	40	52	61
2168	72	40	61	70
2169	72	40	17	26
2170	72	40	26	35
2171	72	40	35	44
2172	72	40	44	53
2173	72	40	53	62
2174	72	40	62	71
2175	72	40	9	18
2176	72	40	18	27
2177	72	40	27	36
2178	72	40	36	45
2179	72	40	45	54
2180	72	40	54	63
2181	72	40	1	10
2182	72	40	10	19
2183	72	40	19	28
2184	72	40	28	37
2185	72	40	37	46
2186	72	40	46	55
2187	72	40	55	64
2188	72	40	2	11
2189	72	40	11	20
2190	72	40	20	29
2191	72	40	29	38
2192	72	40	38	47
2193	72	40	47	56
2194	72	40	3	12
2195	72	40	12	21
2196	72	40	21	30
2197	72	40	30	39
2198	72	40	39	48
2199	72	40	4	13
2200	72	40	13	22
2201	72	40	22	31
2202	72	40	5	14
2203	72	40	14	23
2204	72	40	23	32
2205	72	40	6	15
2206	72	40	15	24
2207	72	40	7	16
2208	72	40	56	63
2209	72	40	63	70
2210	72	40	48	55
2211	72	40	55	62
2212	72	40	62	69
2213	72	40	47	54
2214	72	40	54	61
2215	72	40	61	68
2216	72	40	32	39
2217	72	40	39	46
2218	72	40	46	53
2219	72	40	53	60
2220	72	40	60	67
2221	72	40	24	31
2222	72	40	31	38
2223	72	40	38	45
2224	72	40	45	52
2225	72	40	52	59
2226	72	40	59	66
2227	72	40	16	23
2228	72	40	23	30
2229	72	40	30	37
2230	72	40	37	44
2231	72	40	44	51
2232	72	40	51	58
2233	72	40	8	15
2234	72	40	15	22
2235	72	40	22	29
2236	72	40	29	36
2237	72	40	36	43
2238	72	40	43	50
2239	72	40	50	57
2240	72	40	7	14
2241	72	40	14	21
2242	72	40	21	28
2243	72	40	28	35
2244	72	40	35	42
2245	72	40	42	49
2246	72	40	6	13
2247	72	40	13	20
2248	72	40	20	27
2249	72	40	27	34
2250	72	40	34	41
2251	72	40	5	12
2252	72	40	12	19
2253	72	40	19	26
2254	72	40	26	33
2255	72	40	4	11
2256	72	40	11	18
2257	72	40	18	25
2258	72	40	3	10
2259	72	40	10	17
2260	72	40	2	9
2261	72	49	1	2
2262	72	49	2	3
2263	72	49	3	4
2264	72	49	4	5
2265	72	49	5	6
2266	72	49	6	7
2267	72	49	7	8
2268	72	49	9	10
2269	72	49	10	11
2270	72	49	11	12
2271	72	49	12	13
2272	72	49	13	14
2273	72	49	14	15
2274	72	49	15	16
2275	72	49	17	18
2276	72	49	18	19
2277	72	49	19	20
2278	72	49	20	21
2279	72	49	21	22
2280	72	49	22	23
2281	72	49	23	24
2282	72	49	25	26
2283	72	49	26	27
2284	72	49	27	28
2285	72	49	28	29
2286	72	49	29	30
2287	72	49	30	31
2288	72	49	31	32
2289	72	49	33	34
2290	72	49	34	35
2291	72	49	35	36
2292	72	49	36	37
2293	72	49	37	38
2294	72	49	38	39
2295	72	49	39	40
2296	72	49	41	42
2297	72	49	42	43
2298	72	49	43	44
2299	72	49	44	45
2300	72	49	45	46
2301	72	49	46	47
2302	72	49	47	48
2303	72	49	50	51
2304	72	49	51	52
2305	72	49	52	53
2306	72	49	53	54
2307	72	49	54	55
2308	72	49	55	56
2309	72	49	57	58
2310	72	49	58	59
2311	72	49	59	60
2312	72	49	60	61
2313	72	49	61	62
2314	72	49	62	63
2315	72	49	63	64
2316	72	49	66	67
2317	72	49	67	68
2318	72	49	68	69
2319	72	49	69	70
2320	72	49	70	71
2321	72	49	1	9
2322	72	49	9	17
2323	72	49	17	25
2324	72	49	25	33
2325	72	49	33	41
2326	72	49	2	10
2327	72	49	10	18
2328	72	49	18	26
2329	72	49	26	34
2330	72	49	34	42
2331	72	49	42	50
2332	72	49	50	58
2333	72	49	58	66
2334	72	49	3	11
2335	72	49	11	19
2336	72	49	19	27
2337	72	49	27	35
2338	72	49	35	43
2339	72	49	43	51
2340	72	49	51	59
2341	72	49	59	67
2342	72	49	4	12
2343	72	49	12	20
2344	72	49	20	28
2345	72	49	28	36
2346	72	49	36	44
2347	72	49	44	52
2348	72	49	52	60
2349	72	49	60	68
2350	72	49	5	13
2351	72	49	13	21
2352	72	49	21	29
2353	72	49	29	37
2354	72	49	37	45
2355	72	49	45	53
2356	72	49	53	61
2357	72	49	61	69
2358	72	49	6	14
2359	72	49	14	22
2360	72	49	22	30
2361	72	49	30	38
2362	72	49	38	46
2363	72	49	46	54
2364	72	49	54	62
2365	72	49	62	70
2366	72	49	7	15
2367	72	49	15	23
2368	72	49	23	31
2369	72	49	31	39
2370	72	49	39	47
2371	72	49	47	55
2372	72	49	55	63
2373	72	49	63	71
2374	72	49	8	16
2375	72	49	16	24
2376	72	49	24	32
2377	72	49	32	40
2378	72	49	40	48
2379	72	49	48	56
2380	72	49	56	64
2381	72	49	58	67
2382	72	49	41	50
2383	72	49	50	59
2384	72	49	59	68
2385	72	49	33	42
2386	72	49	42	51
2387	72	49	51	60
2388	72	49	60	69
2389	72	49	25	34
2390	72	49	34	43
2391	72	49	43	52
2392	72	49	52	61
2393	72	49	61	70
2394	72	49	17	26
2395	72	49	26	35
2396	72	49	35	44
2397	72	49	44	53
2398	72	49	53	62
2399	72	49	62	71
2400	72	49	9	18
2401	72	49	18	27
2402	72	49	27	36
2403	72	49	36	45
2404	72	49	45	54
2405	72	49	54	63
2406	72	49	1	10
2407	72	49	10	19
2408	72	49	19	28
2409	72	49	28	37
2410	72	49	37	46
2411	72	49	46	55
2412	72	49	55	64
2413	72	49	2	11
2414	72	49	11	20
2415	72	49	20	29
2416	72	49	29	38
2417	72	49	38	47
2418	72	49	47	56
2419	72	49	3	12
2420	72	49	12	21
2421	72	49	21	30
2422	72	49	30	39
2423	72	49	39	48
2424	72	49	4	13
2425	72	49	13	22
2426	72	49	22	31
2427	72	49	31	40
2428	72	49	5	14
2429	72	49	14	23
2430	72	49	23	32
2431	72	49	6	15
2432	72	49	15	24
2433	72	49	7	16
2434	72	49	56	63
2435	72	49	63	70
2436	72	49	48	55
2437	72	49	55	62
2438	72	49	62	69
2439	72	49	40	47
2440	72	49	47	54
2441	72	49	54	61
2442	72	49	61	68
2443	72	49	32	39
2444	72	49	39	46
2445	72	49	46	53
2446	72	49	53	60
2447	72	49	60	67
2448	72	49	24	31
2449	72	49	31	38
2450	72	49	38	45
2451	72	49	45	52
2452	72	49	52	59
2453	72	49	59	66
2454	72	49	16	23
2455	72	49	23	30
2456	72	49	30	37
2457	72	49	37	44
2458	72	49	44	51
2459	72	49	51	58
2460	72	49	8	15
2461	72	49	15	22
2462	72	49	22	29
2463	72	49	29	36
2464	72	49	36	43
2465	72	49	43	50
2466	72	49	50	57
2467	72	49	7	14
2468	72	49	14	21
2469	72	49	21	28
2470	72	49	28	35
2471	72	49	35	42
2472	72	49	6	13
2473	72	49	13	20
2474	72	49	20	27
2475	72	49	27	34
2476	72	49	34	41
2477	72	49	5	12
2478	72	49	12	19
2479	72	49	19	26
2480	72	49	26	33
2481	72	49	4	11
2482	72	49	11	18
2483	72	49	18	25
2484	72	49	3	10
2485	72	49	10	17
2486	72	49	2	9
2487	72	52	1	2
2488	72	52	2	3
2489	72	52	3	4
2490	72	52	4	5
2491	72	52	5	6
2492	72	52	6	7
2493	72	52	7	8
2494	72	52	9	10
2495	72	52	10	11
2496	72	52	11	12
2497	72	52	12	13
2498	72	52	13	14
2499	72	52	14	15
2500	72	52	15	16
2501	72	52	17	18
2502	72	52	18	19
2503	72	52	19	20
2504	72	52	20	21
2505	72	52	21	22
2506	72	52	22	23
2507	72	52	23	24
2508	72	52	25	26
2509	72	52	26	27
2510	72	52	27	28
2511	72	52	28	29
2512	72	52	29	30
2513	72	52	30	31
2514	72	52	31	32
2515	72	52	33	34
2516	72	52	34	35
2517	72	52	35	36
2518	72	52	36	37
2519	72	52	37	38
2520	72	52	38	39
2521	72	52	39	40
2522	72	52	41	42
2523	72	52	42	43
2524	72	52	43	44
2525	72	52	44	45
2526	72	52	45	46
2527	72	52	46	47
2528	72	52	47	48
2529	72	52	49	50
2530	72	52	50	51
2531	72	52	53	54
2532	72	52	54	55
2533	72	52	55	56
2534	72	52	57	58
2535	72	52	58	59
2536	72	52	59	60
2537	72	52	60	61
2538	72	52	61	62
2539	72	52	62	63
2540	72	52	63	64
2541	72	52	66	67
2542	72	52	67	68
2543	72	52	68	69
2544	72	52	69	70
2545	72	52	70	71
2546	72	52	1	9
2547	72	52	9	17
2548	72	52	17	25
2549	72	52	25	33
2550	72	52	33	41
2551	72	52	41	49
2552	72	52	49	57
2553	72	52	2	10
2554	72	52	10	18
2555	72	52	18	26
2556	72	52	26	34
2557	72	52	34	42
2558	72	52	42	50
2559	72	52	50	58
2560	72	52	58	66
2561	72	52	3	11
2562	72	52	11	19
2563	72	52	19	27
2564	72	52	27	35
2565	72	52	35	43
2566	72	52	43	51
2567	72	52	51	59
2568	72	52	59	67
2569	72	52	4	12
2570	72	52	12	20
2571	72	52	20	28
2572	72	52	28	36
2573	72	52	36	44
2574	72	52	60	68
2575	72	52	5	13
2576	72	52	13	21
2577	72	52	21	29
2578	72	52	29	37
2579	72	52	37	45
2580	72	52	45	53
2581	72	52	53	61
2582	72	52	61	69
2583	72	52	6	14
2584	72	52	14	22
2585	72	52	22	30
2586	72	52	30	38
2587	72	52	38	46
2588	72	52	46	54
2589	72	52	54	62
2590	72	52	62	70
2591	72	52	7	15
2592	72	52	15	23
2593	72	52	23	31
2594	72	52	31	39
2595	72	52	39	47
2596	72	52	47	55
2597	72	52	55	63
2598	72	52	63	71
2599	72	52	8	16
2600	72	52	16	24
2601	72	52	24	32
2602	72	52	32	40
2603	72	52	40	48
2604	72	52	48	56
2605	72	52	56	64
2606	72	52	49	58
2607	72	52	58	67
2608	72	52	41	50
2609	72	52	50	59
2610	72	52	59	68
2611	72	52	33	42
2612	72	52	42	51
2613	72	52	51	60
2614	72	52	60	69
2615	72	52	25	34
2616	72	52	34	43
2617	72	52	61	70
2618	72	52	17	26
2619	72	52	26	35
2620	72	52	35	44
2621	72	52	44	53
2622	72	52	53	62
2623	72	52	62	71
2624	72	52	9	18
2625	72	52	18	27
2626	72	52	27	36
2627	72	52	36	45
2628	72	52	45	54
2629	72	52	54	63
2630	72	52	1	10
2631	72	52	10	19
2632	72	52	19	28
2633	72	52	28	37
2634	72	52	37	46
2635	72	52	46	55
2636	72	52	55	64
2637	72	52	2	11
2638	72	52	11	20
2639	72	52	20	29
2640	72	52	29	38
2641	72	52	38	47
2642	72	52	47	56
2643	72	52	3	12
2644	72	52	12	21
2645	72	52	21	30
2646	72	52	30	39
2647	72	52	39	48
2648	72	52	4	13
2649	72	52	13	22
2650	72	52	22	31
2651	72	52	31	40
2652	72	52	5	14
2653	72	52	14	23
2654	72	52	23	32
2655	72	52	6	15
2656	72	52	15	24
2657	72	52	7	16
2658	72	52	56	63
2659	72	52	63	70
2660	72	52	48	55
2661	72	52	55	62
2662	72	52	62	69
2663	72	52	40	47
2664	72	52	47	54
2665	72	52	54	61
2666	72	52	61	68
2667	72	52	32	39
2668	72	52	39	46
2669	72	52	46	53
2670	72	52	53	60
2671	72	52	60	67
2672	72	52	24	31
2673	72	52	31	38
2674	72	52	38	45
2675	72	52	59	66
2676	72	52	16	23
2677	72	52	23	30
2678	72	52	30	37
2679	72	52	37	44
2680	72	52	44	51
2681	72	52	51	58
2682	72	52	8	15
2683	72	52	15	22
2684	72	52	22	29
2685	72	52	29	36
2686	72	52	36	43
2687	72	52	43	50
2688	72	52	50	57
2689	72	52	7	14
2690	72	52	14	21
2691	72	52	21	28
2692	72	52	28	35
2693	72	52	35	42
2694	72	52	42	49
2695	72	52	6	13
2696	72	52	13	20
2697	72	52	20	27
2698	72	52	27	34
2699	72	52	34	41
2700	72	52	5	12
2701	72	52	12	19
2702	72	52	19	26
2703	72	52	26	33
2704	72	52	4	11
2705	72	52	11	18
2706	72	52	18	25
2707	72	52	3	10
2708	72	52	10	17
2709	72	52	2	9
2710	72	64	1	2
2711	72	64	2	3
2712	72	64	3	4
2713	72	64	4	5
2714	72	64	5	6
2715	72	64	6	7
2716	72	64	7	8
2717	72	64	9	10
2718	72	64	10	11
2719	72	64	11	12
2720	72	64	12	13
2721	72	64	13	14
2722	72	64	14	15
2723	72	64	15	16
2724	72	64	17	18
2725	72	64	18	19
2726	72	64	19	20
2727	72	64	20	21
2728	72	64	21	22
2729	72	64	22	23
2730	72	64	23	24
2731	72	64	25	26
2732	72	64	26	27
2733	72	64	27	28
2734	72	64	28	29
2735	72	64	29	30
2736	72	64	30	31
2737	72	64	31	32
2738	72	64	33	34
2739	72	64	34	35
2740	72	64	35	36
2741	72	64	36	37
2742	72	64	37	38
2743	72	64	38	39
2744	72	64	39	40
2745	72	64	41	42
2746	72	64	42	43
2747	72	64	43	44
2748	72	64	44	45
2749	72	64	45	46
2750	72	64	46	47
2751	72	64	47	48
2752	72	64	49	50
2753	72	64	50	51
2754	72	64	51	52
2755	72	64	52	53
2756	72	64	53	54
2757	72	64	54	55
2758	72	64	55	56
2759	72	64	57	58
2760	72	64	58	59
2761	72	64	59	60
2762	72	64	60	61
2763	72	64	61	62
2764	72	64	62	63
2765	72	64	66	67
2766	72	64	67	68
2767	72	64	68	69
2768	72	64	69	70
2769	72	64	70	71
2770	72	64	1	9
2771	72	64	9	17
2772	72	64	17	25
2773	72	64	25	33
2774	72	64	33	41
2775	72	64	41	49
2776	72	64	49	57
2777	72	64	2	10
2778	72	64	10	18
2779	72	64	18	26
2780	72	64	26	34
2781	72	64	34	42
2782	72	64	42	50
2783	72	64	50	58
2784	72	64	58	66
2785	72	64	3	11
2786	72	64	11	19
2787	72	64	19	27
2788	72	64	27	35
2789	72	64	35	43
2790	72	64	43	51
2791	72	64	51	59
2792	72	64	59	67
2793	72	64	4	12
2794	72	64	12	20
2795	72	64	20	28
2796	72	64	28	36
2797	72	64	36	44
2798	72	64	44	52
2799	72	64	52	60
2800	72	64	60	68
2801	72	64	5	13
2802	72	64	13	21
2803	72	64	21	29
2804	72	64	29	37
2805	72	64	37	45
2806	72	64	45	53
2807	72	64	53	61
2808	72	64	61	69
2809	72	64	6	14
2810	72	64	14	22
2811	72	64	22	30
2812	72	64	30	38
2813	72	64	38	46
2814	72	64	46	54
2815	72	64	54	62
2816	72	64	62	70
2817	72	64	7	15
2818	72	64	15	23
2819	72	64	23	31
2820	72	64	31	39
2821	72	64	39	47
2822	72	64	47	55
2823	72	64	55	63
2824	72	64	63	71
2825	72	64	8	16
2826	72	64	16	24
2827	72	64	24	32
2828	72	64	32	40
2829	72	64	40	48
2830	72	64	48	56
2831	72	64	49	58
2832	72	64	58	67
2833	72	64	41	50
2834	72	64	50	59
2835	72	64	59	68
2836	72	64	33	42
2837	72	64	42	51
2838	72	64	51	60
2839	72	64	60	69
2840	72	64	25	34
2841	72	64	34	43
2842	72	64	43	52
2843	72	64	52	61
2844	72	64	61	70
2845	72	64	17	26
2846	72	64	26	35
2847	72	64	35	44
2848	72	64	44	53
2849	72	64	53	62
2850	72	64	62	71
2851	72	64	9	18
2852	72	64	18	27
2853	72	64	27	36
2854	72	64	36	45
2855	72	64	45	54
2856	72	64	54	63
2857	72	64	1	10
2858	72	64	10	19
2859	72	64	19	28
2860	72	64	28	37
2861	72	64	37	46
2862	72	64	46	55
2863	72	64	2	11
2864	72	64	11	20
2865	72	64	20	29
2866	72	64	29	38
2867	72	64	38	47
2868	72	64	47	56
2869	72	64	3	12
2870	72	64	12	21
2871	72	64	21	30
2872	72	64	30	39
2873	72	64	39	48
2874	72	64	4	13
2875	72	64	13	22
2876	72	64	22	31
2877	72	64	31	40
2878	72	64	5	14
2879	72	64	14	23
2880	72	64	23	32
2881	72	64	6	15
2882	72	64	15	24
2883	72	64	7	16
2884	72	64	56	63
2885	72	64	63	70
2886	72	64	48	55
2887	72	64	55	62
2888	72	64	62	69
2889	72	64	40	47
2890	72	64	47	54
2891	72	64	54	61
2892	72	64	61	68
2893	72	64	32	39
2894	72	64	39	46
2895	72	64	46	53
2896	72	64	53	60
2897	72	64	60	67
2898	72	64	24	31
2899	72	64	31	38
2900	72	64	38	45
2901	72	64	45	52
2902	72	64	52	59
2903	72	64	59	66
2904	72	64	16	23
2905	72	64	23	30
2906	72	64	30	37
2907	72	64	37	44
2908	72	64	44	51
2909	72	64	51	58
2910	72	64	8	15
2911	72	64	15	22
2912	72	64	22	29
2913	72	64	29	36
2914	72	64	36	43
2915	72	64	43	50
2916	72	64	50	57
2917	72	64	7	14
2918	72	64	14	21
2919	72	64	21	28
2920	72	64	28	35
2921	72	64	35	42
2922	72	64	42	49
2923	72	64	6	13
2924	72	64	13	20
2925	72	64	20	27
2926	72	64	27	34
2927	72	64	34	41
2928	72	64	5	12
2929	72	64	12	19
2930	72	64	19	26
2931	72	64	26	33
2932	72	64	4	11
2933	72	64	11	18
2934	72	64	18	25
2935	72	64	3	10
2936	72	64	10	17
2937	72	64	2	9
