#	X	Y	Z
1	1.00	0.00	0.00
2	2.00	0.00	0.00
3	3.00	0.00	0.00
4	4.00	0.00	0.00
5	5.00	0.00	0.00
6	6.00	0.00	0.00
7	7.00	0.00	0.00
8	8.00	0.00	0.00
9	9.00	0.00	0.00
10	10.00	0.00	0.00
11	11.00	0.00	0.00
12	12.00	0.00	0.00
13	13.00	0.00	0.00
14	14.00	0.00	0.00
15	15.00	0.00	0.00
16	16.00	0.00	0.00
17	17.00	0.00	0.00
18	18.00	0.00	0.00
19	19.00	0.00	0.00
20	20.00	0.00	0.00
21	21.00	0.00	0.00
22	22.00	0.00	0.00
23	23.00	0.00	0.00
24	24.00	0.00	0.00
25	25.00	0.00	0.00
26	26.00	0.00	0.00
27	27.00	0.00	0.00
28	28.00	0.00	0.00
29	29.00	0.00	0.00
30	30.00	0.00	0.00
31	31.00	0.00	0.00
32	32.00	0.00	0.00
33	33.00	0.00	0.00
34	34.00	0.00	0.00
35	35.00	0.00	0.00
36	36.00	0.00	0.00
37	37.00	0.00	0.00
38	38.00	0.00	0.00
39	39.00	0.00	0.00
40	40.00	0.00	0.00
41	41.00	0.00	0.00
42	42.00	0.00	0.00
43	43.00	0.00	0.00
44	44.00	0.00	0.00
45	45.00	0.00	0.00
46	46.00	0.00	0.00
47	47.00	0.00	0.00
48	48.00	0.00	0.00
49	49.00	0.00	0.00
50	50.00	0.00	0.00
51	51.00	0.00	0.00
52	52.00	0.00	0.00
53	53.00	0.00	0.00
54	54.00	0.00	0.00
55	55.00	0.00	0.00
56	56.00	0.00	0.00
57	57.00	0.00	0.00
58	58.00	0.00	0.00
59	59.00	0.00	0.00
60	60.00	0.00	0.00
61	61.00	0.00	0.00
62	62.00	0.00	0.00
63	63.00	0.00	0.00
64	64.00	0.00	0.00
65	65.00	0.00	0.00
66	66.00	0.00	0.00
67	67.00	0.00	0.00
68	68.00	0.00	0.00
69	69.00	0.00	0.00
70	70.00	0.00	0.00
71	71.00	0.00	0.00
72	72.00	0.00	0.00
#	A	B	M	N
1	1	2	72	57
2	2	3	72	57
3	3	4	72	57
4	4	5	72	57
5	5	6	72	57
6	6	7	72	57
7	7	8	72	57
8	8	16	72	57
9	16	24	72	57
10	24	32	72	57
11	9	10	72	57
12	10	11	72	57
13	11	12	72	57
14	12	13	72	57
15	13	14	72	57
16	14	15	72	57
17	15	16	72	57
18	16	23	72	57
19	23	24	72	57
20	24	31	72	57
21	17	18	72	57
22	18	19	72	57
23	19	20	72	57
24	20	21	72	57
25	21	22	72	57
26	22	23	72	57
27	23	31	72	57
28	31	32	72	57
29	32	40	72	57
30	40	48	72	57
31	25	26	72	57
32	26	27	72	57
33	27	28	72	57
34	28	29	72	57
35	29	30	72	57
36	30	31	72	57
37	31	39	72	57
38	39	40	72	57
39	40	47	72	57
40	47	48	72	57
41	33	34	72	57
42	34	35	72	57
43	35	36	72	57
44	36	37	72	57
45	37	38	72	57
46	38	39	72	57
47	39	47	72	57
48	47	55	72	57
49	55	56	72	57
50	56	64	72	57
51	41	42	72	57
52	42	43	72	57
53	43	44	72	57
54	44	45	72	57
55	45	46	72	57
56	46	47	72	57
57	47	56	72	57
58	56	63	72	57
59	63	64	72	57
60	64	55	72	57
61	49	50	72	57
62	50	51	72	57
63	51	52	72	57
64	52	53	72	57
65	53	54	72	57
66	54	55	72	57
67	55	63	72	57
68	63	71	72	57
69	71	70	72	57
70	70	63	72	57
71	58	59	72	57
72	59	60	72	57
73	60	61	72	57
74	61	62	72	57
75	62	63	72	57
76	63	54	72	57
77	54	46	72	57
78	46	38	72	57
79	38	30	72	57
80	30	22	72	57
81	65	66	72	57
82	66	67	72	57
83	67	68	72	57
84	68	69	72	57
85	69	70	72	57
86	70	62	72	57
87	62	54	72	57
88	54	45	72	57
89	45	37	72	57
90	37	29	72	57
91	1	9	72	57
92	9	17	72	57
93	17	25	72	57
94	25	33	72	57
95	33	41	72	57
96	41	49	72	57
97	49	58	72	57
98	58	66	72	57
99	66	59	72	57
100	59	51	72	57
101	2	10	72	57
102	10	18	72	57
103	18	26	72	57
104	26	34	72	57
105	34	42	72	57
106	42	50	72	57
107	50	58	72	57
108	58	67	72	57
109	67	59	72	57
110	59	50	72	57
111	3	11	72	57
112	11	19	72	57
113	19	27	72	57
114	27	35	72	57
115	35	43	72	57
116	43	51	72	57
117	51	42	72	57
118	42	33	72	57
119	33	26	72	57
120	26	17	72	57
121	4	12	72	57
122	12	20	72	57
123	20	28	72	57
124	28	36	72	57
125	36	44	72	57
126	44	52	72	57
127	52	60	72	57
128	60	68	72	57
129	68	59	72	57
130	59	52	72	57
131	5	13	72	57
132	13	21	72	57
133	21	29	72	57
134	29	20	72	57
135	20	11	72	57
136	11	2	72	57
137	2	9	72	57
138	9	18	72	57
139	18	11	72	57
140	11	4	72	57
141	45	53	72	57
142	53	61	72	57
143	61	69	72	57
144	69	60	72	57
145	60	53	72	57
146	53	44	72	57
147	44	35	72	57
148	35	26	72	57
149	26	19	72	57
150	19	10	72	57
151	6	14	72	57
152	14	22	72	57
153	22	13	72	57
154	13	4	72	57
155	4	7	72	57
156	7	15	72	57
157	15	23	72	57
158	23	32	72	57
159	32	39	72	57
160	39	48	72	57
161	48	56	72	57
162	56	41	72	57
163	41	50	72	57
164	50	43	72	57
165	43	34	72	57
166	34	25	72	57
167	25	18	72	57
168	18	27	72	57
169	27	36	72	57
170	36	45	72	57
171	45	38	72	57
172	38	29	72	57
173	29	51	72	57
174	51	60	72	57
175	60	67	72	57
176	67	10	72	57
177	10	1	72	57
178	1	43	72	57
179	43	52	72	57
180	52	61	72	57
181	61	70	72	57
182	70	53	72	57
183	53	62	72	57
184	62	71	72	57
185	71	29	72	57
186	29	22	72	57
187	22	31	72	57
188	31	40	72	57
189	40	19	72	57
190	19	28	72	57
191	28	37	72	57
192	37	46	72	57
193	46	55	72	57
194	55	62	72	57
195	62	69	72	57
196	69	38	72	57
197	38	47	72	57
198	47	54	72	57
199	54	61	72	57
200	61	68	72	57
201	3	12	72	57
202	12	21	72	57
203	21	30	72	57
204	30	39	72	57
205	39	46	72	57
206	46	53	72	57
207	53	5	72	57
208	5	14	72	57
209	14	23	72	57
210	23	30	72	57
211	30	37	72	57
212	37	44	72	57
213	44	51	72	57
214	51	58	72	57
215	58	65	72	57
216	65	6	72	57
217	6	15	72	57
218	15	24	72	57
219	24	7	72	57
220	7	16	72	57
221	48	55	72	57
222	55	31	72	57
223	31	38	72	57
224	38	45	72	57
225	45	52	72	57
226	52	8	72	57
227	8	15	72	57
228	15	22	72	57
229	22	29	72	57
230	29	36	72	57
231	36	43	72	57
232	43	7	72	57
233	7	14	72	57
234	14	21	72	57
235	21	28	72	57
236	28	35	72	57
237	35	42	72	57
238	42	49	72	57
239	49	6	72	57
240	6	13	72	57
241	13	20	72	57
242	20	27	72	57
243	27	34	72	57
244	34	41	72	57
245	41	5	72	57
246	5	12	72	57
247	12	19	72	57
248	19	3	72	57
249	3	10	72	57
250	10	17	72	57
#	Level
1	0
2	0
3	0
4	0
5	0
6	0
7	0
8	0
9	0
10	0
11	0
12	0
13	0
14	0
15	0
16	0
17	0
18	0
19	0
20	0
21	0
22	0
23	0
24	0
25	0
26	0
27	0
28	0
29	0
30	0
31	0
32	0
33	0
34	0
35	0
36	0
37	0
38	0
39	0
40	0
41	0
42	0
43	0
44	0
45	0
46	0
47	0
48	0
49	0
50	0
51	0
52	0
53	0
54	0
55	0
56	0
57	0
58	0
59	0
60	0
61	0
62	0
63	0
64	0
65	0
66	0
67	0
68	0
69	0
70	0
71	0
72	0
73	0
74	0
75	0
76	0
77	0
78	0
79	0
80	0
81	0
82	0
83	0
84	0
85	0
86	0
87	0
88	0
89	0
90	0
91	0
92	0
93	0
94	0
95	0
96	0
97	0
98	0
99	0
100	0
101	0
102	0
103	0
104	0
105	0
106	0
107	0
108	0
109	0
110	0
111	0
112	0
113	0
114	0
115	0
116	0
117	0
118	0
119	0
120	0
121	0
122	0
123	0
124	0
125	0
126	0
127	0
128	0
129	0
130	0
131	0
132	0
133	0
134	0
135	0
136	0
137	0
138	0
139	0
140	0
141	0
142	0
143	0
144	0
145	0
146	0
147	0
148	0
149	0
150	0
151	0
152	0
153	0
154	0
155	-1
156	0
157	0
158	0
159	0
160	0
161	0
162	-1
163	0
164	0
165	0
166	0
167	0
168	0
169	0
170	0
171	0
172	0
173	-1
174	0
175	0
176	-1
177	0
178	-1
179	0
180	0
181	0
182	-1
183	0
184	0
185	-1
186	0
187	0
188	0
189	-1
190	0
191	0
192	0
193	0
194	0
195	0
196	-1
197	0
198	0
199	0
200	0
201	0
202	0
203	0
204	0
205	0
206	0
207	-1
208	0
209	0
210	0
211	0
212	0
213	0
214	0
215	0
216	-1
217	0
218	0
219	-1
220	0
221	0
222	-1
223	0
224	-1
225	0
226	-1
227	0
228	0
229	-1
230	0
231	0
232	-1
233	0
234	0
235	0
236	0
237	0
238	0
239	-1
240	0
241	0
242	0
243	0
244	0
245	-1
246	0
247	0
248	-1
249	0
250	0
