#	X	Y	Z
1	1.00	0.00	0.00
2	2.00	0.00	0.00
3	3.00	0.00	0.00
4	4.00	0.00	0.00
5	5.00	0.00	0.00
6	6.00	0.00	0.00
7	7.00	0.00	0.00
8	8.00	0.00	0.00
9	9.00	0.00	0.00
10	10.00	0.00	0.00
11	11.00	0.00	0.00
12	12.00	0.00	0.00
13	13.00	0.00	0.00
14	14.00	0.00	0.00
15	15.00	0.00	0.00
16	16.00	0.00	0.00
17	17.00	0.00	0.00
18	18.00	0.00	0.00
19	19.00	0.00	0.00
20	20.00	0.00	0.00
21	21.00	0.00	0.00
22	22.00	0.00	0.00
23	23.00	0.00	0.00
24	24.00	0.00	0.00
25	25.00	0.00	0.00
26	26.00	0.00	0.00
27	27.00	0.00	0.00
28	28.00	0.00	0.00
29	29.00	0.00	0.00
30	30.00	0.00	0.00
31	31.00	0.00	0.00
32	32.00	0.00	0.00
33	33.00	0.00	0.00
34	34.00	0.00	0.00
35	35.00	0.00	0.00
36	36.00	0.00	0.00
37	37.00	0.00	0.00
38	38.00	0.00	0.00
39	39.00	0.00	0.00
40	40.00	0.00	0.00
41	41.00	0.00	0.00
42	42.00	0.00	0.00
43	43.00	0.00	0.00
44	44.00	0.00	0.00
45	45.00	0.00	0.00
46	46.00	0.00	0.00
47	47.00	0.00	0.00
48	48.00	0.00	0.00
49	49.00	0.00	0.00
50	50.00	0.00	0.00
51	51.00	0.00	0.00
52	52.00	0.00	0.00
53	53.00	0.00	0.00
54	54.00	0.00	0.00
55	55.00	0.00	0.00
56	56.00	0.00	0.00
57	57.00	0.00	0.00
58	58.00	0.00	0.00
59	59.00	0.00	0.00
60	60.00	0.00	0.00
61	61.00	0.00	0.00
62	62.00	0.00	0.00
63	63.00	0.00	0.00
64	64.00	0.00	0.00
65	65.00	0.00	0.00
66	66.00	0.00	0.00
67	67.00	0.00	0.00
68	68.00	0.00	0.00
69	69.00	0.00	0.00
70	70.00	0.00	0.00
71	71.00	0.00	0.00
72	72.00	0.00	0.00
#	A	B	M	N
1	72	57	1	2
2	72	57	2	3
3	72	57	3	4
4	72	57	4	5
5	72	57	5	6
6	72	57	6	7
7	72	57	7	8
8	72	57	8	16
9	72	57	16	24
10	72	57	24	32
11	72	57	9	10
12	72	57	10	11
13	72	57	11	12
14	72	57	12	13
15	72	57	13	14
16	72	57	14	15
17	72	57	15	16
18	72	57	16	23
19	72	57	23	24
20	72	57	24	31
21	72	57	17	18
22	72	57	18	19
23	72	57	19	20
24	72	57	20	21
25	72	57	21	22
26	72	57	22	23
27	72	57	23	31
28	72	57	31	32
29	72	57	32	40
30	72	57	40	48
31	72	57	25	26
32	72	57	26	27
33	72	57	27	28
34	72	57	28	29
35	72	57	29	30
36	72	57	30	31
37	72	57	31	39
38	72	57	39	40
39	72	57	40	47
40	72	57	47	48
41	72	57	33	34
42	72	57	34	35
43	72	57	35	36
44	72	57	36	37
45	72	57	37	38
46	72	57	38	39
47	72	57	39	47
48	72	57	47	55
49	72	57	55	56
50	72	57	56	64
51	72	57	41	42
52	72	57	42	43
53	72	57	43	44
54	72	57	44	45
55	72	57	45	46
56	72	57	46	47
57	72	57	47	56
58	72	57	56	63
59	72	57	63	64
60	72	57	64	55
61	72	57	49	50
62	72	57	50	51
63	72	57	51	52
64	72	57	52	53
65	72	57	53	54
66	72	57	54	55
67	72	57	55	63
68	72	57	63	71
69	72	57	71	70
70	72	57	70	63
71	72	57	58	59
72	72	57	59	60
73	72	57	60	61
74	72	57	61	62
75	72	57	62	63
76	72	57	63	54
77	72	57	54	46
78	72	57	46	38
79	72	57	38	30
80	72	57	30	22
81	72	57	65	66
82	72	57	66	67
83	72	57	67	68
84	72	57	68	69
85	72	57	69	70
86	72	57	70	62
87	72	57	62	54
88	72	57	54	45
89	72	57	45	37
90	72	57	37	29
91	72	57	1	9
92	72	57	9	17
93	72	57	17	25
94	72	57	25	33
95	72	57	33	41
96	72	57	41	49
97	72	57	49	58
98	72	57	58	66
99	72	57	66	59
100	72	57	59	51
101	72	57	2	10
102	72	57	10	18
103	72	57	18	26
104	72	57	26	34
105	72	57	34	42
106	72	57	42	50
107	72	57	50	58
108	72	57	58	67
109	72	57	67	59
110	72	57	59	50
111	72	57	3	11
112	72	57	11	19
113	72	57	19	27
114	72	57	27	35
115	72	57	35	43
116	72	57	43	51
117	72	57	51	42
118	72	57	42	33
119	72	57	33	26
120	72	57	26	17
121	72	57	4	12
122	72	57	12	20
123	72	57	20	28
124	72	57	28	36
125	72	57	36	44
126	72	57	44	52
127	72	57	52	60
128	72	57	60	68
129	72	57	68	59
130	72	57	59	52
131	72	57	5	13
132	72	57	13	21
133	72	57	21	29
134	72	57	29	20
135	72	57	20	11
136	72	57	11	2
137	72	57	2	9
138	72	57	9	18
139	72	57	18	11
140	72	57	11	4
141	72	57	45	53
142	72	57	53	61
143	72	57	61	69
144	72	57	69	60
145	72	57	60	53
146	72	57	53	44
147	72	57	44	35
148	72	57	35	26
149	72	57	26	19
150	72	57	19	10
151	72	57	6	14
152	72	57	14	22
153	72	57	22	13
154	72	57	13	4
155	72	57	4	7
156	72	57	7	15
157	72	57	15	23
158	72	57	23	32
159	72	57	32	39
160	72	57	39	48
161	72	57	48	56
162	72	57	56	41
163	72	57	41	50
164	72	57	50	43
165	72	57	43	34
166	72	57	34	25
167	72	57	25	18
168	72	57	18	27
169	72	57	27	36
170	72	57	36	45
171	72	57	45	38
172	72	57	38	29
173	72	57	29	51
174	72	57	51	60
175	72	57	60	67
176	72	57	67	10
177	72	57	10	1
178	72	57	1	43
179	72	57	43	52
180	72	57	52	61
181	72	57	61	70
182	72	57	70	53
183	72	57	53	62
184	72	57	62	71
185	72	57	71	29
186	72	57	29	22
187	72	57	22	31
188	72	57	31	40
189	72	57	40	19
190	72	57	19	28
191	72	57	28	37
192	72	57	37	46
193	72	57	46	55
194	72	57	55	62
195	72	57	62	69
196	72	57	69	38
197	72	57	38	47
198	72	57	47	54
199	72	57	54	61
200	72	57	61	68
201	72	57	3	12
202	72	57	12	21
203	72	57	21	30
204	72	57	30	39
205	72	57	39	46
206	72	57	46	53
207	72	57	53	5
208	72	57	5	14
209	72	57	14	23
210	72	57	23	30
211	72	57	30	37
212	72	57	37	44
213	72	57	44	51
214	72	57	51	58
215	72	57	58	65
216	72	57	65	6
217	72	57	6	15
218	72	57	15	24
219	72	57	24	7
220	72	57	7	16
221	72	57	48	55
222	72	57	55	31
223	72	57	31	38
224	72	57	38	45
225	72	57	45	52
226	72	57	52	8
227	72	57	8	15
228	72	57	15	22
229	72	57	22	29
230	72	57	29	36
231	72	57	36	43
232	72	57	43	7
233	72	57	7	14
234	72	57	14	21
235	72	57	21	28
236	72	57	28	35
237	72	57	35	42
238	72	57	42	49
239	72	57	49	6
240	72	57	6	13
241	72	57	13	20
242	72	57	20	27
243	72	57	27	34
244	72	57	34	41
245	72	57	41	5
246	72	57	5	12
247	72	57	12	19
248	72	57	19	3
249	72	57	3	10
250	72	57	10	17
#	Level
1	0
2	0
3	0
4	0
5	0
6	0
7	0
8	0
9	0
10	0
11	0
12	0
13	0
14	0
15	0
16	0
17	0
18	0
19	0
20	0
21	0
22	0
23	0
24	0
25	0
26	0
27	0
28	0
29	0
30	0
31	0
32	0
33	0
34	0
35	0
36	0
37	0
38	0
39	0
40	0
41	0
42	0
43	0
44	0
45	0
46	0
47	0
48	0
49	0
50	0
51	0
52	0
53	0
54	0
55	0
56	0
57	0
58	0
59	0
60	0
61	0
62	0
63	0
64	0
65	0
66	0
67	0
68	0
69	0
70	0
71	0
72	0
73	0
74	0
75	0
76	0
77	0
78	0
79	0
80	0
81	0
82	0
83	0
84	0
85	0
86	0
87	0
88	0
89	0
90	0
91	0
92	0
93	0
94	0
95	0
96	0
97	0
98	0
99	0
100	0
101	0
102	0
103	0
104	0
105	0
106	0
107	0
108	0
109	0
110	0
111	0
112	0
113	0
114	0
115	0
116	0
117	0
118	0
119	0
120	0
121	0
122	0
123	0
124	0
125	0
126	0
127	0
128	0
129	0
130	0
131	0
132	0
133	0
134	0
135	0
136	0
137	0
138	0
139	0
140	0
141	0
142	0
143	0
144	0
145	0
146	0
147	0
148	0
149	0
150	0
151	0
152	0
153	0
154	0
155	-1
156	0
157	0
158	0
159	0
160	0
161	0
162	-1
163	0
164	0
165	0
166	0
167	0
168	0
169	0
170	0
171	0
172	0
173	-1
174	0
175	0
176	-1
177	0
178	-1
179	0
180	0
181	0
182	-1
183	0
184	0
185	-1
186	0
187	0
188	0
189	-1
190	0
191	0
192	0
193	0
194	0
195	0
196	-1
197	0
198	0
199	0
200	0
201	0
202	0
203	0
204	0
205	0
206	0
207	-1
208	0
209	0
210	0
211	0
212	0
213	0
214	0
215	0
216	-1
217	0
218	0
219	-1
220	0
221	0
222	-1
223	0
224	-1
225	0
226	-1
227	0
228	0
229	-1
230	0
231	0
232	-1
233	0
234	0
235	0
236	0
237	0
238	0
239	-1
240	0
241	0
242	0
243	0
244	0
245	-1
246	0
247	0
248	-1
249	0
250	0
