# X Y Z
1 1.00 0.00 0.00
2 2.00 0.00 0.00
3 3.00 0.00 0.00
4 4.00 0.00 0.00
5 5.00 0.00 0.00
6 6.00 0.00 0.00
7 7.00 0.00 0.00
8 8.00 0.00 0.00
9 9.00 0.00 0.00
10 10.00 0.00 0.00
11 11.00 0.00 0.00
12 12.00 0.00 0.00
13 13.00 0.00 0.00
14 14.00 0.00 0.00
15 15.00 0.00 0.00
16 16.00 0.00 0.00
17 17.00 0.00 0.00
18 18.00 0.00 0.00
19 19.00 0.00 0.00
20 20.00 0.00 0.00
21 21.00 0.00 0.00
22 22.00 0.00 0.00
23 23.00 0.00 0.00
24 24.00 0.00 0.00
25 25.00 0.00 0.00
26 26.00 0.00 0.00
27 27.00 0.00 0.00
28 28.00 0.00 0.00
29 29.00 0.00 0.00
30 30.00 0.00 0.00
31 31.00 0.00 0.00
32 32.00 0.00 0.00
33 33.00 0.00 0.00
34 34.00 0.00 0.00
35 35.00 0.00 0.00
36 36.00 0.00 0.00
37 37.00 0.00 0.00
38 38.00 0.00 0.00
39 39.00 0.00 0.00
40 40.00 0.00 0.00
41 41.00 0.00 0.00
42 42.00 0.00 0.00
43 43.00 0.00 0.00
44 44.00 0.00 0.00
45 45.00 0.00 0.00
46 46.00 0.00 0.00
47 47.00 0.00 0.00
48 48.00 0.00 0.00
49 49.00 0.00 0.00
50 50.00 0.00 0.00
51 51.00 0.00 0.00
52 52.00 0.00 0.00
53 53.00 0.00 0.00
54 54.00 0.00 0.00
55 55.00 0.00 0.00
56 56.00 0.00 0.00
57 57.00 0.00 0.00
58 58.00 0.00 0.00
59 59.00 0.00 0.00
60 60.00 0.00 0.00
61 61.00 0.00 0.00
62 62.00 0.00 0.00
63 63.00 0.00 0.00
64 64.00 0.00 0.00
65 65.00 0.00 0.00
66 66.00 0.00 0.00
67 67.00 0.00 0.00
68 68.00 0.00 0.00
69 69.00 0.00 0.00
70 70.00 0.00 0.00
71 71.00 0.00 0.00
72 72.00 0.00 0.00
# A	 B	  M	   N
1	72	57	1	2
2	72	57	2	3
3	72	57	3	4
4	72	57	4	5
5	72	57	5	6
6	72	57	6	7
7	72	57	7	8
8	72	57	8	16
9	72	57	16	24
10	72	57	24	32
11	72	57	9	10
12	72	57	10	11
13	72	57	11	12
14	72	57	12	13
15	72	57	13	14
16	72	57	14	15
17	72	57	15	16
18	72	57	16	23
19	72	57	23	24
20	72	57	24	31
21	72	57	17	18
22	72	57	18	19
23	72	57	19	20
24	72	57	20	21
25	72	57	21	22
26	72	57	22	23
27	72	57	23	31
28	72	57	31	32
29	72	57	32	40
30	72	57	40	48
31	72	57	25	26
32	72	57	26	27
33	72	57	27	28
34	72	57	28	29
35	72	57	29	30
36	72	57	30	31
37	72	57	31	39
38	72	57	39	40
39	72	57	40	47
40	72	57	47	48
41	72	57	33	34
42	72	57	34	35
43	72	57	35	36
44	72	57	36	37
45	72	57	37	38
46	72	57	38	39
47	72	57	39	47
48	72	57	47	55
49	72	57	55	56
50	72	57	56	64
51	72	57	41	42
52	72	57	42	43
53	72	57	43	44
54	72	57	44	45
55	72	57	45	46
56	72	57	46	47
57	72	57	47	56
58	72	57	56	63
59	72	57	63	64
60	72	57	64	55
61	72	57	49	50
62	72	57	50	51
63	72	57	51	52
64	72	57	52	53
65	72	57	53	54
66	72	57	54	55
67	72	57	55	63
68	72	57	63	71
69	72	57	71	70
70	72	57	70	63
71	72	57	58	59
72	72	57	59	60
73	72	57	60	61
74	72	57	61	62
75	72	57	62	63
76	72	57	63	54
77	72	57	54	46
78	72	57	46	38
79	72	57	38	30
80	72	57	30	22
81	72	57	65	66
82	72	57	66	67
83	72	57	67	68
84	72	57	68	69
85	72	57	69	70
86	72	57	70	62
87	72	57	62	54
88	72	57	54	45
89	72	57	45	37
90	72	57	37	29
91	72	57	1	9
92	72	57	9	17
93	72	57	17	25
94	72	57	25	33
95	72	57	33	41
96	72	57	41	49
97	72	57	49	58
98	72	57	58	66
99	72	57	66	59
100	72	57	59	51
101	72	57	2	10
102	72	57	10	18
103	72	57	18	26
104	72	57	26	34
105	72	57	34	42
106	72	57	42	50
107	72	57	50	58
108	72	57	58	67
109	72	57	67	59
110	72	57	59	50
111	72	57	3	11
112	72	57	11	19
113	72	57	19	27
114	72	57	27	35
115	72	57	35	43
116	72	57	43	51
117	72	57	51	42
118	72	57	42	33
119	72	57	33	26
120	72	57	26	17
121	72	57	4	12
122	72	57	12	20
123	72	57	20	28
124	72	57	28	36
125	72	57	36	44
126	72	57	44	52
127	72	57	52	60
128	72	57	60	68
129	72	57	68	59
130	72	57	59	52
131	72	57	5	13
132	72	57	13	21
133	72	57	21	29
134	72	57	29	20
135	72	57	20	11
136	72	57	11	2
137	72	57	2	9
138	72	57	9	18
139	72	57	18	11
140	72	57	11	4
141	72	57	45	53
142	72	57	53	61
143	72	57	61	69
144	72	57	69	60
145	72	57	60	53
146	72	57	53	44
147	72	57	44	35
148	72	57	35	26
149	72	57	26	19
150	72	57	19	10
151	72	57	6	14
152	72	57	14	22
153	72	57	22	13
154	72	57	13	4
155	72	57	4	7
156	72	57	7	15
157	72	57	15	23
158	72	57	23	32
159	72	57	32	39
160	72	57	39	48
161	72	57	48	56
162	72	57	56	41
163	72	57	41	50
164	72	57	50	43
165	72	57	43	34
166	72	57	34	25
167	72	57	25	18
168	72	57	18	27
169	72	57	27	36
170	72	57	36	45
171	72	57	45	38
172	72	57	38	29
173	72	57	29	51
174	72	57	51	60
175	72	57	60	67
176	72	57	67	10
177	72	57	10	1
178	72	57	1	43
179	72	57	43	52
180	72	57	52	61
181	72	57	61	70
182	72	57	70	53
183	72	57	53	62
184	72	57	62	71
185	72	57	71	29
186	72	57	29	22
187	72	57	22	31
188	72	57	31	40
189	72	57	40	19
190	72	57	19	28
191	72	57	28	37
192	72	57	37	46
193	72	57	46	55
194	72	57	55	62
195	72	57	62	69
196	72	57	69	38
197	72	57	38	47
198	72	57	47	54
199	72	57	54	61
200	72	57	61	68
201	72	57	3	12
202	72	57	12	21
203	72	57	21	30
204	72	57	30	39
205	72	57	39	46
206	72	57	46	53
207	72	57	53	5
208	72	57	5	14
209	72	57	14	23
210	72	57	23	30
211	72	57	30	37
212	72	57	37	44
213	72	57	44	51
214	72	57	51	58
215	72	57	58	65
216	72	57	65	6
217	72	57	6	15
218	72	57	15	24
219	72	57	24	7
220	72	57	7	16
221	72	57	48	55
222	72	57	55	31
223	72	57	31	38
224	72	57	38	45
225	72	57	45	52
226	72	57	52	8
227	72	57	8	15
228	72	57	15	22
229	72	57	22	29
230	72	57	29	36
231	72	57	36	43
232	72	57	43	7
233	72	57	7	14
234	72	57	14	21
235	72	57	21	28
236	72	57	28	35
237	72	57	35	42
238	72	57	42	49
239	72	57	49	6
240	72	57	6	13
241	72	57	13	20
242	72	57	20	27
243	72	57	27	34
244	72	57	34	41
245	72	57	41	5
246	72	57	5	12
247	72	57	12	19
248	72	57	19	3
249	72	57	3	10
250	72	57	10	17
251	1	2	72	57
252	2	3	72	57
253	3	4	72	57
254	4	5	72	57
255	5	6	72	57
256	6	7	72	57
257	7	8	72	57
258	8	16	72	57
259	16	24	72	57
260	24	32	72	57
261	9	10	72	57
262	10	11	72	57
263	11	12	72	57
264	12	13	72	57
265	13	14	72	57
266	14	15	72	57
267	15	16	72	57
268	16	23	72	57
269	23	24	72	57
270	24	31	72	57
271	17	18	72	57
272	18	19	72	57
273	19	20	72	57
274	20	21	72	57
275	21	22	72	57
276	22	23	72	57
277	23	31	72	57
278	31	32	72	57
279	32	40	72	57
280	40	48	72	57
281	25	26	72	57
282	26	27	72	57
283	27	28	72	57
284	28	29	72	57
285	29	30	72	57
286	30	31	72	57
287	31	39	72	57
288	39	40	72	57
289	40	47	72	57
290	47	48	72	57
291	33	34	72	57
292	34	35	72	57
293	35	36	72	57
294	36	37	72	57
295	37	38	72	57
296	38	39	72	57
297	39	47	72	57
298	47	55	72	57
299	55	56	72	57
300	56	64	72	57
301	41	42	72	57
302	42	43	72	57
303	43	44	72	57
304	44	45	72	57
305	45	46	72	57
306	46	47	72	57
307	47	56	72	57
308	56	63	72	57
309	63	64	72	57
310	64	55	72	57
311	49	50	72	57
312	50	51	72	57
313	51	52	72	57
314	52	53	72	57
315	53	54	72	57
316	54	55	72	57
317	55	63	72	57
318	63	71	72	57
319	71	70	72	57
320	70	63	72	57
321	58	59	72	57
322	59	60	72	57
323	60	61	72	57
324	61	62	72	57
325	62	63	72	57
326	63	54	72	57
327	54	46	72	57
328	46	38	72	57
329	38	30	72	57
330	30	22	72	57
331	65	66	72	57
332	66	67	72	57
333	67	68	72	57
334	68	69	72	57
335	69	70	72	57
336	70	62	72	57
337	62	54	72	57
338	54	45	72	57
339	45	37	72	57
340	37	29	72	57
341	1	9	72	57
342	9	17	72	57
343	17	25	72	57
344	25	33	72	57
345	33	41	72	57
346	41	49	72	57
347	49	58	72	57
348	58	66	72	57
349	66	59	72	57
350	59	51	72	57
351	2	10	72	57
352	10	18	72	57
353	18	26	72	57
354	26	34	72	57
355	34	42	72	57
356	42	50	72	57
357	50	58	72	57
358	58	67	72	57
359	67	59	72	57
360	59	50	72	57
361	3	11	72	57
362	11	19	72	57
363	19	27	72	57
364	27	35	72	57
365	35	43	72	57
366	43	51	72	57
367	51	42	72	57
368	42	33	72	57
369	33	26	72	57
370	26	17	72	57
371	4	12	72	57
372	12	20	72	57
373	20	28	72	57
374	28	36	72	57
375	36	44	72	57
376	44	52	72	57
377	52	60	72	57
378	60	68	72	57
379	68	59	72	57
380	59	52	72	57
381	5	13	72	57
382	13	21	72	57
383	21	29	72	57
384	29	20	72	57
385	20	11	72	57
386	11	2	72	57
387	2	9	72	57
388	9	18	72	57
389	18	11	72	57
390	11	4	72	57
391	45	53	72	57
392	53	61	72	57
393	61	69	72	57
394	69	60	72	57
395	60	53	72	57
396	53	44	72	57
397	44	35	72	57
398	35	26	72	57
399	26	19	72	57
400	19	10	72	57
401	6	14	72	57
402	14	22	72	57
403	22	13	72	57
404	13	4	72	57
405	4	7	72	57
406	7	15	72	57
407	15	23	72	57
408	23	32	72	57
409	32	39	72	57
410	39	48	72	57
411	48	56	72	57
412	56	41	72	57
413	41	50	72	57
414	50	43	72	57
415	43	34	72	57
416	34	25	72	57
417	25	18	72	57
418	18	27	72	57
419	27	36	72	57
420	36	45	72	57
421	45	38	72	57
422	38	29	72	57
423	29	51	72	57
424	51	60	72	57
425	60	67	72	57
426	67	10	72	57
427	10	1	72	57
428	1	43	72	57
429	43	52	72	57
430	52	61	72	57
431	61	70	72	57
432	70	53	72	57
433	53	62	72	57
434	62	71	72	57
435	71	29	72	57
436	29	22	72	57
437	22	31	72	57
438	31	40	72	57
439	40	19	72	57
440	19	28	72	57
441	28	37	72	57
442	37	46	72	57
443	46	55	72	57
444	55	62	72	57
445	62	69	72	57
446	69	38	72	57
447	38	47	72	57
448	47	54	72	57
449	54	61	72	57
450	61	68	72	57
451	3	12	72	57
452	12	21	72	57
453	21	30	72	57
454	30	39	72	57
455	39	46	72	57
456	46	53	72	57
457	53	5	72	57
458	5	14	72	57
459	14	23	72	57
460	23	30	72	57
461	30	37	72	57
462	37	44	72	57
463	44	51	72	57
464	51	58	72	57
465	58	65	72	57
466	65	6	72	57
467	6	15	72	57
468	15	24	72	57
469	24	7	72	57
470	7	16	72	57
471	48	55	72	57
472	55	31	72	57
473	31	38	72	57
474	38	45	72	57
475	45	52	72	57
476	52	8	72	57
477	8	15	72	57
478	15	22	72	57
479	22	29	72	57
480	29	36	72	57
481	36	43	72	57
482	43	7	72	57
483	7	14	72	57
484	14	21	72	57
485	21	28	72	57
486	28	35	72	57
487	35	42	72	57
488	42	49	72	57
489	49	6	72	57
490	6	13	72	57
491	13	20	72	57
492	20	27	72	57
493	27	34	72	57
494	34	41	72	57
495	41	5	72	57
496	5	12	72	57
497	12	19	72	57
498	19	3	72	57
499	3	10	72	57
500	10	17	72	57