72
# x y z
1	0	0
2	0	0
3	0	0
4	0	0
5	0	0
6	0	0
7	0	0
8	0	0
9	0	0
10	0	0
11	0	0
12	0	0
13	0	0
14	0	0
15	0	0
16	0	0
17	0	0
18	0	0
19	0	0
20	0	0
21	0	0
22	0	0
23	0	0
24	0	0
25	0	0
26	0	0
27	0	0
28	0	0
29	0	0
30	0	0
31	0	0
32	0	0
33	0	0
34	0	0
35	0	0
36	0	0
37	0	0
38	0	0
39	0	0
40	0	0
41	0	0
42	0	0
43	0	0
44	0	0
45	0	0
46	0	0
47	0	0
48	0	0
49	0	0
50	0	0
51	0	0
52	0	0
53	0	0
54	0	0
55	0	0
56	0	0
57	0	0
58	0	0
59	0	0
60	0	0
61	0	0
62	0	0
63	0	0
64	0	0
65	0	0
66	0	0
67	0	0
68	0	0
69	0	0
70	0	0
71	0	0
72	0	0
33
# a b m n M1 M10 M11 M12 M13 M14 M15 M16 M17 M18 M19 M2 M20 M3 M4 M5 M6 M7 M8 M9 TM0 TM1 TM10 TM11 TM12 TM13 TM14 TM15 TM16 TM17 TM18 TM19 TM2 TM20 TM3 TM4 TM5 TM6 TM7 TM8 TM9 bat_rx bat_tx c err fit gm i ip iperr k m0 r rhoa rs_check sp stacks tau temp u vab valid 
72	65	71	2	-3.93282341957092e+00	-4.40051031112671e+00	-4.37925195693970e+00	-4.21981334686279e+00	-4.17198133468628e+00	-4.26233005523682e+00	-3.93016576766968e+00	-3.68303585052490e+00	-3.62457489967346e+00	-3.61394548416138e+00	-3.53156900405884e+00	-5.26147937774658e+00	-3.26052308082581e+00	-4.98511934280396e+00	-5.02763652801514e+00	-4.86819744110107e+00	-5.05952405929565e+00	-4.62372446060181e+00	-4.62372446060181e+00	-4.32610559463501e+00	4.00000000000000e+01	4.00000000000000e+01	8.00000000000000e+01	8.00000000000000e+01	8.00000000000000e+01	8.00000000000000e+01	8.00000000000000e+01	1.60000000000000e+02	1.60000000000000e+02	1.60000000000000e+02	1.60000000000000e+02	1.60000000000000e+02	4.00000000000000e+01	1.60000000000000e+02	4.00000000000000e+01	4.00000000000000e+01	4.00000000000000e+01	4.00000000000000e+01	4.00000000000000e+01	8.00000000000000e+01	8.00000000000000e+01	1.20288457870483e+01	1.15623998641968e+01	3.00096790747921e-01	0.00000000000000e+00	6.02889358554909e-02	-4.02447128295898e+00	2.97106266021729e-04	-4.02447128295898e+00	0.00000000000000e+00	7.52548810555730e+00	1.03625864511668e+01	-1.88768912991492e+02	-1.42057820941646e+03	0.00000000000000e+00	1.24654319763184e+02	1.00000000000000e+00	1.00432549376354e+00	1.86901264190674e+01	-5.60844268798828e-02	2.37411832809448e+00	1
72	65	71	4	-6.59359788894653e+00	-3.72738337516785e+00	-3.84046602249146e+00	-4.09272766113281e+00	-3.92310380935669e+00	-3.67519140243530e+00	-3.42727923393250e+00	-3.06628394126892e+00	-2.91623163223267e+00	-2.67919278144836e+00	-2.48129773139954e+00	-5.36708402633667e+00	-2.48129773139954e+00	-4.32324314117432e+00	-3.58385539054871e+00	-3.02713990211487e+00	-3.10542798042297e+00	-3.27070283889771e+00	-3.23155879974365e+00	-3.47077226638794e+00	4.00000000000000e+01	4.00000000000000e+01	8.00000000000000e+01	8.00000000000000e+01	8.00000000000000e+01	8.00000000000000e+01	8.00000000000000e+01	1.60000000000000e+02	1.60000000000000e+02	1.60000000000000e+02	1.60000000000000e+02	1.60000000000000e+02	4.00000000000000e+01	1.60000000000000e+02	4.00000000000000e+01	4.00000000000000e+01	4.00000000000000e+01	4.00000000000000e+01	4.00000000000000e+01	8.00000000000000e+01	8.00000000000000e+01	1.20288457870483e+01	1.15623998641968e+01	3.00069055402274e-01	0.00000000000000e+00	1.67382396608022e-01	-3.31999468803406e+00	3.95977497100830e-04	-3.31999468803406e+00	0.00000000000000e+00	7.52458454071242e+00	1.04457365844815e+01	-1.73069779931963e+02	-1.30227819054055e+03	0.00000000000000e+00	6.75302352905273e+01	1.00000000000000e+00	1.00535595443507e+00	1.86901264190674e+01	-6.85317382812500e-02	2.19228148460388e+00	1
72	65	71	6	-6.79324197769165e+00	-4.12602376937866e+00	-3.50548696517944e+00	-3.01558971405029e+00	-2.53113579750061e+00	-2.26441383361816e+00	-2.06029009819031e+00	-1.94870233535767e+00	-1.92965078353882e+00	-1.69558882713318e+00	-1.64387750625610e+00	-7.93633556365967e+00	-2.03579521179199e+00	-7.48998451232910e+00	-7.08718061447144e+00	-6.22713804244995e+00	-5.58482837677002e+00	-5.29089021682739e+00	-5.13303422927856e+00	-4.63769388198853e+00	4.00000000000000e+01	4.00000000000000e+01	8.00000000000000e+01	8.00000000000000e+01	8.00000000000000e+01	8.00000000000000e+01	8.00000000000000e+01	1.60000000000000e+02	1.60000000000000e+02	1.60000000000000e+02	1.60000000000000e+02	1.60000000000000e+02	4.00000000000000e+01	1.60000000000000e+02	4.00000000000000e+01	4.00000000000000e+01	4.00000000000000e+01	4.00000000000000e+01	4.00000000000000e+01	8.00000000000000e+01	8.00000000000000e+01	1.19835243225098e+01	1.15623998641968e+01	2.99733205323957e-01	0.00000000000000e+00	1.89467992373735e-01	-3.15759944915771e+00	3.87284040451050e-04	-3.15759944915771e+00	0.00000000000000e+00	7.52359273867076e+00	1.04662069272531e+01	-1.41391370406190e+02	-1.06377108769872e+03	0.00000000000000e+00	1.72516845703125e+02	1.00000000000000e+00	1.00587354520448e+00	1.91788864135742e+01	-5.47586212158203e-02	2.20445489883423e+00	1
72	65	71	8	-5.01227474212646e+00	-4.63507556915283e+00	-3.91903638839722e+00	-3.10070586204529e+00	-2.77465224266052e+00	-2.57646274566650e+00	-2.26319551467896e+00	-1.91156923770905e+00	-1.70378994941711e+00	-1.52158343791962e+00	-1.33618044853210e+00	-6.84073209762573e+00	-1.56953251361847e+00	-7.56955814361572e+00	-7.04531526565552e+00	-6.72565412521362e+00	-6.20141172409058e+00	-5.56209039688110e+00	-5.22325038909912e+00	-4.69261455535889e+00	4.00000000000000e+01	4.00000000000000e+01	8.00000000000000e+01	8.00000000000000e+01	8.00000000000000e+01	8.00000000000000e+01	8.00000000000000e+01	1.60000000000000e+02	1.60000000000000e+02	1.60000000000000e+02	1.60000000000000e+02	1.60000000000000e+02	4.00000000000000e+01	1.60000000000000e+02	4.00000000000000e+01	4.00000000000000e+01	4.00000000000000e+01	4.00000000000000e+01	4.00000000000000e+01	8.00000000000000e+01	8.00000000000000e+01	1.20061845779419e+01	1.15623998641968e+01	2.99683805087847e-01	0.00000000000000e+00	1.48366627978127e-01	-3.11164546012878e+00	3.81767988204956e-04	-3.11164546012878e+00	0.00000000000000e+00	7.52250082067316e+00	1.04835718598249e+01	-1.22122775255097e+02	-9.18668677079355e+02	0.00000000000000e+00	2.76015502929688e+02	1.00000000000000e+00	1.00610507080278e+00	1.86901264190674e+01	-4.66225662231445e-02	2.21281361579895e+00	1
72	65	71	10	-1.47824752330780e+00	-1.25995719432831e+00	-1.21017158031464e+00	-8.38694870471954e-01	-9.88051474094391e-01	-1.01868879795074e+00	-8.80821049213409e-01	-8.63587617874146e-01	-7.37208962440491e-01	-8.88480365276337e-01	-6.91253066062927e-01	-2.90287995338440e+00	-6.66360318660736e-01	-2.61182594299316e+00	-2.18290448188782e+00	-1.90716922283173e+00	-1.94546556472778e+00	-1.92248761653900e+00	-1.55101096630096e+00	-1.45143997669220e+00	4.00000000000000e+01	4.00000000000000e+01	8.00000000000000e+01	8.00000000000000e+01	8.00000000000000e+01	8.00000000000000e+01	8.00000000000000e+01	1.60000000000000e+02	1.60000000000000e+02	1.60000000000000e+02	1.60000000000000e+02	1.60000000000000e+02	4.00000000000000e+01	1.60000000000000e+02	4.00000000000000e+01	4.00000000000000e+01	4.00000000000000e+01	4.00000000000000e+01	4.00000000000000e+01	8.00000000000000e+01	8.00000000000000e+01	1.19835243225098e+01	1.15623998641968e+01	2.99591487214282e-01	0.00000000000000e+00	1.97004023218476e-01	-1.12217450141907e+00	3.91963958740234e-04	-1.12217450141907e+00	0.00000000000000e+00	7.52129483880730e+00	1.13681621927472e+01	-1.98567877684889e+02	-1.49348755358427e+03	0.00000000000000e+00	6.15211820602417e+00	1.00000000000000e+00	1.01629923649986e+00	1.91788864135742e+01	-7.78314514160156e-02	2.19721865653992e+00	1
72	65	71	12	-5.21634244918823e+00	-1.83052563667297e+00	-1.50286591053009e+00	-1.53781628608704e+00	-1.15336227416992e+00	-1.26258206367493e+00	-1.06161749362946e+00	-1.18175935745239e+00	-1.00482308864594e+00	-1.14025580883026e+00	-9.61135208606720e-01	-6.07262706756592e+00	-8.93418848514557e-01	-4.86683940887451e+00	-4.17656898498535e+00	-3.60862565040588e+00	-2.97078132629395e+00	-2.64749050140381e+00	-2.21497964859009e+00	-1.77373135089874e+00	4.00000000000000e+01	4.00000000000000e+01	8.00000000000000e+01	8.00000000000000e+01	8.00000000000000e+01	8.00000000000000e+01	8.00000000000000e+01	1.60000000000000e+02	1.60000000000000e+02	1.60000000000000e+02	1.60000000000000e+02	1.60000000000000e+02	4.00000000000000e+01	1.60000000000000e+02	4.00000000000000e+01	4.00000000000000e+01	4.00000000000000e+01	4.00000000000000e+01	4.00000000000000e+01	8.00000000000000e+01	8.00000000000000e+01	1.20061845779419e+01	1.15623998641968e+01	2.99465167071947e-01	0.00000000000000e+00	2.83765911866353e-01	-1.71295654773712e+00	4.05245542526245e-04	-1.71295654773712e+00	0.00000000000000e+00	7.51995832774975e+00	1.09143842169978e+01	-1.68358463114284e+02	-1.26604862674341e+03	0.00000000000000e+00	3.29162178039551e+01	1.00000000000000e+00	1.01134331811167e+00	1.86901264190674e+01	-6.82265167236328e-02	2.17687869071960e+00	1
72	65	71	14	-2.34908866882324e+00	-3.35160398483276e+00	-3.20923495292664e+00	-2.96602106094360e+00	-2.72280740737915e+00	-2.48552584648132e+00	-2.11477303504944e+00	-1.97240412235260e+00	-1.64614176750183e+00	-1.50377273559570e+00	-1.41479206085205e+00	-3.46431279182434e+00	-1.15378224849701e+00	-3.51176929473877e+00	-3.36940026283264e+00	-3.41685652732849e+00	-3.49990487098694e+00	-3.77277898788452e+00	-3.42278838157654e+00	-3.42872047424316e+00	4.00000000000000e+01	4.00000000000000e+01	8.00000000000000e+01	8.00000000000000e+01	8.00000000000000e+01	8.00000000000000e+01	8.00000000000000e+01	1.60000000000000e+02	1.60000000000000e+02	1.60000000000000e+02	1.60000000000000e+02	1.60000000000000e+02	4.00000000000000e+01	1.60000000000000e+02	4.00000000000000e+01	4.00000000000000e+01	4.00000000000000e+01	4.00000000000000e+01	4.00000000000000e+01	8.00000000000000e+01	8.00000000000000e+01	1.19835243225098e+01	1.15623998641968e+01	2.99914323458401e-01	0.00000000000000e+00	1.41758563954734e-01	-2.35067033767700e+00	3.74890089035034e-04	-2.35067033767700e+00	0.00000000000000e+00	7.51847173893091e+00	1.06278020770188e+01	-1.34031471575671e+02	-1.00771183116901e+03	0.00000000000000e+00	3.19433250427246e+01	1.00000000000000e+00	1.00759096615408e+00	1.91788864135742e+01	-5.02470703125000e-02	2.22702121734619e+00	1
72	65	71	16	-4.28721696138382e-01	-1.50052583217621e+00	-1.53291821479797e+00	-1.49862039089203e+00	-1.53768181800842e+00	-1.51767480373383e+00	-1.48099517822266e+00	-1.42145061492920e+00	-1.48385345935822e+00	-1.47432625293732e+00	-1.42954862117767e+00	-1.82540178298950e+00	-1.42049777507782e+00	-1.80825281143188e+00	-1.74346816539764e+00	-1.71107602119446e+00	-1.69202160835266e+00	-1.59484469890594e+00	-1.59008109569550e+00	-1.55101978778839e+00	4.00000000000000e+01	4.00000000000000e+01	8.00000000000000e+01	8.00000000000000e+01	8.00000000000000e+01	8.00000000000000e+01	8.00000000000000e+01	1.60000000000000e+02	1.60000000000000e+02	1.60000000000000e+02	1.60000000000000e+02	1.60000000000000e+02	4.00000000000000e+01	1.60000000000000e+02	4.00000000000000e+01	4.00000000000000e+01	4.00000000000000e+01	4.00000000000000e+01	4.00000000000000e+01	8.00000000000000e+01	8.00000000000000e+01	1.19835243225098e+01	1.15623998641968e+01	3.01010817906766e-01	0.00000000000000e+00	2.91376442891888e-01	-1.49118924140930e+00	2.47858834266663e-03	-1.49118924140930e+00	0.00000000000000e+00	7.51681172049155e+00	1.12292158425304e+01	-1.26225660312239e+02	-9.48814522861822e+02	0.00000000000000e+00	4.03464508056641e+00	1.00000000000000e+00	1.01342171675908e+00	1.91788864135742e+01	-3.12861450195313e-01	9.76873970031738e+00	1
72	65	71	18	5.31607687473297e-01	-6.75994932651520e-01	-6.23490452766418e-01	-6.26772046089172e-01	-5.67704439163208e-01	-5.48015296459198e-01	-5.61141431331635e-01	-6.89121007919312e-01	-4.90588575601578e-01	-4.87307041883469e-01	-5.84112167358398e-01	-7.35062420368195e-01	-4.92229312658310e-01	-7.41625487804413e-01	-7.21936345100403e-01	-9.84458625316620e-01	-7.61314690113068e-01	-7.61314690113068e-01	-6.36616587638855e-01	-7.48188614845276e-01	4.00000000000000e+01	4.00000000000000e+01	8.00000000000000e+01	8.00000000000000e+01	8.00000000000000e+01	8.00000000000000e+01	8.00000000000000e+01	1.60000000000000e+02	1.60000000000000e+02	1.60000000000000e+02	1.60000000000000e+02	1.60000000000000e+02	4.00000000000000e+01	1.60000000000000e+02	4.00000000000000e+01	4.00000000000000e+01	4.00000000000000e+01	4.00000000000000e+01	4.00000000000000e+01	8.00000000000000e+01	8.00000000000000e+01	1.20288457870483e+01	1.15623998641968e+01	3.00750114321853e-01	0.00000000000000e+00	1.31441971975565e-01	-5.83237051963806e-01	4.29771184921265e-04	-5.83237051963806e-01	0.00000000000000e+00	7.51495019303572e+00	1.28953059797577e+01	-2.11349622848444e+02	-1.58828188902294e+03	0.00000000000000e+00	2.06596717834473e+01	1.00000000000000e+00	1.03118435189150e+00	1.91788864135742e+01	-9.08319778442383e-02	2.14294767379761e+00	1
72	65	71	20	-4.31781816482544e+00	-1.34619235992432e+00	-1.21282351016998e+00	-1.23366236686707e+00	-1.07945454120636e+00	-1.18364906311035e+00	-9.46085631847382e-01	-8.75233411788940e-01	-1.12946784496307e+00	-8.46059024333954e-01	-8.41891229152679e-01	-3.84269165992737e+00	-8.60646188259125e-01	-2.95912241935730e+00	-2.35062694549561e+00	-1.73379576206207e+00	-1.49206459522247e+00	-1.59209132194519e+00	-1.55458128452301e+00	-1.67544686794281e+00	4.00000000000000e+01	4.00000000000000e+01	8.00000000000000e+01	8.00000000000000e+01	8.00000000000000e+01	8.00000000000000e+01	8.00000000000000e+01	1.60000000000000e+02	1.60000000000000e+02	1.60000000000000e+02	1.60000000000000e+02	1.60000000000000e+02	4.00000000000000e+01	1.60000000000000e+02	4.00000000000000e+01	4.00000000000000e+01	4.00000000000000e+01	4.00000000000000e+01	4.00000000000000e+01	8.00000000000000e+01	8.00000000000000e+01	1.20061845779419e+01	1.15623998641968e+01	2.99624285697296e-01	0.00000000000000e+00	2.61689256243848e-01	-1.30794155597687e+00	4.40723180770874e-04	-1.30794155597687e+00	0.00000000000000e+00	7.51285315217181e+00	1.11806148319564e+01	-1.62272339002893e+02	-1.21912825358817e+03	0.00000000000000e+00	5.78585281372070e+01	1.00000000000000e+00	1.01423897201110e+00	1.91788864135742e+01	-7.15171813964844e-02	2.12784671783447e+00	1
72	65	71	22	-6.28863382339478e+00	-1.72239875793457e+00	-1.32533490657806e+00	-1.30387198925018e+00	-1.29314053058624e+00	-9.49733853340149e-01	-1.21802020072937e+00	-1.19655740261078e+00	-1.01948833465576e+00	-1.09729146957397e+00	-8.07542085647583e-01	-5.40865421295166e+00	-6.57301664352417e-01	-3.75600981712341e+00	-2.95115065574646e+00	-2.67213273048401e+00	-2.31799459457397e+00	-1.89946770668030e+00	-1.62045001983643e+00	-1.32533490657806e+00	4.00000000000000e+01	4.00000000000000e+01	8.00000000000000e+01	8.00000000000000e+01	8.00000000000000e+01	8.00000000000000e+01	8.00000000000000e+01	1.60000000000000e+02	1.60000000000000e+02	1.60000000000000e+02	1.60000000000000e+02	1.60000000000000e+02	4.00000000000000e+01	1.60000000000000e+02	4.00000000000000e+01	4.00000000000000e+01	4.00000000000000e+01	4.00000000000000e+01	4.00000000000000e+01	8.00000000000000e+01	8.00000000000000e+01	1.19835243225098e+01	1.15623998641968e+01	2.99451094028127e-01	0.00000000000000e+00	3.09337758046132e-01	-1.51909720897675e+00	4.44454669952393e-04	-1.51909720897675e+00	0.00000000000000e+00	7.51047910142853e+00	1.10603694010277e+01	-1.24985275011292e+02	-9.38699295958604e+02	0.00000000000000e+00	4.05753669738770e+01	1.00000000000000e+00	1.01302196957133e+00	1.91788864135742e+01	-5.55502891540527e-02	2.09655022621155e+00	1
72	65	71	24	-3.24151098728180e-01	-1.35572624206543e+00	-1.31189441680908e+00	-1.34451353549957e+00	-1.25888872146606e+00	-1.28131425380707e+00	-1.22372126579285e+00	-1.18906366825104e+00	-1.13707709312439e+00	-1.06674253940582e+00	-1.04533636569977e+00	-1.67783856391907e+00	-9.61750149726868e-01	-1.76550221443176e+00	-1.66560649871826e+00	-1.58405911922455e+00	-1.45358324050903e+00	-1.40261602401733e+00	-1.42198348045349e+00	-1.38936460018158e+00	4.00000000000000e+01	4.00000000000000e+01	8.00000000000000e+01	8.00000000000000e+01	8.00000000000000e+01	8.00000000000000e+01	8.00000000000000e+01	1.60000000000000e+02	1.60000000000000e+02	1.60000000000000e+02	1.60000000000000e+02	1.60000000000000e+02	4.00000000000000e+01	1.60000000000000e+02	4.00000000000000e+01	4.00000000000000e+01	4.00000000000000e+01	4.00000000000000e+01	4.00000000000000e+01	8.00000000000000e+01	8.00000000000000e+01	1.19835243225098e+01	1.15623998641968e+01	3.01139361613975e-01	0.00000000000000e+00	3.39711835249143e-01	-1.22434437274933e+00	2.54138612747192e-03	-1.22434437274933e+00	0.00000000000000e+00	7.50777697907069e+00	1.15125256733857e+01	-1.15059895044218e+02	-8.63844031227266e+02	0.00000000000000e+00	9.80523681640625e+00	1.00000000000000e+00	1.01636821558638e+00	1.91788864135742e+01	-2.92411621093750e-01	9.72731685638428e+00	1
72	65	71	26	1.99041354656219e+00	-4.21439617872238e-01	-5.55995643138885e-01	-4.67137873172760e-01	-5.00142157077789e-01	-4.44288730621338e-01	-4.41749930381775e-01	-5.19183099269867e-01	-3.96051675081253e-01	-4.44288730621338e-01	-3.38928848505020e-01	-1.16784468293190e-01	-3.26234847307205e-01	-3.55430990457535e-01	-3.70663732290268e-01	-5.22991299629211e-01	-4.82370615005493e-01	-5.73767185211182e-01	-6.32159411907196e-01	-6.77857697010040e-01	4.00000000000000e+01	4.00000000000000e+01	8.00000000000000e+01	8.00000000000000e+01	8.00000000000000e+01	8.00000000000000e+01	8.00000000000000e+01	1.60000000000000e+02	1.60000000000000e+02	1.60000000000000e+02	1.60000000000000e+02	1.60000000000000e+02	4.00000000000000e+01	1.60000000000000e+02	4.00000000000000e+01	4.00000000000000e+01	4.00000000000000e+01	4.00000000000000e+01	4.00000000000000e+01	8.00000000000000e+01	8.00000000000000e+01	1.19835243225098e+01	1.15623998641968e+01	3.02973191750698e-01	0.00000000000000e+00	4.78790674863059e-01	-3.93230766057968e-01	4.76988315582275e-04	-3.93230766057968e-01	0.00000000000000e+00	7.50468338287628e+00	1.51315902078505e+01	-2.46138758013710e+02	-1.84719344714729e+03	0.00000000000000e+00	5.27937622070312e+01	1.00000000000000e+00	1.04972238259090e+00	1.91788864135742e+01	-1.17405311584473e-01	2.07851314544678e+00	1
72	65	71	28	-2.56826609373093e-01	-8.78181338310242e-01	-7.62195110321045e-01	-7.37340927124023e-01	-6.83490157127380e-01	-6.54493629932404e-01	-7.35269725322723e-01	-8.92679691314697e-01	-7.93262839317322e-01	-6.17212355136871e-01	-9.29960966110229e-01	-1.06873011589050e+00	-6.37924194335938e-01	-1.17643165588379e+00	-1.36698031425476e+00	-1.11015379428864e+00	-9.85882818698883e-01	-9.94167566299438e-01	-1.01487934589386e+00	-9.48601543903351e-01	4.00000000000000e+01	4.00000000000000e+01	8.00000000000000e+01	8.00000000000000e+01	8.00000000000000e+01	8.00000000000000e+01	8.00000000000000e+01	1.60000000000000e+02	1.60000000000000e+02	1.60000000000000e+02	1.60000000000000e+02	1.60000000000000e+02	4.00000000000000e+01	1.60000000000000e+02	4.00000000000000e+01	4.00000000000000e+01	4.00000000000000e+01	4.00000000000000e+01	4.00000000000000e+01	8.00000000000000e+01	8.00000000000000e+01	1.20061845779419e+01	1.15623998641968e+01	3.01411369444237e-01	0.00000000000000e+00	3.33527147177449e-01	-8.16506087779999e-01	4.78954792022705e-04	-8.16506087779999e-01	0.00000000000000e+00	7.50111880720242e+00	1.23549634282076e+01	-1.50235348815909e+02	-1.12693320050963e+03	0.00000000000000e+00	4.57545928955078e+01	1.00000000000000e+00	1.02500823471449e+00	1.91788864135742e+01	-7.19559402465820e-02	2.07748460769653e+00	1
72	65	71	30	-2.67005848884583e+00	-1.24908316135406e+00	-1.01989364624023e+00	-9.85515236854553e-01	-1.03135311603546e+00	-1.00843417644501e+00	-9.05298829078674e-01	-8.16487908363342e-01	-7.30541825294495e-01	-4.69838649034500e-01	-6.64649784564972e-01	-2.33773374557495e+00	-5.93028068542480e-01	-1.87935459613800e+00	-1.51265132427216e+00	-1.89081406593323e+00	-1.37513756752014e+00	-1.11156952381134e+00	-1.28919148445129e+00	-1.28919148445129e+00	4.00000000000000e+01	4.00000000000000e+01	8.00000000000000e+01	8.00000000000000e+01	8.00000000000000e+01	8.00000000000000e+01	8.00000000000000e+01	1.60000000000000e+02	1.60000000000000e+02	1.60000000000000e+02	1.60000000000000e+02	1.60000000000000e+02	4.00000000000000e+01	1.60000000000000e+02	4.00000000000000e+01	4.00000000000000e+01	4.00000000000000e+01	4.00000000000000e+01	4.00000000000000e+01	8.00000000000000e+01	8.00000000000000e+01	1.20061845779419e+01	1.15623998641968e+01	2.99471007291010e-01	0.00000000000000e+00	1.72394433655838e-01	-1.00537848472595e+00	4.76191759109497e-04	-1.00537848472595e+00	0.00000000000000e+00	7.49698246879382e+00	1.15564187920170e+01	-1.09244157967809e+02	-8.19001537102810e+02	0.00000000000000e+00	3.87440414428711e+01	1.00000000000000e+00	1.01848263886161e+00	1.91788864135742e+01	-5.20211677551270e-02	2.08130693435669e+00	1
72	65	71	32	-7.01913237571716e-01	-1.42440378665924e+00	-1.45298326015472e+00	-1.39125144481659e+00	-1.36495828628540e+00	-1.32380378246307e+00	-1.18547892570496e+00	-1.11631643772125e+00	-1.13746535778046e+00	-1.05286979675293e+00	-9.77991521358490e-01	-1.93426251411438e+00	-8.72818827629089e-01	-1.88853538036346e+00	-1.85195350646973e+00	-1.76049911975861e+00	-1.62789011001587e+00	-1.64160823822021e+00	-1.57301735877991e+00	-1.54329466819763e+00	4.00000000000000e+01	4.00000000000000e+01	8.00000000000000e+01	8.00000000000000e+01	8.00000000000000e+01	8.00000000000000e+01	8.00000000000000e+01	1.60000000000000e+02	1.60000000000000e+02	1.60000000000000e+02	1.60000000000000e+02	1.60000000000000e+02	4.00000000000000e+01	1.60000000000000e+02	4.00000000000000e+01	4.00000000000000e+01	4.00000000000000e+01	4.00000000000000e+01	4.00000000000000e+01	8.00000000000000e+01	8.00000000000000e+01	1.19835243225098e+01	1.15623998641968e+01	3.00367933200506e-01	0.00000000000000e+00	2.06714040814763e-01	-1.26501893997192e+00	2.58034348487854e-03	-1.26501893997192e+00	0.00000000000000e+00	7.49214508173175e+00	1.12618527870624e+01	-1.01046761057384e+02	-7.57056993881005e+02	0.00000000000000e+00	2.58007450103760e+01	1.00000000000000e+00	1.01439395792206e+00	1.91788864135742e+01	-2.60735351562500e-01	9.74426555633545e+00	1
72	65	71	34	5.63637304306030e+00	1.63873469829559e+00	1.39190912246704e+00	1.35910320281982e+00	1.40284454822540e+00	1.29505348205566e+00	1.23100388050079e+00	1.05213332176208e+00	9.64650809764862e-01	9.67775166034698e-01	7.80312657356262e-01	3.09313130378723e+00	7.50631153583527e-01	2.65884327888489e+00	2.38389825820923e+00	2.15894317626953e+00	2.02459502220154e+00	2.00272440910339e+00	1.78558039665222e+00	1.65279448032379e+00	4.00000000000000e+01	4.00000000000000e+01	8.00000000000000e+01	8.00000000000000e+01	8.00000000000000e+01	8.00000000000000e+01	8.00000000000000e+01	1.60000000000000e+02	1.60000000000000e+02	1.60000000000000e+02	1.60000000000000e+02	1.60000000000000e+02	4.00000000000000e+01	1.60000000000000e+02	4.00000000000000e+01	4.00000000000000e+01	4.00000000000000e+01	4.00000000000000e+01	4.00000000000000e+01	8.00000000000000e+01	8.00000000000000e+01	1.19835243225098e+01	1.15623998641968e+01	2.99568757586502e-01	0.00000000000000e+00	2.00056628858946e-01	1.42214632034302e+00	4.92256164550781e-04	1.42214632034302e+00	0.00000000000000e+00	7.48643859594493e+00	1.10712321599221e+01	-3.87606143736148e+02	-2.90178959449168e+03	0.00000000000000e+00	4.45527839660645e+01	1.00000000000000e+00	1.01303150744068e+00	1.91788864135742e+01	-1.90801513671875e-01	2.06104207038879e+00	1
72	65	71	36	1.04693424701691e+00	-1.26422250270844e+00	-5.28405487537384e-01	-7.35816955566406e-01	-8.98783147335052e-01	-7.21001863479614e-01	-7.25940287113190e-01	-6.88902497291565e-01	-5.06182849407196e-01	-5.28405487537384e-01	-4.09884631633759e-01	-4.44453209638596e-01	-5.97542643547058e-01	-7.70385563373566e-01	-8.19769263267517e-01	-4.64206695556641e-01	-5.03713607788086e-01	-6.91371679306030e-01	-6.07419431209564e-01	-4.79021817445755e-01	4.00000000000000e+01	4.00000000000000e+01	8.00000000000000e+01	8.00000000000000e+01	8.00000000000000e+01	8.00000000000000e+01	8.00000000000000e+01	1.60000000000000e+02	1.60000000000000e+02	1.60000000000000e+02	1.60000000000000e+02	1.60000000000000e+02	4.00000000000000e+01	1.60000000000000e+02	4.00000000000000e+01	4.00000000000000e+01	4.00000000000000e+01	4.00000000000000e+01	4.00000000000000e+01	8.00000000000000e+01	8.00000000000000e+01	1.20061845779419e+01	1.15623998641968e+01	3.01083667814904e-01	0.00000000000000e+00	2.80853824236669e-01	-5.98749816417694e-01	4.92044687271118e-04	-5.98749816417694e-01	0.00000000000000e+00	7.47964134628904e+00	1.29782739923874e+01	-1.22666762283862e+02	-9.17503386993783e+02	0.00000000000000e+00	7.28525314331055e+01	1.00000000000000e+00	1.03178677886462e+00	1.91788864135742e+01	-6.03575286865234e-02	2.06128549575806e+00	1
72	65	71	38	-3.56394147872925e+00	-1.29061841964722e+00	-1.02856397628784e+00	-1.36268341541290e+00	-1.11373162269592e+00	-9.69601690769196e-01	-9.07363712787628e-01	-9.04088020324707e-01	-1.03183960914612e+00	-1.18579661846161e+00	-8.97536635398865e-01	-3.41981124877930e+00	-6.22379422187805e-01	-2.58123683929443e+00	-2.29297685623169e+00	-1.61163520812988e+00	-1.33647799491882e+00	-1.66404604911804e+00	-1.61818647384644e+00	-1.25131022930145e+00	4.00000000000000e+01	4.00000000000000e+01	8.00000000000000e+01	8.00000000000000e+01	8.00000000000000e+01	8.00000000000000e+01	8.00000000000000e+01	1.60000000000000e+02	1.60000000000000e+02	1.60000000000000e+02	1.60000000000000e+02	1.60000000000000e+02	4.00000000000000e+01	1.60000000000000e+02	4.00000000000000e+01	4.00000000000000e+01	4.00000000000000e+01	4.00000000000000e+01	4.00000000000000e+01	8.00000000000000e+01	8.00000000000000e+01	1.19835243225098e+01	1.15623998641968e+01	2.99654922070728e-01	0.00000000000000e+00	2.57492056991360e-01	-1.24301183223724e+00	5.11498689651489e-04	-1.24301183223724e+00	0.00000000000000e+00	7.47145610361510e+00	1.12525917798443e+01	-8.89485420072239e+01	-6.64575127087537e+02	0.00000000000000e+00	6.39152641296387e+01	1.00000000000000e+00	1.01501378997921e+00	1.96676445007324e+01	-4.54970626831055e-02	2.27110505104065e+00	1
72	65	71	40	-5.87484407424927e+00	-1.04210090637207e+00	-1.35473120212555e+00	-1.30262613296509e+00	-1.27006042003632e+00	-1.04210090637207e+00	-8.17397832870483e-01	-1.13002812862396e+00	-8.10884773731232e-01	-9.73713040351868e-01	-6.22003972530365e-01	-4.25958728790283e+00	-6.80622160434723e-01	-3.12630271911621e+00	-2.55314731597900e+00	-2.11025428771973e+00	-1.87578165531158e+00	-2.34472703933716e+00	-1.40032303333282e+00	-1.21144223213196e+00	4.00000000000000e+01	4.00000000000000e+01	8.00000000000000e+01	8.00000000000000e+01	8.00000000000000e+01	8.00000000000000e+01	8.00000000000000e+01	1.60000000000000e+02	1.60000000000000e+02	1.60000000000000e+02	1.60000000000000e+02	1.60000000000000e+02	4.00000000000000e+01	1.60000000000000e+02	4.00000000000000e+01	4.00000000000000e+01	4.00000000000000e+01	4.00000000000000e+01	4.00000000000000e+01	8.00000000000000e+01	8.00000000000000e+01	1.19835243225098e+01	1.15623998641968e+01	2.99389903324084e-01	0.00000000000000e+00	3.09598155893074e-01	-1.32288908958435e+00	5.77745199203491e-04	-1.32288908958435e+00	0.00000000000000e+00	7.46147686156903e+00	1.12164191422437e+01	-7.92116138771289e+01	-5.91035624111737e+02	0.00000000000000e+00	3.92114105224609e+01	1.00000000000000e+00	1.01482966025185e+00	1.91788864135742e+01	-4.57641296386719e-02	2.37884664535522e+00	1
72	65	71	42	4.43702316284180e+00	-8.46851170063019e-01	-4.29389327764511e-01	-6.32156491279602e-01	-8.05104970932007e-01	-8.40887427330017e-01	-7.06703305244446e-01	-7.75286257266998e-01	-6.47065877914429e-01	-7.03721344470978e-01	-7.27576375007629e-01	3.16078257560730e+00	-3.45896959304810e-01	2.07538175582886e+00	1.20467555522919e+00	4.05534386634827e-01	7.15648829936981e-02	-9.54198464751244e-02	-2.44513362646103e-01	-3.93606871366501e-01	4.00000000000000e+01	4.00000000000000e+01	8.00000000000000e+01	8.00000000000000e+01	8.00000000000000e+01	8.00000000000000e+01	8.00000000000000e+01	1.60000000000000e+02	1.60000000000000e+02	1.60000000000000e+02	1.60000000000000e+02	1.60000000000000e+02	4.00000000000000e+01	1.60000000000000e+02	4.00000000000000e+01	4.00000000000000e+01	4.00000000000000e+01	4.00000000000000e+01	4.00000000000000e+01	8.00000000000000e+01	8.00000000000000e+01	1.19835243225098e+01	1.15623998641968e+01	3.03467759993480e-01	0.00000000000000e+00	9.60211609840211e-01	-2.83343940973282e-01	4.28974866867065e-04	-2.83343940973282e-01	0.00000000000000e+00	7.44913721985209e+00	1.55216653001775e+01	-1.16510321239227e+02	-8.67901370440047e+02	0.00000000000000e+00	2.55241374969482e+01	1.00000000000000e+00	1.05349427602960e+00	1.91788864135742e+01	-4.99799995422363e-02	2.14501953125000e+00	1
72	65	71	44	2.24273037910461e+00	-8.31357002258301e-01	-4.64013218879700e-01	-5.09125590324402e-01	-4.76902484893799e-01	-2.90008246898651e-01	-7.63688445091248e-01	-6.34795844554901e-01	-1.04080748558044e+00	-5.51015675067902e-01	-7.99133837223053e-01	1.80449575185776e-01	-2.54562795162201e-01	3.86677682399750e-01	-4.76902484893799e-01	-6.57352030277252e-01	-1.05691897869110e+00	-1.09558665752411e+00	-1.03114044666290e+00	-6.76685929298401e-01	4.00000000000000e+01	4.00000000000000e+01	8.00000000000000e+01	8.00000000000000e+01	8.00000000000000e+01	8.00000000000000e+01	8.00000000000000e+01	1.60000000000000e+02	1.60000000000000e+02	1.60000000000000e+02	1.60000000000000e+02	1.60000000000000e+02	4.00000000000000e+01	1.60000000000000e+02	4.00000000000000e+01	4.00000000000000e+01	4.00000000000000e+01	4.00000000000000e+01	4.00000000000000e+01	8.00000000000000e+01	8.00000000000000e+01	1.20288457870483e+01	1.15623998641968e+01	3.01766165003393e-01	0.00000000000000e+00	5.57183417379938e-01	-5.60253024101257e-01	6.26938819885254e-04	-5.60253024101257e-01	0.00000000000000e+00	7.43362768736740e+00	1.36795187567694e+01	-7.37720724133053e+01	-5.48394120046019e+02	0.00000000000000e+00	3.80859069824219e+01	1.00000000000000e+00	1.03780518084711e+00	1.91788864135742e+01	-4.62505760192871e-02	2.63950872421265e+00	1
72	65	71	46	-1.94669890403748e+00	-5.82638740539551e-01	-6.78602755069733e-01	-1.10358631610870e+00	-3.22164952754974e-01	-5.27802169322968e-01	-9.83631312847137e-01	-5.68929612636566e-01	-8.05412352085114e-01	-6.54611766338348e-01	-7.71139502525330e-01	-2.70070195198059e+00	-6.54611766338348e-01	-2.60473799705505e+00	-1.60397017002106e+00	-2.04266285896301e+00	-1.43946039676666e+00	-1.86444401741028e+00	-1.13100457191467e+00	-1.15156829357147e+00	4.00000000000000e+01	4.00000000000000e+01	8.00000000000000e+01	8.00000000000000e+01	8.00000000000000e+01	8.00000000000000e+01	8.00000000000000e+01	1.60000000000000e+02	1.60000000000000e+02	1.60000000000000e+02	1.60000000000000e+02	1.60000000000000e+02	4.00000000000000e+01	1.60000000000000e+02	4.00000000000000e+01	4.00000000000000e+01	4.00000000000000e+01	4.00000000000000e+01	4.00000000000000e+01	8.00000000000000e+01	8.00000000000000e+01	1.20061845779419e+01	1.15623998641968e+01	2.99416406296344e-01	0.00000000000000e+00	4.17465090895838e-01	-9.54461216926575e-01	6.91007137298584e-04	-9.54461216926575e-01	0.00000000000000e+00	7.41375845958610e+00	1.18625126099536e+01	-6.29291741969586e+01	-4.66541697557470e+02	0.00000000000000e+00	3.16094894409180e+01	1.00000000000000e+00	1.02189296232491e+00	1.91788864135742e+01	-4.34845085144043e-02	2.68509197235107e+00	1
72	65	71	49	-9.19976651668549e-01	-3.03008174896240e+00	-2.72342300415039e+00	-2.71612143516541e+00	-2.67961430549622e+00	-2.33644866943359e+00	-1.75598716735840e+00	-1.71217870712280e+00	-1.54059576988220e+00	-1.01489484310150e+00	-1.01124405860901e+00	-2.97897171974182e+00	-1.13901865482330e+00	-3.91355133056641e+00	-3.89894866943359e+00	-4.42464923858643e+00	-3.91355133056641e+00	-3.38785028457642e+00	-3.19801402091980e+00	-3.51927566528320e+00	4.00000000000000e+01	4.00000000000000e+01	8.00000000000000e+01	8.00000000000000e+01	8.00000000000000e+01	8.00000000000000e+01	8.00000000000000e+01	1.60000000000000e+02	1.60000000000000e+02	1.60000000000000e+02	1.60000000000000e+02	1.60000000000000e+02	4.00000000000000e+01	1.60000000000000e+02	4.00000000000000e+01	4.00000000000000e+01	4.00000000000000e+01	4.00000000000000e+01	4.00000000000000e+01	8.00000000000000e+01	8.00000000000000e+01	1.19835243225098e+01	1.15623998641968e+01	3.00017326628414e-01	0.00000000000000e+00	3.46827426375855e-01	-2.14531421661377e+00	8.15452814102173e-04	-2.14531421661377e+00	0.00000000000000e+00	7.37155853254651e+00	1.07624969950604e+01	5.00621982500145e+01	3.69036424667930e+02	0.00000000000000e+00	5.14393424987793e+01	1.00000000000000e+00	1.00900637446100e+00	1.91788864135742e+01	4.08233604431152e-02	3.41187524795532e+00	1
72	65	71	53	-1.69406008720398e+00	-1.13988614082336e+00	-9.68677937984467e-01	-1.07680940628052e+00	-6.48788988590240e-01	-8.60546469688416e-01	-8.92084777355194e-01	-6.91590964794159e-01	-6.28514289855957e-01	-6.98349237442017e-01	-3.80712985992432e-01	-2.50504636764526e+00	-4.88844454288483e-01	-2.31581592559814e+00	-2.21669554710388e+00	-2.12658596038818e+00	-1.84724628925323e+00	-1.97339987754822e+00	-1.23450124263763e+00	-1.06779849529266e+00	4.00000000000000e+01	4.00000000000000e+01	8.00000000000000e+01	8.00000000000000e+01	8.00000000000000e+01	8.00000000000000e+01	8.00000000000000e+01	1.60000000000000e+02	1.60000000000000e+02	1.60000000000000e+02	1.60000000000000e+02	1.60000000000000e+02	4.00000000000000e+01	1.60000000000000e+02	4.00000000000000e+01	4.00000000000000e+01	4.00000000000000e+01	4.00000000000000e+01	4.00000000000000e+01	8.00000000000000e+01	8.00000000000000e+01	1.19835243225098e+01	1.15623998641968e+01	2.99131255899220e-01	0.00000000000000e+00	2.04850626595223e-01	-9.73183453083038e-01	2.58659577369690e-03	-9.73183453083038e-01	0.00000000000000e+00	7.27190989866470e+00	1.16651258574669e+01	-2.55767566484889e+01	-1.85991869847885e+02	0.00000000000000e+00	3.75517692565918e+01	1.00000000000000e+00	1.01990866632471e+00	1.96676445007324e+01	-6.61567306518555e-02	9.66525650024414e+00	1
72	65	71	55	9.51011300086975e-01	-6.81364834308624e-01	-5.18997013568878e-01	-4.00120615959167e-01	-3.62428098917007e-01	-5.76985538005829e-01	-4.79854792356491e-01	-5.04499912261963e-01	-6.17577433586121e-01	-5.81334650516510e-01	-3.27634990215302e-01	-5.74086070060730e-01	-4.43611979484558e-01	-5.85683822631836e-01	-9.56810176372528e-01	-8.11838924884796e-01	-7.01660752296448e-01	-6.78465425968170e-01	-9.68407809734344e-01	-7.53850400447845e-01	4.00000000000000e+01	4.00000000000000e+01	8.00000000000000e+01	8.00000000000000e+01	8.00000000000000e+01	8.00000000000000e+01	8.00000000000000e+01	1.60000000000000e+02	1.60000000000000e+02	1.60000000000000e+02	1.60000000000000e+02	1.60000000000000e+02	4.00000000000000e+01	1.60000000000000e+02	4.00000000000000e+01	4.00000000000000e+01	4.00000000000000e+01	4.00000000000000e+01	4.00000000000000e+01	8.00000000000000e+01	8.00000000000000e+01	1.19608640670776e+01	1.15623998641968e+01	3.00258993020229e-01	0.00000000000000e+00	2.30070629614331e-01	-5.26664376258850e-01	2.63178539276123e-03	-5.26664376258850e-01	0.00000000000000e+00	7.18480831090042e+00	1.32089351536146e+01	-3.90618384296139e+01	-2.80651821388139e+02	0.00000000000000e+00	1.79508323669434e+01	1.00000000000000e+00	1.03472269695657e+00	1.91788864135742e+01	-1.02802375793457e-01	9.73269748687744e+00	1
72	65	71	57	-2.65957444906235e-01	-4.82047885656357e-01	-4.75654661655426e-01	-4.89719748497009e-01	-4.42409992218018e-01	-3.82313847541809e-01	-3.39479327201843e-01	-3.89985710382462e-01	-3.74642014503479e-01	-3.49708467721939e-01	-4.24509018659592e-01	-1.54459905624390e+00	-3.36922079324722e-01	-1.44997954368591e+00	-1.18657934665680e+00	-8.59247148036957e-01	-8.49018037319183e-01	-6.34206175804138e-01	-6.80237352848053e-01	-5.85617840290070e-01	4.00000000000000e+01	4.00000000000000e+01	8.00000000000000e+01	8.00000000000000e+01	8.00000000000000e+01	8.00000000000000e+01	8.00000000000000e+01	1.60000000000000e+02	1.60000000000000e+02	1.60000000000000e+02	1.60000000000000e+02	1.60000000000000e+02	4.00000000000000e+01	1.60000000000000e+02	4.00000000000000e+01	4.00000000000000e+01	4.00000000000000e+01	4.00000000000000e+01	4.00000000000000e+01	8.00000000000000e+01	8.00000000000000e+01	1.19835243225098e+01	1.15623998641968e+01	3.00147539639868e-01	0.00000000000000e+00	3.74504444465617e-01	-5.05035042762756e-01	1.02926921844482e-03	-5.05035042762756e-01	0.00000000000000e+00	7.04656296132290e+00	1.38188940542342e+01	2.26483819110563e+02	1.59593249108345e+03	0.00000000000000e+00	2.98830795288086e+01	1.00000000000000e+00	1.04039397671477e+00	1.96676445007324e+01	2.33112823486328e-01	4.04558610916138e+00	1
72	65	71	59	-3.01484227180481e+00	-1.26262629032135e+00	-8.43898177146912e-01	-4.89589750766754e-01	-5.54009497165680e-01	-7.92362391948700e-01	-1.00816833972931e+00	-7.63373553752899e-01	-9.21201825141907e-01	-8.34235191345215e-01	-5.02473711967468e-01	-3.23386907577515e+00	-8.53561103343964e-01	-2.28045773506165e+00	-2.29334163665771e+00	-1.46876943111420e+00	-1.81663572788239e+00	-1.72644817829132e+00	-1.26262629032135e+00	-8.37456166744232e-01	4.00000000000000e+01	4.00000000000000e+01	8.00000000000000e+01	8.00000000000000e+01	8.00000000000000e+01	8.00000000000000e+01	8.00000000000000e+01	1.60000000000000e+02	1.60000000000000e+02	1.60000000000000e+02	1.60000000000000e+02	1.60000000000000e+02	4.00000000000000e+01	1.60000000000000e+02	4.00000000000000e+01	4.00000000000000e+01	4.00000000000000e+01	4.00000000000000e+01	4.00000000000000e+01	8.00000000000000e+01	8.00000000000000e+01	1.20061845779419e+01	1.15623998641968e+01	2.99454603779571e-01	0.00000000000000e+00	3.79379606596629e-01	-1.05447900295258e+00	5.45514583587647e-04	-1.05447900295258e+00	0.00000000000000e+00	6.80678408277788e+00	1.16154253542686e+01	8.48183618043980e+01	5.77340275057472e+02	0.00000000000000e+00	2.38644962310791e+01	1.00000000000000e+00	1.01920337713633e+00	1.96676445007324e+01	4.62696533203125e-02	2.36176156997681e+00	1
72	65	71	61	6.71699047088623e+00	1.08751285076141e+00	1.00754857063293e+00	1.35939106345177e-01	8.63613128662109e-01	9.59570109844208e-01	2.51887142658234e-01	2.47888922691345e-01	4.79785054922104e-02	1.71922981739044e-01	-5.99731318652630e-02	4.46200084686279e+00	-3.59838783740997e-01	3.55040955543518e+00	2.55885362625122e+00	2.35094666481018e+00	2.35094666481018e+00	2.25498962402344e+00	1.99110794067383e+00	1.72722625732422e+00	4.00000000000000e+01	4.00000000000000e+01	8.00000000000000e+01	8.00000000000000e+01	8.00000000000000e+01	8.00000000000000e+01	8.00000000000000e+01	1.60000000000000e+02	1.60000000000000e+02	1.60000000000000e+02	1.60000000000000e+02	1.60000000000000e+02	4.00000000000000e+01	1.60000000000000e+02	4.00000000000000e+01	4.00000000000000e+01	4.00000000000000e+01	4.00000000000000e+01	4.00000000000000e+01	8.00000000000000e+01	8.00000000000000e+01	1.19835243225098e+01	1.15623998641968e+01	2.91856643905416e-01	0.00000000000000e+00	6.97731418782580e-01	9.10880804061890e-01	2.52964711189270e-03	9.10880804061890e-01	0.00000000000000e+00	6.33114855379928e+00	1.63259706650980e+01	1.47353208152715e+01	9.32915050693748e+01	0.00000000000000e+00	2.89960308074951e+01	1.00000000000000e+00	1.06865208753823e+00	1.96676445007324e+01	3.72751617431641e-02	9.75590801239014e+00	1
72	65	71	63	-4.13542121648788e-01	1.92986309528351e-01	7.58160501718521e-02	-1.37847363948822e-02	-5.99636077880859e-01	-2.75694757699966e-01	3.20495128631592e-01	1.72309219837189e-01	-5.30712366104126e-01	-2.92925655841827e-01	-2.37786710262299e-01	-1.10277903079987e+00	-2.55017638206482e-01	-9.64931547641754e-01	-7.58160531520844e-01	-4.13542091846466e-02	-4.27326828241348e-01	2.61909991502762e-01	-1.65416836738586e-01	-5.51389515399933e-01	4.00000000000000e+01	4.00000000000000e+01	8.00000000000000e+01	8.00000000000000e+01	8.00000000000000e+01	8.00000000000000e+01	8.00000000000000e+01	1.60000000000000e+02	1.60000000000000e+02	1.60000000000000e+02	1.60000000000000e+02	1.60000000000000e+02	4.00000000000000e+01	1.60000000000000e+02	4.00000000000000e+01	4.00000000000000e+01	4.00000000000000e+01	4.00000000000000e+01	4.00000000000000e+01	8.00000000000000e+01	8.00000000000000e+01	1.19382028579712e+01	1.15623998641968e+01	3.16117350281391e-01	0.00000000000000e+00	1.02197832905414e+00	-2.09221690893173e-01	2.58815884590149e-03	-2.09221690893173e-01	0.00000000000000e+00	5.14078797860148e+00	5.01115829002434e+01	-1.67091968375551e+01	-8.58984382345890e+01	0.00000000000000e+00	9.69077968597412e+00	1.00000000000000e+00	1.20394812688681e+00	1.96676445007324e+01	-4.32460556030273e-02	9.61326885223389e+00	1
72	65	71	66	1.98541983962059e-01	-8.11985790729523e-01	-7.65532076358795e-01	-7.11442112922668e-01	-6.77715480327606e-01	-7.46441543102264e-01	-5.67626476287842e-01	-5.25627195835114e-01	-5.09400188922882e-01	-4.73764449357986e-01	-4.86491531133652e-01	-9.95255351066589e-01	-4.33356076478958e-01	-1.00670969486237e+00	-9.44347143173218e-01	-1.01816403865814e+00	-9.23983871936798e-01	-9.58346903324127e-01	-9.10620450973511e-01	-8.43167066574097e-01	4.00000000000000e+01	4.00000000000000e+01	8.00000000000000e+01	8.00000000000000e+01	8.00000000000000e+01	8.00000000000000e+01	8.00000000000000e+01	1.60000000000000e+02	1.60000000000000e+02	1.60000000000000e+02	1.60000000000000e+02	1.60000000000000e+02	4.00000000000000e+01	1.60000000000000e+02	4.00000000000000e+01	4.00000000000000e+01	4.00000000000000e+01	4.00000000000000e+01	4.00000000000000e+01	8.00000000000000e+01	8.00000000000000e+01	1.19835243225098e+01	1.15623998641968e+01	3.01404620975619e-01	0.00000000000000e+00	3.50459905756635e-01	-6.34825289249420e-01	1.79545807838440e-03	-6.34825289249420e-01	0.00000000000000e+00	3.76991118430775e+00	1.29997441398477e+01	2.60880699887408e+02	9.83497068275571e+02	0.00000000000000e+00	2.27294540405273e+01	1.00000000000000e+00	1.03132314407893e+00	1.91788864135742e+01	4.68400360107422e-01	6.68222236633301e+00	1
72	65	71	68	-3.66999447345734e-01	-1.22944808006287e+00	-4.77099239826202e-01	-4.46515947580338e-01	-5.26032507419586e-01	-7.52348840236664e-01	-3.51707756519318e-01	-3.27241152524948e-01	-8.13515424728394e-01	-8.07398736476898e-01	-3.60882759094238e-01	-1.14993155002594e+00	-6.20840728282928e-01	-1.02759838104248e+00	-1.13769817352295e+00	-6.85065567493439e-01	-2.69132912158966e-01	-5.13799190521240e-01	-3.42532783746719e-01	-1.12546491622925e+00	4.00000000000000e+01	4.00000000000000e+01	8.00000000000000e+01	8.00000000000000e+01	8.00000000000000e+01	8.00000000000000e+01	8.00000000000000e+01	1.60000000000000e+02	1.60000000000000e+02	1.60000000000000e+02	1.60000000000000e+02	1.60000000000000e+02	4.00000000000000e+01	1.60000000000000e+02	4.00000000000000e+01	4.00000000000000e+01	4.00000000000000e+01	4.00000000000000e+01	4.00000000000000e+01	8.00000000000000e+01	8.00000000000000e+01	1.19835243225098e+01	1.15623998641968e+01	3.01241459129528e-01	0.00000000000000e+00	4.71188128179781e-01	-6.23899042606354e-01	5.82958698272705e-04	-6.23899042606354e-01	0.00000000000000e+00	6.85438397146864e+00	1.35617847296877e+01	8.35916839597138e+01	5.72969498681534e+02	0.00000000000000e+00	-2.27199172973633e+01	1.00000000000000e+00	1.03724381759884e+00	1.91788864135742e+01	4.87304992675781e-02	2.34830617904663e+00	1
72	65	71	70	-1.49008476734161e+00	-2.19334912300110e+00	-1.25334227085114e+00	-1.98445868492126e+00	-1.73379015922546e+00	-2.22120094299316e+00	-2.35349845886230e+00	-1.55623328685760e+00	-1.82430934906006e+00	-1.86260592937469e+00	-1.16282308101654e+00	-2.82698321342468e+00	-1.07578551769257e+00	-3.66254448890686e+00	-3.42580223083496e+00	-2.52061057090759e+00	-2.77127909660339e+00	-2.42312836647034e+00	-3.09157776832581e+00	-2.21423816680908e+00	4.00000000000000e+01	4.00000000000000e+01	8.00000000000000e+01	8.00000000000000e+01	8.00000000000000e+01	8.00000000000000e+01	8.00000000000000e+01	1.60000000000000e+02	1.60000000000000e+02	1.60000000000000e+02	1.60000000000000e+02	1.60000000000000e+02	4.00000000000000e+01	1.60000000000000e+02	4.00000000000000e+01	4.00000000000000e+01	4.00000000000000e+01	4.00000000000000e+01	4.00000000000000e+01	8.00000000000000e+01	8.00000000000000e+01	1.19835243225098e+01	1.15623998641968e+01	3.00049653568331e-01	0.00000000000000e+00	2.41865832285915e-01	-1.95211911201477e+00	2.49131536483765e-03	-1.95211911201477e+00	0.00000000000000e+00	1.17809724509617e+01	1.07995610242074e+01	1.71826085758193e+01	2.02427838267386e+02	0.00000000000000e+00	-7.10593509674072e+00	1.00000000000000e+00	1.00947716024109e+00	1.96676445007324e+01	4.28072967529297e-02	9.35234737396240e+00	1
0
