nan
nan
nan
nan
nan
2.399997499478463965e+02
2.153311831767185538e+02
1.908333524510918267e+02
1.670331952396741713e+02
1.444576490111733733e+02
1.236336512342971332e+02
1.050881393777531514e+02
8.934805091024935564e+01
7.658781422717343901e+01
6.544961493136017339e+01
5.561101052312596948e+01
4.692728400554065615e+01
3.925371838167421856e+01
3.244559665459651399e+01
2.635820182737749207e+01
2.084681690308709179e+01
nan
nan
nan
nan
nan
nan
nan
nan
nan
nan
nan
nan
2.563936512364546161e+02
2.325722956057865645e+02
2.100092572867735328e+02
1.880490203186555505e+02
1.660544036676021733e+02
1.446386451804934552e+02
1.244370312992718084e+02
1.061509334408415697e+02
9.075716050151902436e+01
7.848542612538209085e+01
6.759582053507976696e+01
5.722249199722256208e+01
4.798430291371683865e+01
3.992441709269716199e+01
3.287789369842174381e+01
2.667249265828400695e+01
2.103430470169191224e+01
1.573211688341633518e+01
1.097046205173715272e+01
nan
nan
nan
nan
nan
nan
nan
nan
nan
nan
2.447924669501041990e+02
2.213123910199051636e+02
1.993637706887540446e+02
1.788047031932675850e+02
1.592768503700692690e+02
1.403024956213859298e+02
1.215490752967903916e+02
1.039244893942453842e+02
8.914819026634394561e+01
7.718594038591631090e+01
6.669643329718871883e+01
5.724195779095381198e+01
4.837489053038139275e+01
3.990100171350785985e+01
3.237504041073773919e+01
2.592062090633636018e+01
2.006668592151368102e+01
1.458460120117839942e+01
9.691015913828000095e+00
5.328869202688668594e+00
1.362199288139067654e+00
-2.338604115610150469e+00
nan
nan
nan
nan
nan
nan
nan
2.277135127412551583e+02
2.050854837583478343e+02
1.842538414278413370e+02
1.650618605586650744e+02
1.472705984676588002e+02
1.306411124716624386e+02
1.148927815554182530e+02
9.954692376010504518e+01
8.528678410914071151e+01
7.342475463314204376e+01
6.301215278280347576e+01
5.367970284628214728e+01
4.524825234364850246e+01
3.754189143795952788e+01
3.038550600638937738e+01
2.360910255121181223e+01
1.751625320391841001e+01
1.196248746299725063e+01
7.020668663057355374e+00
2.614653183951753501e+00
-1.329363022399723704e+00
-4.884157139950328741e+00
-8.122522625929347484e+00
-1.114626415755752653e+01
nan
nan
nan
nan
nan
2.034836216626505916e+02
1.825713269747144807e+02
1.637824517115918468e+02
1.467329458725590996e+02
1.311831493518627099e+02
1.168941194663425307e+02
1.036269135328384863e+02
9.120422823382067179e+01
8.047730694373557014e+01
6.746226117621203855e+01
5.648810869505449261e+01
4.685667277043621226e+01
3.840959189095136850e+01
3.096654334984941670e+01
2.435161731018736475e+01
1.838890393502217080e+01
1.288854153879300490e+01
7.607050403059078647e+00
2.752226912061233932e+00
-1.561985564099948487e+00
-5.384048219869216112e+00
-8.786738239199829437e+00
-1.184283280604503474e+01
-1.463047034286672599e+01
-1.732239160520206767e+01
-1.983535245938691816e+01
nan
nan
nan
nan
1.526063888336607306e+02
1.356496550160465233e+02
1.208522086355920067e+02
1.078115258179911677e+02
9.623037404863194411e+01
8.600060588869051514e+01
7.963972062969574495e+01
7.651174107831009508e+01
6.438932276052959480e+01
4.851048434285251432e+01
3.872824591900418056e+01
3.046334316381430440e+01
2.277627022527606115e+01
1.612821779753804563e+01
1.050879713864310183e+01
5.649584204702660095e+00
1.228863255751112993e+00
-2.985914280060530501e+00
-6.850040358811331664e+00
-1.030486088766409303e+01
-1.337518071735169300e+01
-1.618984067446506359e+01
-1.890846379368869279e+01
-2.161004177796133874e+01
-2.408950622075450454e+01
-2.600799469205308512e+01
nan
nan
nan
nan
1.018540625217918461e+02
8.932765535421638958e+01
7.889507916821594335e+01
7.062192877790536727e+01
6.683528888366798526e+01
6.698003403943084777e+01
6.848431008676851661e+01
6.228393692907692270e+01
4.777252646112930989e+01
3.053989218647902959e+01
1.962991364681887063e+01
1.252087595981858570e+01
6.687029098099165125e+00
1.383671616241106017e+00
-3.446802454887178069e+00
-7.581726012254796032e+00
-1.095316765167507533e+01
-1.410123158756443829e+01
-1.696986800853931143e+01
-1.956582585501802996e+01
-2.207920185571312643e+01
-2.457433052967578035e+01
-2.695409233358408940e+01
-2.912924626185861143e+01
-3.097314620856578316e+01
-3.232988217434823497e+01
nan
nan
nan
nan
5.345125952343097708e+01
4.671003992526515702e+01
4.429818415435441636e+01
4.516572118207503195e+01
4.821628444419349080e+01
5.185089268190975531e+01
5.140319059520758316e+01
4.294865615900810241e+01
2.902417101157734436e+01
1.285040375914504018e+01
6.324865500928493756e-01
-6.142355589306471408e+00
-1.088987656232675860e+01
-1.472633428422606094e+01
-1.806168595714242997e+01
-2.095070308963234140e+01
-2.343947398049782294e+01
-2.558117737539319592e+01
-2.765936341743243787e+01
-2.971629096314222807e+01
-3.169984911677731176e+01
-3.355792698259245554e+01
-3.523841366484244020e+01
-3.668919826778201809e+01
-3.785816989566595225e+01
-3.868794787544108260e+01
-3.874372037493144205e+01
nan
nan
nan
nan
3.477973203569515448e+00
9.841116627005114026e+00
1.627764712477045705e+01
2.205247847709765097e+01
2.603688501621330431e+01
2.464688845736186451e+01
1.746555340246240107e+01
6.540656454739659509e+00
-6.161580896283625819e+00
-1.752105846554669810e+01
-2.479895008248245247e+01
-2.863995398104934864e+01
-3.128545660382532390e+01
-3.338092071488250667e+01
-3.501051085701451626e+01
-3.620886578601240302e+01
-3.707591193103145599e+01
-3.832715095403909089e+01
-3.976328289743540267e+01
-4.115537189621900893e+01
-4.240265123257967872e+01
-4.344238881210142722e+01
-4.423001826379471879e+01
-4.472660577833271844e+01
-4.504375823881865415e+01
-4.497013903692931081e+01
nan
nan
nan
nan
-6.858709846007293720e+01
-4.385228987189469763e+01
-2.824610711990271028e+01
-1.846614330822526284e+01
-1.283061111308376567e+01
-1.241018041589109444e+01
-1.576878990689547955e+01
-2.127907219981814180e+01
-2.822518790913361997e+01
-3.618803678722399297e+01
-4.296442885584837512e+01
-4.623208405599990556e+01
-4.769586648575936039e+01
-4.856107972476353751e+01
-4.892655348960531114e+01
-4.886304482460634091e+01
-4.857643764308751599e+01
-4.849653473955261518e+01
-4.902896041308820685e+01
-4.985200446086093962e+01
-5.059597122773936206e+01
-5.112556817796453856e+01
-5.138550477202588240e+01
-5.147206235844353728e+01
-5.144088588425291420e+01
-5.116310676634491017e+01
nan
nan
nan
nan
-8.459232029114649265e+01
-1.573289469305394732e+02
-9.412830247468187395e+01
-7.518117457339553766e+01
-6.629302133806072561e+01
-6.101191264477424880e+01
-5.790743480187517633e+01
-5.665417275906651184e+01
-5.695339261026438038e+01
-5.850636044938494251e+01
-6.101434237034432329e+01
-6.350074797041224173e+01
-6.379701873609841556e+01
-6.342749521421895054e+01
-6.259772997404521533e+01
-6.147181310767585671e+01
-6.023646428922888418e+01
-5.908424759471457577e+01
-5.822573544414855462e+01
-5.806774869185870358e+01
-5.837427237023059234e+01
-5.847840065230188600e+01
-5.839827135861335705e+01
-5.817523043726356491e+01
-5.784257689321597695e+01
-5.733352730112179074e+01
-5.631846375295273077e+01
nan
nan
nan
-9.835335448213812981e+01
-2.087767539804642070e+02
-2.030224405178236680e+02
-1.517637690603824012e+02
-1.324110532071893545e+02
-1.194024052014900406e+02
-1.090741428121977776e+02
-1.007137447006097233e+02
-9.402247696064188176e+01
-8.870160568621038522e+01
-8.445239697123138001e+01
-8.107107252001695485e+01
-7.888435005099746888e+01
-7.702949299593649357e+01
-7.484180620043277088e+01
-7.246491090707574756e+01
-7.009137119187568032e+01
-6.791375113084286852e+01
-6.612848727510827018e+01
-6.539846303390237381e+01
-6.587298910538613939e+01
-6.566600889772259109e+01
-6.530719785131427102e+01
-6.481257947760467175e+01
-6.421619674738251149e+01
-6.352017734007690564e+01
-6.254080674156477215e+01
nan
nan
nan
-1.284332938511685711e+02
-2.051976908957198589e+02
-3.038543948206816481e+02
-2.452386005259733963e+02
-2.098555115866632264e+02
-1.813994057423586241e+02
-1.573519173098702311e+02
-1.404609639412146009e+02
-1.270501825038591477e+02
-1.157706077082997780e+02
-1.060460762473382914e+02
-9.797502882237169786e+01
-9.162548355811257750e+01
-8.625309985605498753e+01
-8.139479670067979100e+01
-7.679204472861637498e+01
-7.284084807673656314e+01
-7.046767220226072936e+01
-7.123064142066345994e+01
-7.304878519999112996e+01
-7.352343977137530828e+01
-7.315345865053458851e+01
-7.242990069501172457e+01
-7.159312121571284138e+01
-7.068470342737101930e+01
-6.971566855366543791e+01
-6.867775736346985127e+01
-6.719999262376477134e+01
nan
nan
nan
-1.832954932086865938e+02
-3.338299184585017088e+02
-3.319482282658809140e+02
-2.939958927297269611e+02
-2.598381419250275144e+02
-2.261367559406185705e+02
-1.918220027373636754e+02
-1.616365579757345472e+02
-1.411128183782405756e+02
-1.261695066178953653e+02
-1.134922375412442221e+02
-1.029798694817454248e+02
-9.393926059955593644e+01
-8.582011752035481322e+01
-8.014298165784843775e+01
-7.811748367997269327e+01
-7.833587137594125238e+01
-7.952020360241672847e+01
-8.070882343677034498e+01
-8.101638972861472610e+01
-8.061680962472645717e+01
-7.983697378236004738e+01
-7.879566695799638865e+01
-7.758130093852754783e+01
-7.625982760585220888e+01
-7.489802975185200751e+01
-7.352042282891682135e+01
nan
nan
nan
-1.682179273942379325e+02
-3.078617440504988849e+02
-3.863623165593841122e+02
-3.598481804330666023e+02
-3.277038496253471180e+02
-2.915696679061700820e+02
-2.536266095830927725e+02
-2.160556489636724109e+02
-1.810377603554661334e+02
-1.507539180660309341e+02
-1.276332357161739282e+02
-1.129448267083287760e+02
-1.020764352441417344e+02
-9.470449423502431330e+01
-9.018304903759535307e+01
-8.787359923788680760e+01
-8.713764442193061655e+01
-8.733668417575856324e+01
-8.783221808540265840e+01
-8.796108676364737278e+01
-8.756884564980666141e+01
-8.684906373728587425e+01
-8.584835318566372564e+01
-8.461315007539863586e+01
-8.318989048694896837e+01
-8.162501050077312925e+01
-7.996494619732943931e+01
nan
nan
nan
-1.783662681195725384e+02
-2.713799668736680815e+02
-3.831514645900179517e+02
-3.756406037162577150e+02
-3.424988570003835662e+02
-2.993837083715731069e+02
-2.544043255090770685e+02
-2.104310339074286560e+02
-1.756237914663886386e+02
-1.556083977316345965e+02
-1.379262070025081641e+02
-1.239869747654052645e+02
-1.127946513016845671e+02
-1.032787132101901619e+02
-9.774665453401125603e+01
-9.512815881018065056e+01
-9.412924165604567861e+01
-9.406587257086694365e+01
-9.427760840119759678e+01
-9.406716721148220017e+01
-9.363236599111735359e+01
-9.311599082419149909e+01
-9.229081089061268983e+01
-9.115830271023519060e+01
-8.978138438886463746e+01
-8.820844911837380664e+01
-8.652092562462546255e+01
-8.485965189092767957e+01
nan
nan
-1.945108441729691435e+02
-2.292285012252317529e+02
-3.337509722578043352e+02
-3.349075362755517062e+02
-2.972401670624723238e+02
-2.479778818418887170e+02
-2.160393543930810552e+02
-1.979378079374086212e+02
-1.793592924040123648e+02
-1.612664431583395697e+02
-1.455777193503425337e+02
-1.332562292826209500e+02
-1.235396229437264708e+02
-1.157504743328606764e+02
-1.090615532030094954e+02
-1.032296801382434808e+02
-1.003156014707871293e+02
-1.000727409375357837e+02
-1.002351028446375523e+02
-9.964868266209904846e+01
-9.879576348304269118e+01
-9.802957535588720361e+01
-9.734780046117987240e+01
-9.660802226402414306e+01
-9.560977682361661323e+01
-9.428920850053503955e+01
-9.280862017419143228e+01
-9.138473128180525862e+01
nan
nan
-2.101122469543789180e+02
-2.036450670287120488e+02
-2.732589638491585902e+02
-2.632151075495767145e+02
-2.410478584823125061e+02
-2.263477061661671996e+02
-2.108738124276204644e+02
-1.951940831124974238e+02
-1.797071232078943126e+02
-1.648128550075440160e+02
-1.514638151347118367e+02
-1.407600672363715262e+02
-1.322506259454229678e+02
-1.252702182243397999e+02
-1.194627749980169256e+02
-1.146876141358717973e+02
-1.108015458165667297e+02
-1.076144455986886754e+02
-1.060514288357295953e+02
-1.050274893823886657e+02
-1.036925566664194633e+02
-1.025182538913987003e+02
-1.015594987327575893e+02
-1.007728264796990629e+02
-1.001075799987459618e+02
-9.941804667244799987e+01
-9.850915772389241454e+01
-9.741930713240560635e+01
nan
nan
nan
-2.094784191800511337e+02
-2.369165364876126318e+02
-2.293069464159638926e+02
-2.200027417343866034e+02
-2.094716966550626296e+02
-1.983508526953717706e+02
-1.870314940007574478e+02
-1.759049047166628839e+02
-1.653623689885314718e+02
-1.557387879644652458e+02
-1.465939182568332910e+02
-1.385203793848464215e+02
-1.317549555507069954e+02
-1.261623832504689062e+02
-1.216020933144085490e+02
-1.179335165728021622e+02
-1.150160838559262686e+02
-1.125866071250465836e+02
-1.104910144472390670e+02
-1.088999613131010591e+02
-1.075798647394296381e+02
-1.064803947415319243e+02
-1.055530076492167382e+02
-1.047491597922930566e+02
-1.040203075005697286e+02
-1.033092481609905064e+02
-1.025653592727298076e+02
nan
nan
nan
-2.085627010987541325e+02
-2.194304734497970912e+02
-2.060836375745814451e+02
-2.004673491259551668e+02
-1.960078297423193590e+02
-1.902721747265805732e+02
-1.828832966919803198e+02
-1.749082084243441102e+02
-1.670896551866466666e+02
-1.592553696373634580e+02
-1.513267072557663937e+02
-1.442138417604700464e+02
-1.381233069137790039e+02
-1.330722972657614207e+02
-1.287699763718207464e+02
-1.248385346304153671e+02
-1.210577898764961589e+02
-1.177918303788602543e+02
-1.155404271535668670e+02
-1.138532361170525320e+02
-1.124725810090246796e+02
-1.113202410494459826e+02
-1.102864228337556369e+02
-1.092673252179803285e+02
-1.083630148575432770e+02
-1.076154548157348501e+02
-1.068380740954100361e+02
nan
nan
nan
-2.108598532274555737e+02
-2.132267218346138122e+02
-1.999273616642636284e+02
-1.919121814574447455e+02
-1.870301017994021890e+02
-1.825556951900082936e+02
-1.781502791300449360e+02
-1.737603892613132359e+02
-1.681909662354977115e+02
-1.619325440535341443e+02
-1.552200889979720557e+02
-1.491652886264094775e+02
-1.438780098541340351e+02
-1.389494483710890336e+02
-1.340912737734707321e+02
-1.295292293503262044e+02
-1.255111508288246398e+02
-1.222491609616985784e+02
-1.199087966364030535e+02
-1.181320318446585702e+02
-1.166179878916337174e+02
-1.151752059061052762e+02
-1.139732393792895380e+02
-1.129932114302116020e+02
-1.121580411804422113e+02
-1.113883736120391319e+02
-1.106088950014893726e+02
nan
nan
nan
-2.159228282673813624e+02
-2.122397840826356230e+02
-2.057155228386715180e+02
-1.997922966275470174e+02
-1.937402254996036959e+02
-1.876256962384201756e+02
-1.815150956275748513e+02
-1.754748104506461175e+02
-1.695712274912125395e+02
-1.640604235912960291e+02
-1.585623973076948232e+02
-1.530821758574854528e+02
-1.476737354352662805e+02
-1.424720987746505045e+02
-1.375932670685407402e+02
-1.331532415098394324e+02
-1.292680232914489977e+02
-1.260536136062719947e+02
-1.236334660721369119e+02
-1.216733427424510694e+02
-1.200295057164329364e+02
-1.186548489148982526e+02
-1.175045089670998522e+02
-1.165336225022903847e+02
-1.156973261497227270e+02
-1.149507565386495145e+02
-1.142438962353219409e+02
nan
nan
nan
-2.193422730850081734e+02
-2.103694035667019477e+02
-2.066158228171487679e+02
-2.010344155115107583e+02
-1.949115029390135305e+02
-1.887261322332759619e+02
-1.825485101853432184e+02
-1.766449054555182556e+02
-1.713949275808877815e+02
-1.662556696800353393e+02
-1.610689911771403899e+02
-1.558873164929200357e+02
-1.508358788419570544e+02
-1.457346974929518524e+02
-1.408629087502800985e+02
-1.364295388473235562e+02
-1.325506563689693849e+02
-1.293028343576078214e+02
-1.267439794857198194e+02
-1.249142492219038019e+02
-1.233419603266934814e+02
-1.220347411799206867e+02
-1.209719632683936226e+02
-1.200896970899585625e+02
-1.193420210237652839e+02
-1.186792914795545357e+02
-1.180367898822005941e+02
nan
nan
nan
nan
-2.062199306654611632e+02
-2.038219958449084857e+02
-1.984880609068874833e+02
-1.920854492704848155e+02
-1.865747646063366574e+02
-1.820030147440674284e+02
-1.774212986957752491e+02
-1.727402106554934846e+02
-1.679708464024689647e+02
-1.631342064351535441e+02
-1.582385561444453401e+02
-1.533313230592606828e+02
-1.485848707645840534e+02
-1.441391844197501086e+02
-1.397790249632079167e+02
-1.356819052407099377e+02
-1.321633841091458805e+02
-1.293380242565559683e+02
-1.272624734227106273e+02
-1.258714100620979934e+02
-1.248975060146168374e+02
-1.240162866867505045e+02
-1.232527435165343661e+02
-1.226813831383608999e+02
-1.221987170350290768e+02
-1.217116635157123028e+02
nan
nan
nan
nan
-2.015050063750011020e+02
-1.985122317968449011e+02
-1.938832597659931878e+02
-1.900275477506320101e+02
-1.861242213952942279e+02
-1.821198269855210299e+02
-1.779892469390352119e+02
-1.737165264853739473e+02
-1.693222367861101247e+02
-1.648356353543742614e+02
-1.602849061510249271e+02
-1.556985263390013188e+02
-1.511169407260398430e+02
-1.466140623449329610e+02
-1.422977501956789581e+02
-1.383611558784003535e+02
-1.347085888675806018e+02
-1.315853367835547658e+02
-1.291950202448479956e+02
-1.274732135281072374e+02
-1.263487376681706849e+02
-1.257126101155369895e+02
-1.254302796627489727e+02
-1.252165851454623748e+02
-1.249389380422095002e+02
-1.247230044639449602e+02
nan
nan
nan
nan
-1.984007912745528301e+02
-1.950670306787301627e+02
-1.918482892581532440e+02
-1.885574039033648432e+02
-1.851763935975616846e+02
-1.816872279978947518e+02
-1.780718767615152558e+02
-1.743123095455744078e+02
-1.703903317572868730e+02
-1.662188974954696334e+02
-1.618710471515120446e+02
-1.574525457145657867e+02
-1.530380723470526050e+02
-1.487023062113939886e+02
-1.445199264700115123e+02
-1.405656122853270062e+02
-1.369181764065105256e+02
-1.336624745444026985e+02
-1.310739886933631624e+02
-1.292006370370241655e+02
-1.279297151035171538e+02
-1.271471414773129851e+02
-1.267388347428825028e+02
-1.265907134846965505e+02
-1.265886962872260000e+02
-1.265239925853609435e+02
nan
nan
nan
nan
-1.959814598284064289e+02
-1.922549785852359605e+02
-1.900250699798770881e+02
-1.872956707133552072e+02
-1.843846650459288696e+02
-1.813765241284530134e+02
-1.782434859902120365e+02
-1.749386544171517812e+02
-1.713478891665372714e+02
-1.673816581982965772e+02
-1.631626621083248949e+02
-1.588249856526975918e+02
-1.544842766789680866e+02
-1.502612322489915186e+02
-1.463328066188006744e+02
-1.426716001638815783e+02
-1.389388096570777122e+02
-1.356955241436376127e+02
-1.331899757280521897e+02
-1.313674137627558878e+02
-1.301354855930483723e+02
-1.293620414831349308e+02
-1.287894744848202322e+02
-1.281667544867238746e+02
-1.275219163740349018e+02
-1.268183134503527896e+02
nan
nan
nan
nan
-1.940187850117572452e+02
-1.901588973805879164e+02
-1.879537858802741255e+02
-1.862150818909114776e+02
-1.840558344999076326e+02
-1.813687664414171081e+02
-1.785310126916761817e+02
-1.755660150401477608e+02
-1.722563025894949362e+02
-1.684954495497240998e+02
-1.644183806262593066e+02
-1.602110757128009197e+02
-1.562159199573816863e+02
-1.524487280865056391e+02
-1.484857543393624155e+02
-1.444622409287895266e+02
-1.407250696247847941e+02
-1.375549544326298701e+02
-1.351450279826111682e+02
-1.334292409561570594e+02
-1.320782600009606256e+02
-1.307882863016442343e+02
-1.295251326398653191e+02
-1.283234279357678815e+02
-1.271507502955956994e+02
-1.259172413065442555e+02
nan
nan
nan
nan
-1.920510978873114141e+02
-1.888722929688975398e+02
-1.871086962594467877e+02
-1.855242278754970471e+02
-1.837292397964942552e+02
-1.816450234549314189e+02
-1.791914545545236024e+02
-1.763128013114834687e+02
-1.732433369982323654e+02
-1.696878618869314721e+02
-1.658529744312074001e+02
-1.621605055756332661e+02
-1.582165392250183800e+02
-1.541179006754726970e+02
-1.500032078752206814e+02
-1.459978012188552157e+02
-1.423085959836279528e+02
-1.392016281574951790e+02
-1.368520377815981988e+02
-1.347890459212710823e+02
-1.328040861607321403e+02
-1.309206034622052073e+02
-1.291567483288447704e+02
-1.274938778010344720e+02
-1.258806097846269410e+02
-1.242192404695782102e+02
nan
nan
nan
nan
nan
-1.876191192770244243e+02
-1.862989413232047582e+02
-1.849252694024962693e+02
-1.834179082125909872e+02
-1.816966624511809698e+02
-1.796813368159582183e+02
-1.772917360046146200e+02
-1.744476647148422330e+02
-1.710935058592430664e+02
-1.673447531846523759e+02
-1.633318301795320338e+02
-1.591775496194531172e+02
-1.550047242799870446e+02
-1.509361669367048364e+02
-1.470946903651779394e+02
-1.436031073409774308e+02
-1.405693690072106108e+02
-1.378190915841286426e+02
-1.352465954426738222e+02
-1.328264832568993654e+02
-1.305333577008586019e+02
-1.283418214486047191e+02
-1.262264771741910891e+02
-1.241619275516708854e+02
-1.221227752550974373e+02
