1.047946
0.933856
0.402734
0.854341
-0.845280
-0.664212
-0.575078
-0.354466
-1.087470
-0.701407
-0.850340
-1.063026
-1.980220
-1.316414
-1.289051
-0.823314
-5.380754
-5.025924
-5.659609
-4.261989
-3.444105
-1.730456
-0.462229
-0.123193
-10.507521
-10.665058
-8.844857
-5.900599
-3.264805
-0.124296
1.058837
1.648999
-21.345875
-20.256794
-13.596493
-7.487743
-4.126259
0.190172
4.951268
4.248281
14.531848
21.534405
-2.227378
-3.649635
0.649402
0.715368
0.836120
1.141214
1.281169
4.501204
5.669546
-13.516746
-0.513347
-0.088277
-0.833497
0.167531
1.307266
0.456704
0.588487
2.493222
-0.485825
0.374145
-0.550990
0.266048
0.652960
0.118963
0.204248
