212.780394
-219.994329
225.766949
-221.479544
217.873520
-210.721430
201.930529
-195.169037
208.899722
-214.745293
215.426751
-209.583017
220.936751
-208.418126
194.897962
-188.472836
198.288318
-201.499931
181.032438
-178.711656
187.000292
-193.193484
186.322942
-179.766317
155.700239
-142.788094
133.472441
-137.108359
151.616393
-177.433344
171.715376
-166.878715
85.569579
-70.956576
74.028634
-87.034006
104.892356
-128.581163
156.392704
-150.646281
-29.640053
20.540512
0.036853
-28.363511
56.881361
-85.073621
108.948876
-115.146403
-156.546366
121.334570
-78.809246
34.376180
5.482213
-39.600160
61.804572
-74.185289
-310.442147
231.785154
-149.787822
85.245789
-40.575758
0.376863
25.649811
-41.142592
-322.251168
205.982438
-126.572588
71.253759
-29.344240
