-0.032947
-6.200397
-0.883557
-5.774630
-2.405063
-0.546427
-0.222717
3.992102
-1.294869
0.860468
-0.732740
1.735210
8.976361
-0.289735
2.281223
3.026146
-0.111699
2.158912
3.038608
-5.696005
-0.115128
0.306534
-4.441802
-6.525460
2.159263
-6.684310
10.811430
-0.166815
0.814961
0.851296
1.964713
9.353249
1.064442
0.936831
-3.315398
-1.380748
-459.239136
-0.175159
2.312281
-62.547138
0.782497
3.514602
4.936669
5.053678
-1.870907
5.181760
-3.024832
-1.011064
24.141630
-3.106274
-13.660815
1.083815
-1.350353
1.291990
2.581613
4.385553
-20.507812
14.709694
0.466949
-0.529121
19.907909
-0.913242
7.580523
-7.676194
-0.955189
0.247367
-1.996213
-0.477026
-2.499544
-3.717805
3.237900
-3.697183
-2.344625
-1.234907
-4.404534
2.112555
-2.427575
0.010943
-4.461222
-1.592587
-5.331753
-2.976190
0.086247
-0.949703
0.050823
0.077426
-3.296644
0.455373
-2.935776
-3.251290
2.196664
-0.720980
2.665912
-1.904198
4.239154
-1.293491
-2.765173
-1.109229
-3.806369
-1.563633
-5.295197
1.061571
187.500000
-3.260619
-2.915752
-3.179384
-6.820713
-9.396425
3.069488
-1.929791
-0.512033
-2.075863
-2.439840
-1.640550
0.516529
9.879725
0.884078
-1.297502
-0.784871
-4.112045
-2.150034
1.331836
0.916264
0.388439
-1.221309
-2.715532
8.351399
38.994396
0.788047
-1.935001
0.000000
0.764126
0.730247
0.847746
5.222281
12.696464
-3.264822
0.233209
1.803444
0.449735
-0.663831
-2.463676
-2.551624
-1.545348
-11.198839
-26.095020
-0.013239
0.328972
-1.285217
0.362411
39.744545
1.905462
-0.648843
1.242655
-48.767967
0.484838
0.555488
0.579572
-2.866061
15.814012
-1.848229
0.492658
1.050978
6.631833
0.117688
-2.786180
-39.458527
-8.284178
-4.627795
-12.077048
3.600058
-3.173617
1.105442
0.634139
-1.303548
1.697122
-44.237484
1.115520
-1.669009
0.404140
-1.872742
-3.717627
-2.141698
-5.014214
-1.468927
-1.697983
-1.130254
-2.526178
-2.402802
-1.193725
-1.367113
8.805248
-1.250807
-0.533049
-1.908867
-0.417584
-4.387003
-2.682976
41.051662
-2.761711
-4.204230
-4.358830
1.266389
0.027153
-5.079163
-3.582098
-1.819186
-1.249623
-2.479309
-0.928496
-1.175652
-0.635371
-0.656548
-28.536415
-281.250000
-0.098487
-0.410846
10.749327
4.028272
17.210440
8.099490
4.236248
2.264307
42.151802
-27.699968
6.147964
8.179348
14.416412
