-2.992350
-3.624575
0.634225
-1.980983
-2.916232
-0.757826
-0.284831
-2.091231
-1.929651
-2.883327
-1.951240
-1.703790
-1.898734
-0.612376
-0.680788
-0.737209
0.208797
1.674107
-0.879862
-1.004823
-1.613900
-1.646142
-0.903397
0.652180
0.396901
1.102750
4.543934
-1.575676
-1.483853
-0.517384
-0.460719
-0.490589
1.326132
2.209087
-0.928803
-1.129468
0.451093
0.938979
1.846997
-2.984550
-0.993236
-1.019488
-0.410143
0.306534
-3.829743
-6.692608
-1.059968
-1.137077
1.026243
-2.341205
-0.608361
-0.396052
1.709581
1.228870
-0.472651
-0.793263
0.556264
0.548590
1.099459
7.286833
-0.759566
-0.730542
0.952963
0.655782
-2.694945
-0.922847
-417.798920
-1.096015
-1.137465
-0.282643
-0.217810
0.964651
0.711157
-22.612650
-0.569790
-0.506183
1.006889
1.377170
1.923672
2.673167
-0.843420
-1.031840
0.506704
1.659160
-1.393640
-0.521511
15.513233
-0.176243
-0.909557
-0.810885
-0.113709
-0.647066
-5.972183
0.008521
-0.582815
-1.040807
0.938140
2.090832
0.748993
1.260553
-1.106623
-0.805412
-2.613741
6.083139
-0.196786
-0.124312
12.070016
-1.036910
5.708983
-0.824710
-0.675173
-1.540596
-2.783179
-16.473415
-3.300046
-1.031840
-0.199676
-0.345809
-0.628514
-0.308693
-0.692012
-0.617577
0.140723
-1.372466
-0.772946
2.343217
-0.936871
-0.621151
-2.246844
-1.882170
0.073047
-0.374642
-0.189394
-0.921202
0.898195
-1.193670
-0.135418
-0.802065
0.047979
-1.286891
-0.895701
-0.530712
-1.108477
-4.794876
-1.498725
-2.113040
-0.465567
-0.331940
-0.763507
-2.319230
0.796178
-0.509400
-0.526568
-0.813515
-0.138747
-0.536927
-1.486816
0.206375
-0.432910
0.523129
-0.614597
-1.824309
-1.061414
-0.024086
-0.674865
-0.930587
-0.731083
-0.631974
-1.331354
-1.521848
0.812765
52.678570
-2.192982
0.300151
-1.349147
-0.904788
-2.831171
1.959248
-0.397595
1.344086
-1.079213
0.066845
-0.345510
-0.206612
-0.563789
-0.320748
-0.626759
-0.086429
-1.538152
-0.524204
1.051027
0.244337
0.006975
-0.140547
-0.582663
1.625936
9.190795
-0.687377
-0.718544
-0.033492
-0.623320
-0.243658
0.184943
0.009889
-0.155998
0.593156
1.924730
-0.940186
-0.433102
0.547820
-0.406746
-0.094578
-0.663298
-0.711795
-0.606149
-2.744320
-8.129857
-0.172103
0.236155
-0.669805
0.320188
7.409474
0.739521
-0.349828
-0.080496
-10.587783
0.213600
-0.205123
-0.068997
-0.670403
4.536290
-1.055395
0.087584
0.267628
1.261317
-0.135341
-1.291096
-10.584678
-2.374653
-1.137129
-3.208231
0.591567
-1.671213
0.127551
-0.036137
-0.285950
0.279404
-13.787834
0.018739
-0.148234
-1.781422
-0.361434
-0.446153
-1.153926
-0.899889
0.562618
-0.564972
-0.770193
-0.183284
-0.435209
-0.091632
-0.721716
-1.594307
7.866454
0.564881
0.143257
-0.596521
-0.190997
-3.962250
-2.449673
28.770758
-2.708373
-2.540959
-1.663854
0.536353
-0.237587
-1.999834
-0.587796
-0.473846
-0.400319
-1.471532
-0.569759
-0.483301
-0.371725
-0.352422
-5.733543
-75.420670
-0.216672
-0.239660
5.446806
-0.444840
7.065661
2.944303
0.996571
0.447862
12.775978
-6.569989
0.277692
1.664402
3.461152
