195.126907
-188.768913
-7.264258
182.393083
-173.069780
-8.976229
-10.638413
159.174256
-141.391370
-18.844708
129.444131
-122.122775
-7.777969
-13.062950
206.648441
-198.567878
-8.842649
5.734877
185.165117
-168.358463
149.272704
-134.031472
-16.381899
-18.059021
-18.177761
-15.214204
4.424426
133.257381
-126.225660
-5.810932
219.784859
-211.349623
-8.816688
12.011386
188.958478
-162.272339
-28.115759
-24.505437
12.164051
-3.096956
140.781191
-124.985275
-16.737899
-22.002289
-6.887167
-9.009400
121.549989
-115.059895
-9.885949
-6.915336
240.361549
-246.138758
6.195495
21.282651
192.236597
-150.235349
-44.109647
-57.228207
36.352941
3.262722
124.848559
-109.244158
-16.428432
-26.525187
-12.473651
-25.166056
-0.086971
106.344617
-101.046761
-14.508930
237.692503
-387.606144
156.876502
-4.949125
171.168729
-122.666762
-50.207228
-223.672208
144.263469
26.987977
100.529396
-88.948542
-12.095102
-23.654475
-29.768546
-40.577698
2.636499
-10.702683
82.530610
-79.211614
103.881751
-116.510321
13.425649
-139.409772
94.220237
-73.772072
-20.796624
-25.625484
-281.800539
151.300683
66.849814
-62.929174
-4.089497
-7.250532
-52.825779
-73.722545
3.469625
-12.350914
14.940155
60.998404
60.905571
50.062198
-22.579086
-0.833934
23.432597
28.510520
-160.382784
14.495819
-25.576757
11.075423
33.633015
-39.061838
-23.742715
-19.852138
-17.731443
-5.318273
-9.008043
-6.473103
-3.301828
-13.266849
41.627375
226.483819
-150.020012
84.818362
65.681788
70.378206
-172.520496
-42.456748
14.735321
27.621272
5.207383
-16.709197
-25.454921
3.111328
5.417944
8.014190
-43.421906
-36.257466
-26.775105
-16.906395
23.353431
260.880700
-147.108747
83.591684
63.911469
105.019484
-101.543560
-130.043449
-141.296306
-122.167708
-46.234127
17.182609
-33.929408
17.483892
12.129857
-6.414150
11.191745
15.536147
-9.960370
-16.789238
20.314172
-0.377092
-23.358310
-19.665502
-26.830691
-11.288918
-7.334524
3.431000
-23.106194
6.988313
18.881757
6.663260
-22.398958
-25.876836
2.074012
20.629607
-20.227323
-23.804212
-14.391878
-20.898423
-13.861538
-61.901347
-103.644210
-22.953823
-20.806670
27.093708
8.574859
16.766640
17.236223
29.104342
-46.443416
-57.080137
-82.689644
-82.757015
-79.884684
60.174743
20.505068
-18.274237
-20.170795
-11.551169
-16.934630
-31.390680
-28.370022
-22.743371
-33.635421
-11.121516
-10.146752
-40.449702
96.671101
89.786629
64.560809
3.664665
-105.752569
-174.634965
44.634223
1.749714
-66.231724
-132.424548
40.459675
31.479908
-3.544684
-43.391595
-122.405042
-57.177107
21.118404
28.454034
22.435152
-2.325356
10.255081
-22.442160
-26.185985
307.173127
-31.566959
29.280043
-48.542573
-35.422559
-60.167398
-3.111177
50.779065
20.390282
5.215885
53.419171
40.406821
-21.313073
-29.625774
-5.637644
15.730717
38.795198
38.738103
30.136520
29.065388
70.178946
29.051235
5.318734
5.689832
38.881245
67.316273
109.192051
27.051328
27.442585
0.991479
-19.297141
10.399685
28.851334
75.636578
157.750303
16.644153
23.271481
33.792054
51.255521
12.654650
24.066764
54.526853
103.408816
172.944674
-1.278890
0.370309
114.642409
197.867758
-9.475443
-9.054348
-10.973256
-31.577799
-204.159778
297.678677
-8.129107
11.411590
-29.830270
-20.514818
-12.956186
