-4.154327
-4.623724
0.576568
-2.335909
-3.231559
-2.686839
-1.185826
-6.150395
-5.133034
-4.945125
-5.711977
-5.223250
-2.104430
-0.546427
-1.041421
-1.551011
-0.013920
3.026271
-1.549193
-2.214980
-3.334327
-3.422788
-1.324982
1.106316
-0.006785
1.848729
9.812668
-1.745336
-1.590081
0.517384
-0.498586
-0.636617
1.704046
2.511701
-0.830374
-1.554581
0.081626
1.444203
2.313711
-4.915730
-1.352896
-1.620450
-0.035977
0.377693
-3.427532
-5.763265
-1.329664
-1.421983
1.399962
-4.801167
-0.800749
-0.632159
6.494499
-0.278025
-0.734875
-1.014879
0.932916
0.312004
0.888024
7.069315
-1.138096
-1.289191
1.265823
0.856531
-2.311306
-1.117749
-391.304352
-1.376264
-1.573017
-1.234076
0.073877
1.785580
1.359116
-40.676849
-0.502548
-0.607419
0.997300
2.342781
3.147828
4.297054
-1.078186
-1.618186
-0.682102
3.178810
-1.686621
-0.749582
13.099070
-1.409940
-1.306511
-1.400323
0.836098
-0.244513
-10.148287
0.414951
-0.787179
-1.031140
-0.931033
1.465024
1.554632
2.514267
-1.509911
-1.131005
-10.971968
9.266459
0.304629
-0.484496
12.933370
-0.171233
5.708983
-1.546759
-2.736701
-3.198014
-1.567988
-82.861992
-6.377697
-1.497641
0.054505
-1.033452
-1.234501
-1.399407
-0.905846
-0.968408
-0.372081
-2.607971
-2.478536
4.920757
-2.930081
-1.539754
-4.733809
-3.935059
-0.737422
-0.680237
0.182110
-1.262626
1.573638
-1.817328
-0.117635
-0.774312
1.991108
-3.703386
-0.619250
-0.165417
-1.429709
-8.478969
-1.785714
-0.071872
-0.883383
-0.095294
-0.189264
-2.554218
0.390980
-0.910620
-0.396230
-0.342533
-0.348645
-1.671401
-2.046611
1.259234
-0.498893
1.928691
-0.561548
-3.091578
-1.470464
0.997853
-1.883998
-3.137408
-1.663843
-2.012146
-1.303028
-2.418279
-1.774814
96.726189
-0.144275
-2.486965
-2.045683
-4.136176
-5.463394
-0.522466
-1.857060
0.448029
-1.509719
-2.256016
-1.039015
0.094697
9.772337
0.813999
-0.368359
-0.962401
-2.790317
-1.873297
1.708922
0.538979
0.202804
-0.954753
-1.961811
5.033833
25.153072
-1.716732
-1.284064
-0.007880
-1.468867
-0.101432
0.331831
0.383380
0.286784
2.947995
6.851670
-2.658695
-0.260972
1.056857
-0.813492
-0.203432
-1.764845
-2.295476
-1.258926
-7.452465
-18.511570
-0.463355
0.527530
-1.143540
0.598153
18.136162
1.435004
-0.644934
0.352169
-30.736654
0.489924
-0.045866
0.184911
-1.894154
11.970767
-1.804469
0.398688
0.246140
4.638052
-0.427599
-1.925450
-24.817589
-4.825208
-2.626050
-8.386839
1.812519
-1.478770
0.313080
0.111907
-0.728453
0.891836
-35.433643
0.716490
-1.037641
-0.729739
0.014582
-1.189742
-3.200710
-1.533005
-2.763740
-0.649718
-1.093013
-0.453120
-1.400524
-0.882385
-0.420240
-1.461942
8.071478
-0.121046
0.106610
-0.962130
-0.246754
-5.037869
-2.470504
24.331181
-3.692158
-4.312587
-3.409730
1.038439
-0.183639
-4.179584
-2.136811
-1.109608
-1.086356
-2.372289
-1.205170
-0.832064
-0.617904
-0.524716
-9.366246
-182.391815
-0.561377
-0.162627
10.749327
1.544583
12.918026
6.125992
2.775378
1.335505
28.009666
-17.487549
2.641300
5.978261
9.044912
