-4.133761
-4.623724
0.230627
-2.426704
-3.270703
-3.913139
-0.930060
-6.836995
-5.290890
-5.200357
-6.188478
-5.562090
-2.594937
-1.450859
-1.170219
-1.922488
1.391982
4.593063
-1.898754
-2.647491
-3.366286
-3.772779
-1.249699
1.051683
0.027139
1.929813
7.749777
-1.844606
-1.594845
0.662252
-0.454408
-0.761315
1.071900
3.147192
-0.959226
-1.592091
0.025777
1.439274
2.522243
-5.461923
-1.953125
-1.899468
-0.259038
0.372219
-3.112759
-6.258023
-1.377910
-1.402616
2.847380
-4.546689
-0.774750
-0.573767
8.633862
-0.077847
-0.511499
-0.994168
0.621944
0.595081
1.476788
2.175174
-1.133082
-1.111570
0.963751
1.177730
-2.330252
-0.901713
-385.869568
-1.468595
-1.641608
-0.318471
0.096804
2.002724
1.570269
-43.222095
-0.594564
-0.691372
0.843869
2.493456
3.540305
4.011535
-1.576702
-1.664046
-0.623636
3.158881
-1.963765
-0.726339
12.070815
-0.352485
-1.575315
-2.344727
0.923052
-0.095420
-11.289637
0.550428
-0.787179
-1.095587
-1.819422
1.995663
1.678416
2.739994
-1.871258
-1.864444
-15.969669
11.242872
0.146755
-0.376122
13.610509
-0.799087
5.724710
-1.888962
-2.880738
-3.387850
-2.320622
-89.932121
-6.600092
-1.426887
0.136261
-2.384889
-1.973400
-1.378828
-0.653287
-0.678465
-0.734621
-2.271275
-3.206766
2.769257
-2.967807
-2.729563
-4.322174
-3.841164
-1.210485
-0.634206
0.014569
-1.726448
1.537710
-2.172747
0.240742
-0.754885
2.254990
-3.360215
0.751946
0.261910
-1.963588
-11.626184
-0.850340
1.207452
-0.705645
-0.088941
0.275293
-2.002506
0.781961
-0.958347
-0.521355
-0.513799
0.284608
-2.156367
-2.122743
1.720954
-0.399114
2.166985
-0.414044
-2.423128
-1.488095
2.064523
-2.212058
-3.545094
-1.230236
-2.920153
-2.084844
-3.599622
-1.161093
107.142860
-1.962142
-2.469813
-2.510040
-5.011136
-7.559990
-1.893939
-2.026765
2.016129
-1.757407
-1.270054
-0.805361
0.258264
6.013746
0.258755
-0.670742
-0.495216
-3.864704
-1.841366
1.765083
0.603656
0.257528
-1.085608
-2.191670
5.559388
26.982149
-0.848107
-2.474984
0.543752
-1.712774
0.167584
0.386629
0.480746
0.283633
3.297402
7.895383
-3.182169
0.066631
0.058176
0.357143
-0.778038
-1.950410
-2.118143
-1.305553
-8.419271
-20.134230
-0.542788
0.455861
-1.070171
0.577042
25.545637
1.465079
-0.773921
0.714401
-33.367558
0.437371
0.249715
0.298066
-1.794835
11.214718
-1.910008
0.421496
0.347721
5.669318
-0.203992
-2.099586
-31.105991
-4.424011
-2.804424
-9.529147
2.099802
-1.782627
0.247372
-0.242465
-0.485635
0.933229
-35.215363
0.590829
-1.109013
-3.648695
0.054163
-1.332951
-3.258145
-1.653240
-3.355970
-1.129943
-1.006589
-0.264744
-1.479058
-0.950261
-1.096278
-1.185359
6.819751
-1.129761
-0.106610
-1.200739
-0.313188
-4.496890
-2.707972
22.832104
-2.986915
-6.197989
-3.093363
1.004172
-0.057164
-4.414858
-2.600133
-0.933404
-1.017281
-2.622003
-1.359919
-1.113558
-0.692140
-0.558653
-12.605042
-200.120193
-1.142452
0.222542
9.041939
2.026493
14.110929
6.894842
3.042336
1.492248
31.002855
-21.436352
2.092374
6.698370
9.270169
