0.984301
-0.585899
-1.182965
-1.642176
-1.047146
-1.152386
-0.989315
-1.038987
-0.986842
-0.834570
-0.622044
-1.093689
-1.201449
-1.168398
-0.936632
-1.200010
-1.046859
-1.322521
-1.165675
-1.350615
-1.239588
-1.147073
-1.061954
-1.298459
-1.035016
-1.546046
-1.722343
-1.365141
-1.277147
-1.470443
-1.502820
-1.219059
-2.360611
-0.678338
-0.969784
-1.837505
-0.915660
-1.308254
-1.345546
-1.148942
1.275110
1.610452
-2.520161
-1.937444
-1.424596
-1.642098
-1.254697
-1.340963
-0.336614
-0.548570
0.022343
-0.305517
-3.624780
-1.412972
-1.245878
-1.702002
-1.001680
-0.568960
-0.339406
1.050647
0.368212
135.416656
-2.462943
-2.059819
-1.077586
-0.902682
0.400957
-0.129702
0.386304
-2.929688
-0.040743
164.583313
