0.841918
-0.918936
-1.115191
-1.684751
-1.217612
-1.078436
-1.341759
-1.063725
-0.899950
-1.013848
-0.671315
-1.155132
-1.380126
-1.285856
-1.321209
-1.187575
-0.847458
-1.117624
-1.407490
-1.251487
-1.183806
-1.314484
-1.229630
-1.286034
-1.296887
-1.657808
-1.982554
-1.266308
-1.203110
-1.204775
-1.366762
-1.454208
-2.037433
-1.263753
-1.071866
-1.818882
-1.187883
-1.258886
-1.030762
-0.951275
1.530132
1.972351
-9.072580
-1.616860
-0.737146
-1.667168
-1.421578
-1.254449
-0.342734
-0.647189
0.126609
-0.567388
-5.601933
-1.906826
-1.957809
-1.818577
-0.599808
-0.740260
-0.703495
1.353718
0.384221
181.250000
-2.530730
-1.890519
-1.125479
-0.706180
-0.043180
0.348573
-0.467632
-2.430051
0.937093
118.750000
