0.928586
-0.616736
-0.924192
-2.007104
-1.315020
-1.626898
-1.496339
-1.459529
-0.732373
-0.964392
-0.776015
-0.712741
-1.589610
-1.001484
-1.116514
-1.318146
-1.009472
-1.378403
-1.041667
-1.387787
-1.499901
-1.599702
-1.689189
-1.814115
-1.396648
-1.415657
-2.069290
-1.383673
-1.764561
-1.198596
-1.546111
-1.485148
-2.585432
-1.969967
-1.148428
-2.048570
-1.497228
-1.369964
-0.975212
-1.099526
1.765537
4.378981
-13.104838
-2.759813
-0.695733
-1.679703
-0.902393
-1.198833
-0.636506
-0.468442
0.104266
1.178422
-8.128296
-1.152327
-2.210732
-2.284879
-0.779751
-0.354836
-0.592417
1.495151
0.384221
137.499985
-2.349964
-2.652370
-0.897988
-0.773728
0.678543
0.048638
0.975927
-3.043241
0.896349
283.333313
