1.770503
-0.425548
-1.096707
-0.857581
-0.882768
-0.850424
-1.014048
-0.859638
-0.422046
-0.729476
-0.591249
-1.044534
-1.121353
-0.816024
-0.887009
-0.758556
-0.810070
-0.707828
-1.016865
-1.040841
-0.855315
-1.140873
-1.018482
-0.913270
-0.935255
-0.856845
-0.954104
-0.852441
-1.233959
-0.994711
-0.859638
-1.163366
-1.882869
-1.254460
-0.848561
-1.179480
-0.593942
-1.086098
-0.746840
-1.019223
0.765066
0.199045
-2.520161
-0.989630
-0.190498
-1.084286
-1.180528
-0.766265
-0.195848
-0.536243
-0.223427
0.109113
-6.096221
-0.288082
-0.852443
-0.862659
-0.281910
-0.422132
-0.771376
0.518588
-0.416240
127.083328
-2.598518
-0.747743
-0.736351
-0.540381
0.086360
-0.105383
0.284645
-1.680596
0.081486
135.416656
