0.148574
-1.171798
-1.330836
-2.955917
-1.862946
-1.700848
-1.990997
-1.966653
-1.353029
-1.384768
-1.428853
-1.892450
-2.304318
-1.891691
-2.121377
-2.275666
-1.819541
-1.850288
-1.884921
-1.709952
-2.020528
-2.306548
-1.478041
-1.739563
-2.232143
-1.986887
-2.701229
-2.124926
-1.974334
-1.470443
-2.436671
-1.930693
-5.423786
-2.323075
-2.705186
-2.719011
-1.769451
-1.764909
-1.555402
-2.347302
2.432517
5.175159
-11.592741
-4.794826
-2.186589
-2.356598
-1.730617
-2.150485
-0.159127
-0.332840
1.012869
0.785615
-11.094025
-2.304653
-2.098321
-2.549117
-1.139635
-0.183536
0.111078
2.842134
1.536885
354.166656
-5.965292
-3.583521
-1.269157
-0.908823
0.345440
0.453956
1.585882
-5.768532
1.222295
416.666656
