1.498118
-0.505723
-1.176804
-1.173852
-0.840152
-0.899724
-0.859468
-0.977142
-0.471698
-0.667656
-0.412643
-0.952369
-1.121353
-0.778932
-0.949037
-1.150269
-0.585743
-0.981025
-0.775050
-0.898345
-0.942087
-1.227679
-1.173738
-1.317097
-0.810555
-0.949980
-1.251487
-1.000692
-1.190770
-1.099743
-1.323471
-1.349010
-1.953125
-0.380984
-0.599735
-1.167064
-0.928034
-0.796060
-0.734495
-0.957452
0.461001
1.158078
4.662298
-1.226583
-0.463822
-1.297383
-0.840585
-0.346055
-0.599785
-0.708826
-0.178742
-0.436453
-2.032074
-1.262072
-1.461331
-1.018093
-0.905710
-0.862617
-0.697324
0.511853
0.688397
172.916656
-1.717281
-1.848194
-0.496887
-0.773728
-0.209732
0.299935
0.426968
-2.384629
-0.957464
95.833328
