-0.037143
-1.221137
-1.158320
-3.381666
-2.142996
-1.861073
-2.250693
-2.251138
-1.626117
-1.632048
-1.404218
-1.941604
-2.353608
-2.114244
-2.108972
-2.375149
-2.180957
-1.800616
-2.393353
-2.453410
-2.342820
-2.083333
-2.248112
-2.211730
-2.294493
-2.955494
-3.060567
-2.285531
-2.430898
-2.310696
-2.461409
-2.425743
-6.013939
-3.549658
-2.973152
-3.414283
-1.719956
-1.629147
-2.049180
-2.668512
3.001412
6.803706
-16.129032
-5.352364
-2.451630
-3.033494
-2.052017
-1.915662
0.048962
-0.579389
1.221401
2.924232
-16.146748
-3.594161
-2.828987
-3.512807
-0.899712
0.061179
-0.296209
3.515625
1.664959
449.999969
-5.332611
-4.909707
-1.628352
-0.663195
0.851263
1.215953
1.829863
-7.131177
0.611147
499.999969
