1.126684
-0.807924
-0.967321
-1.094784
-1.181083
-1.140061
-0.983132
-1.100831
-0.564796
-0.766568
-0.757538
-1.007668
-1.115191
-1.050940
-1.023472
-1.305710
-0.778913
-0.925144
-1.395089
-0.960299
-1.289171
-1.289683
-1.266892
-1.254970
-0.985136
-1.061743
-1.753321
-1.062463
-1.388204
-1.291271
-1.100831
-1.299505
-2.782149
-1.403137
-1.244130
-1.210518
-0.760988
-1.234202
-0.975212
-1.037755
0.637555
2.551390
-7.182460
-2.592551
-0.985622
-1.159497
-1.619363
-0.624135
-0.667107
-0.357495
-0.260665
-0.807437
-8.897188
-0.864245
-1.714254
-1.297874
-0.671785
-0.642375
-0.506023
0.814924
0.496286
177.083328
-2.553326
-2.313770
-1.041667
-0.657054
0.098697
0.129702
0.040664
-2.430051
0.162973
177.083328
