1.597167
-0.462552
-1.226094
-0.942731
-1.022794
-0.930536
-0.871834
-0.952404
-0.186197
-0.426558
-0.443437
-0.792617
-1.287707
-0.853116
-0.973849
-1.075657
-0.872383
-0.620902
-0.694444
-0.724871
-0.954482
-0.663442
-0.813543
-1.112077
-0.673384
-0.825800
-0.656721
-1.056286
-0.913129
-0.722865
-0.958589
-0.823020
-2.149843
-0.641169
-0.829420
-1.316051
-0.563007
-0.931823
-0.672773
-1.031577
0.745449
0.651419
-5.418346
-1.602922
-0.240193
-1.015343
-0.741693
-0.593237
-0.722190
-0.412968
-0.074476
-0.349162
-3.734622
-0.973990
-0.543315
-0.870430
-0.851727
-0.715789
-0.666469
0.673491
-0.224129
93.749992
-1.242769
-1.509594
-0.766284
-0.718461
-0.037011
-0.259403
-0.223650
-1.884993
0.000000
58.333328
