0.780012
-0.653740
-0.542192
-2.809945
-1.655952
-1.121574
-1.446874
-1.273996
-0.993049
-0.642928
-0.911510
-0.909359
-1.417094
-1.458952
-1.501092
-1.106745
-1.732303
-1.130042
-1.785714
-1.387787
-1.177608
-1.686508
-1.875497
-1.677435
-1.733340
-2.645043
-2.304718
-1.531923
-1.665844
-1.421016
-1.558480
-1.324257
-7.053732
-3.791258
-2.705186
-2.768673
-0.866165
-1.135466
-1.098657
-1.914904
5.708569
11.436016
-25.705645
-6.300179
-1.159555
-2.995889
-1.569917
-1.421297
1.493341
0.714990
3.559938
6.328561
-24.165201
-2.551580
-2.697842
-3.233027
0.359885
1.296985
1.135466
6.182651
4.610656
779.166626
-8.947939
-4.825057
0.143678
0.233346
2.948579
4.020752
4.554327
-6.586119
3.666884
808.333313
