0.656200
-0.727748
-1.367804
-2.007104
-1.473310
-1.725498
-1.545805
-1.434791
-1.129593
-1.125124
-1.219452
-1.597523
-1.491029
-1.125124
-1.749206
-1.517111
-1.832004
-1.452911
-1.773313
-2.056899
-1.723027
-1.475694
-1.863076
-1.702286
-1.733340
-1.949632
-2.416237
-1.902550
-1.468411
-1.433373
-1.533742
-1.967822
-2.529227
-2.192983
-1.429155
-1.700934
-1.460107
-1.369964
-1.308513
-1.519569
2.373666
5.247539
-6.804435
-3.317351
-1.904983
-1.266045
-1.854233
-1.322424
-0.354975
-0.468442
0.610701
0.130936
-9.885764
-1.399254
-1.592476
-2.315966
-1.115643
-0.648493
-0.037026
1.656789
0.032018
279.166656
-4.609544
-3.470655
-0.921935
-1.068481
0.456475
0.794423
0.528627
-4.678416
0.040743
354.166656
