0.507627
-0.567397
-0.825611
-1.921954
-1.680304
-1.639223
-1.582905
-1.286365
-0.980635
-0.618200
-1.219452
-1.204286
-1.749803
-1.322948
-1.339817
-1.168922
-1.570289
-1.167296
-1.661706
-1.771907
-1.933757
-1.252480
-1.564984
-1.975646
-1.321828
-1.403239
-1.920599
-1.741945
-1.690523
-1.532226
-1.607956
-1.522277
-3.231790
-1.932798
-1.071866
-1.527116
-1.323995
-1.283570
-1.456646
-1.173651
2.216729
4.596120
-6.300403
-3.233720
-0.778558
-1.378861
-1.199070
-1.643761
-0.673227
-0.628698
0.834128
1.483938
-9.336555
-1.070018
-2.098321
-2.067272
-1.343570
-0.342600
-0.370261
1.077586
1.472848
233.333313
-3.253796
-1.975169
-1.305077
-0.650914
0.382452
0.697147
1.382563
-2.725291
0.366688
316.666656
