1.513595
-0.317619
-0.640773
-0.611254
-0.602718
-0.930536
-0.698704
-0.692658
-0.316534
-0.454377
-0.517343
-0.543772
-0.603805
-0.556380
-0.849792
-0.615549
-0.607552
-0.658156
-0.678943
-0.978886
-0.759247
-0.942460
-0.763861
-0.717570
-0.673384
-0.804068
-0.910735
-0.840087
-0.768139
-0.753756
-0.596799
-0.714728
-0.934409
-0.613292
-0.794329
-0.803908
-0.510419
-0.620187
-0.592534
-0.707279
0.274639
0.470469
0.315020
-1.087199
-0.902796
-0.808514
-0.927116
-0.701379
-0.630386
-0.453033
-0.234598
-0.785615
-1.894772
-0.342954
-0.749400
-0.955919
-0.716771
-0.501664
-0.651042
0.158270
-0.032018
114.583321
-0.949024
-1.573081
-0.661518
-0.555733
-0.212816
-0.012160
-0.162655
-0.987918
-0.865792
82.291656
