1.439308
-0.431715
-0.283419
-0.556515
-0.709259
-0.798043
-0.692521
-0.646274
-0.468595
-0.367829
-0.357213
-0.678947
-0.757837
-0.714021
-0.555156
-0.777209
-0.679212
-0.484304
-0.778150
-0.981984
-0.777841
-0.750248
-0.794913
-0.863569
-0.529978
-0.624007
-0.820901
-0.759785
-0.604640
-0.923661
-0.875099
-0.909653
-0.702563
-0.473907
-0.472131
-0.651818
-0.696026
-0.595503
-0.546242
-0.478726
0.264830
0.289519
-4.221270
-0.989630
-0.281606
-0.849253
-0.513004
-0.611776
-0.507981
-0.739645
-0.417064
-0.207315
-0.549209
-0.706486
-0.871178
-0.613964
-0.725768
-0.520018
-0.678811
0.057247
-0.144083
73.958328
-1.163684
-0.860610
-0.709411
-0.577225
-0.262164
-0.048638
-0.345641
-1.498910
-0.366688
56.249996
