1.541452
-0.548895
-1.121353
-1.179934
-1.022794
-1.201686
-0.803819
-0.958589
-0.583416
-0.612018
-0.702109
-1.210431
-1.145998
-1.143670
-1.004863
-1.094310
-0.984546
-0.813382
-0.657242
-0.923127
-1.072243
-1.240079
-1.012272
-0.913270
-0.810555
-1.185923
-1.369201
-1.136588
-1.048865
-1.118278
-1.212151
-1.287129
-2.613534
-0.966399
-1.301552
-1.229142
-0.940408
-0.870113
-0.691290
-0.938921
1.500706
2.840909
-5.418346
-1.937444
-1.027034
-0.789711
-1.137263
-0.376953
-0.281532
-0.782791
-0.528777
-0.174581
-3.569860
-1.412972
-0.964853
-0.948147
-0.545825
-1.003328
-0.641785
0.949623
0.368212
235.416641
-2.327368
-1.326185
-1.119492
-0.730743
0.030843
0.097276
0.528627
-2.021257
-0.387060
60.416664
