1.495023
-0.123347
-0.388160
-0.550433
-0.654466
-0.693280
-0.646147
-0.568969
-0.512041
-0.482196
-0.394166
-0.752679
-0.816369
-0.599654
-0.762952
-0.786535
-0.314681
-0.586752
-0.613839
-0.585473
-0.691070
-0.976562
-0.798018
-0.801441
-0.427100
-0.533976
-0.532811
-0.731988
-0.638574
-0.790826
-0.751410
-0.665223
-0.653384
-0.724799
-0.890032
-0.701480
-0.661998
-0.456655
-0.728323
-0.750519
0.029426
-0.162855
-5.229334
-0.885091
-0.327160
-0.614220
-0.562451
-0.339875
-0.263171
-0.585552
-0.428235
-0.578300
-3.624780
-0.363532
-0.243555
-0.749969
-0.644794
-0.351777
-0.376432
0.165005
0.424244
37.500000
-0.858641
-1.199210
-0.886015
-0.703110
-0.095613
-0.133755
-0.223650
-0.704033
-0.091672
109.374992
