1.581691
-0.542727
-0.751676
-0.954895
-0.770139
-0.754905
-0.720345
-0.769963
-0.474801
-0.578017
-0.501946
-0.654370
-0.874901
-0.778932
-0.809473
-0.932650
-0.620015
-0.819591
-0.920759
-0.827097
-0.712763
-0.768849
-0.853910
-0.919483
-0.598563
-0.776128
-0.898345
-0.963629
-0.740375
-1.028692
-0.967866
-0.838490
-1.117075
-0.650461
-0.851751
-0.968415
-0.829044
-0.783718
-0.823993
-0.948186
0.588512
1.167125
-5.481351
-1.588983
-0.786841
-0.670628
-0.818953
-0.543801
-0.238690
-0.431460
-0.156399
0.032734
-3.762083
-0.624177
-0.983588
-0.625622
-0.965691
-0.608727
-0.691153
0.188578
0.624360
130.208328
-1.434834
-1.008747
-0.969828
-0.534241
-0.225153
0.016213
-0.111825
-1.737373
0.193530
83.333328
