0.049525
-0.838761
-1.281546
-2.566660
-2.045587
-1.750148
-1.459240
-1.892440
-0.844091
-1.174580
-1.281041
-1.658966
-1.996254
-1.829872
-1.513497
-1.827994
-1.470588
-1.552255
-1.785714
-1.573652
-1.735423
-2.182540
-1.900338
-1.665010
-2.132382
-2.210411
-2.750793
-1.816070
-1.776900
-1.433373
-2.065605
-2.029703
-3.400405
-1.802706
-1.926807
-2.346544
-1.373490
-1.518069
-1.481335
-2.260822
2.667922
5.464678
-16.129032
-3.010705
-1.474291
-1.855195
-1.792425
-1.730275
-0.306013
-0.628698
0.804338
0.218226
-7.359403
-1.947981
-1.180306
-2.642377
-0.899712
-0.501664
-0.333235
2.087823
1.152664
383.333313
-5.332611
-4.063206
-0.838123
-1.117607
0.456475
0.713359
0.365973
-4.950944
0.814863
337.499969
