1.460975
-0.178853
0.089339
-0.541310
-0.687950
-0.761068
-0.587406
-0.500940
-0.347567
-0.346192
-0.394166
-0.497690
-0.576079
-0.584199
-0.635793
-0.410366
-0.392572
-0.583648
-0.647941
-0.557593
-0.647684
-0.632440
-0.633446
-0.493912
-0.445805
-0.670574
-0.724871
-0.537409
-0.632404
-1.022514
-0.522586
-0.597153
-0.484768
-0.771261
-0.752858
-0.701480
-0.395961
-0.796060
-0.734495
-0.382981
-0.024521
0.940938
-4.977318
-0.745707
-0.070402
-0.636156
-0.590264
-0.352235
-0.312133
-0.286612
-0.283008
-0.436453
-1.373023
0.027436
-0.444957
-0.781056
-0.695777
-0.562843
-0.499852
0.222252
0.392226
88.541664
-0.892534
-0.938205
-0.685465
-0.607929
-0.160383
-0.040532
-0.752277
-1.090116
0.091672
148.958328
