-121.563733
-141.034485
-176.571069
-234.465709
-236.657021
-181.870644
-153.952999
-139.594598
-107.765056
-122.622274
-145.518015
-169.732597
-171.525697
-154.548293
-139.343488
-129.471596
-85.946598
-96.393175
-111.361910
-125.179879
-128.464034
-125.735506
-117.966328
-113.780337
-54.970180
-64.491036
-75.956347
-86.787173
-93.425473
-96.059017
-95.114373
-93.760729
-17.387969
-26.471296
-38.980218
-52.217804
-61.105991
-68.385053
-71.238410
-73.137416
26.714120
-31.042284
-41.376558
-48.471237
-52.375327
78.762205
60.741478
35.734069
-18.831528
-27.721058
-33.562945
139.002373
107.139101
68.928377
38.983129
-18.516937
142.920337
93.926393
59.024810
32.224920
