72
# x y z
1	0	0
2	0	0
3	0	0
4	0	0
5	0	0
6	0	0
7	0	0
8	0	0
9	0	0
10	0	0
11	0	0
12	0	0
13	0	0
14	0	0
15	0	0
16	0	0
17	0	0
18	0	0
19	0	0
20	0	0
21	0	0
22	0	0
23	0	0
24	0	0
25	0	0
26	0	0
27	0	0
28	0	0
29	0	0
30	0	0
31	0	0
32	0	0
33	0	0
34	0	0
35	0	0
36	0	0
37	0	0
38	0	0
39	0	0
40	0	0
41	0	0
42	0	0
43	0	0
44	0	0
45	0	0
46	0	0
47	0	0
48	0	0
49	0	0
50	0	0
51	0	0
52	0	0
53	0	0
54	0	0
55	0	0
56	0	0
57	0	0
58	0	0
59	0	0
60	0	0
61	0	0
62	0	0
63	0	0
64	0	0
65	0	0
66	0	0
67	0	0
68	0	0
69	0	0
70	0	0
71	0	0
72	0	0
60
# a b m n M1 M10 M11 M12 M13 M14 M15 M16 M17 M18 M19 M2 M20 M3 M4 M5 M6 M7 M8 M9 TM0 TM1 TM10 TM11 TM12 TM13 TM14 TM15 TM16 TM17 TM18 TM19 TM2 TM20 TM3 TM4 TM5 TM6 TM7 TM8 TM9 bat_rx bat_tx c err fit gm i ip iperr k m0 r rhoa rs_check sp stacks tau temp u vab valid 
72	65	71	1	-2.11886167526245e+00	-1.32268333435059e+00	-1.14290118217468e+00	-9.50277388095856e-01	-3.72405976057053e-01	-1.14932191371918e+00	-8.50755035877228e-01	-7.64074385166168e-01	-4.23772305250168e-01	-2.43990138173103e-01	-4.81559455394745e-01	-2.52979254722595e+00	-1.12363882362843e-01	-2.31148552894592e+00	-2.63252520561218e+00	-2.37569355964661e+00	-2.22159433364868e+00	-2.05465364456177e+00	-1.72077250480652e+00	-1.65014374256134e+00	4.00000000000000e+01	4.00000000000000e+01	8.00000000000000e+01	8.00000000000000e+01	8.00000000000000e+01	8.00000000000000e+01	8.00000000000000e+01	1.60000000000000e+02	1.60000000000000e+02	1.60000000000000e+02	1.60000000000000e+02	1.60000000000000e+02	4.00000000000000e+01	1.60000000000000e+02	4.00000000000000e+01	4.00000000000000e+01	4.00000000000000e+01	4.00000000000000e+01	4.00000000000000e+01	8.00000000000000e+01	8.00000000000000e+01	1.23460941314697e+01	1.21286001205444e+01	2.97140810330450e-01	0.00000000000000e+00	3.22157791812299e-01	-9.85948324203491e-01	3.81878852844238e-04	-9.85948324203491e-01	0.00000000000000e+00	7.52591003492418e+00	1.23959520189435e+01	-1.21563732896469e+02	-9.14877717288375e+02	0.00000000000000e+00	-9.96746158599854e+00	1.00000000000000e+00	1.02903954889233e+00	2.11339206695557e+01	-4.64226188659668e-02	1.87322673797607e+01	1
72	65	71	2	-8.81523311138153e-01	-1.23413264751434e+00	-9.31896090507507e-01	-8.81523311138153e-01	-1.46710669994354e+00	-9.50785815715790e-01	-7.80777752399445e-01	-2.73901879787445e-01	-2.95939952135086e-01	-6.54845893383026e-01	-1.00115859508514e+00	-1.83860576152802e+00	-5.50952076911926e-01	-2.25418090820312e+00	-2.65716314315796e+00	-2.02750349044800e+00	-1.13338708877563e+00	-1.04523468017578e+00	-2.06528306007385e+00	-1.85119891166687e+00	4.00000000000000e+01	4.00000000000000e+01	8.00000000000000e+01	8.00000000000000e+01	8.00000000000000e+01	8.00000000000000e+01	8.00000000000000e+01	1.60000000000000e+02	1.60000000000000e+02	1.60000000000000e+02	1.60000000000000e+02	1.60000000000000e+02	4.00000000000000e+01	1.60000000000000e+02	4.00000000000000e+01	4.00000000000000e+01	4.00000000000000e+01	4.00000000000000e+01	4.00000000000000e+01	8.00000000000000e+01	8.00000000000000e+01	1.23460941314697e+01	1.21286001205444e+01	2.99273151648256e-01	0.00000000000000e+00	4.34797406112654e-01	-9.96261358261108e-01	3.35650444030762e-04	-9.96261358261108e-01	0.00000000000000e+00	7.52548810555730e+00	1.18919696962400e+01	-1.41034484522169e+02	-1.06135333574499e+03	0.00000000000000e+00	1.93721656799316e+01	1.00000000000000e+00	1.02217134576693e+00	2.06451606750488e+01	-4.73382873535156e-02	1.59966545104980e+01	1
72	65	71	3	-2.79492115974426e+00	-2.20052623748779e+00	-1.86538851261139e+00	-8.41005682945251e-01	-1.65671789646149e+00	-1.49863409996033e+00	-1.02754449844360e+00	-1.01489782333374e+00	-6.29173398017883e-01	-8.28358948230743e-01	-1.25518512725830e+00	-3.09844183921814e+00	-8.97915840148926e-01	-3.61695671081543e+00	-3.71813011169434e+00	-3.51578307151794e+00	-2.88344812393188e+00	-2.73168754577637e+00	-2.37757992744446e+00	-2.02979564666748e+00	4.00000000000000e+01	4.00000000000000e+01	8.00000000000000e+01	8.00000000000000e+01	8.00000000000000e+01	8.00000000000000e+01	8.00000000000000e+01	1.60000000000000e+02	1.60000000000000e+02	1.60000000000000e+02	1.60000000000000e+02	1.60000000000000e+02	4.00000000000000e+01	1.60000000000000e+02	4.00000000000000e+01	4.00000000000000e+01	4.00000000000000e+01	4.00000000000000e+01	4.00000000000000e+01	8.00000000000000e+01	8.00000000000000e+01	1.23460941314697e+01	1.21286001205444e+01	2.99487857786799e-01	0.00000000000000e+00	2.72523844321231e-01	-1.55357694625854e+00	2.66963243484497e-04	-1.55357694625854e+00	0.00000000000000e+00	7.52504668088305e+00	1.10092304560348e+01	-1.76571068789212e+02	-1.32870553513223e+03	0.00000000000000e+00	1.83487136840820e+02	1.00000000000000e+00	1.01237785020026e+00	2.06451606750488e+01	-4.71379852294922e-02	1.27541971206665e+01	1
72	65	71	4	-5.17451286315918e+00	-1.69313097000122e+00	-1.76288545131683e+00	-2.51750206947327e+00	-1.45850241184235e+00	-1.43313705921173e+00	-1.70898437500000e+00	-1.18265521526337e+00	-1.33167612552643e+00	-1.18265521526337e+00	-7.92664408683777e-01	-5.49157857894897e+00	-7.60957777500153e-01	-4.75598621368408e+00	-4.33745956420898e+00	-3.42430996894836e+00	-3.29748368263245e+00	-2.39701700210571e+00	-2.53018450737000e+00	-2.18141222000122e+00	4.00000000000000e+01	4.00000000000000e+01	8.00000000000000e+01	8.00000000000000e+01	8.00000000000000e+01	8.00000000000000e+01	8.00000000000000e+01	1.60000000000000e+02	1.60000000000000e+02	1.60000000000000e+02	1.60000000000000e+02	1.60000000000000e+02	4.00000000000000e+01	1.60000000000000e+02	4.00000000000000e+01	4.00000000000000e+01	4.00000000000000e+01	4.00000000000000e+01	4.00000000000000e+01	8.00000000000000e+01	8.00000000000000e+01	1.23234338760376e+01	1.21286001205444e+01	2.99477687658200e-01	0.00000000000000e+00	2.13978398101492e-01	-1.86378276348114e+00	2.00474739074707e-04	-1.86378276348114e+00	0.00000000000000e+00	7.52458454071242e+00	1.08381665885559e+01	-2.34465708590810e+02	-1.76425704618959e+03	0.00000000000000e+00	2.21258575439453e+02	1.00000000000000e+00	1.01043484920750e+00	2.11339206695557e+01	-4.70044517517090e-02	9.61569213867188e+00	1
72	65	71	5	-4.58809137344360e+00	-1.42103385925293e+00	-1.66955542564392e+00	-1.78425788879395e+00	-9.17618334293365e-01	-1.52936375141144e+00	-1.38598597049713e+00	-1.13427817821503e+00	-3.37734520435333e-01	-7.04144597053528e-01	-8.60267102718353e-01	-4.52436780929565e+00	-7.42378711700439e-01	-3.97634601593018e+00	-3.39008998870850e+00	-2.84206771850586e+00	-2.20483279228210e+00	-2.68913149833679e+00	-2.28767347335815e+00	-1.29995930194855e+00	4.00000000000000e+01	4.00000000000000e+01	8.00000000000000e+01	8.00000000000000e+01	8.00000000000000e+01	8.00000000000000e+01	8.00000000000000e+01	1.60000000000000e+02	1.60000000000000e+02	1.60000000000000e+02	1.60000000000000e+02	1.60000000000000e+02	4.00000000000000e+01	1.60000000000000e+02	4.00000000000000e+01	4.00000000000000e+01	4.00000000000000e+01	4.00000000000000e+01	4.00000000000000e+01	8.00000000000000e+01	8.00000000000000e+01	1.23234338760376e+01	1.21286001205444e+01	2.99136407974452e-01	0.00000000000000e+00	3.30945395124011e-01	-1.48206663131714e+00	1.97651147842407e-04	-1.48206663131714e+00	0.00000000000000e+00	7.52410036784687e+00	1.11724321204060e+01	-2.36657020611356e+02	-1.78063117583545e+03	0.00000000000000e+00	-1.27974571228027e+02	1.00000000000000e+00	1.01451850481467e+00	2.06451606750488e+01	-4.67755317687988e-02	9.58066177368164e+00	1
72	65	71	6	-2.30444097518921e+00	-2.29807496070862e+00	-2.37446522712708e+00	-1.43231821060181e+00	-9.42147135734558e-01	-1.29863524436951e+00	-1.58191597461700e+00	-1.57236719131470e+00	-1.15858626365662e+00	-1.27317178249359e+00	-8.81671488285065e-01	-3.38663697242737e+00	-5.22000432014465e-01	-3.64127111434937e+00	-3.42483210563660e+00	-3.31024646759033e+00	-2.80097770690918e+00	-2.01161122322083e+00	-2.03707480430603e+00	-2.61636805534363e+00	4.00000000000000e+01	4.00000000000000e+01	8.00000000000000e+01	8.00000000000000e+01	8.00000000000000e+01	8.00000000000000e+01	8.00000000000000e+01	1.60000000000000e+02	1.60000000000000e+02	1.60000000000000e+02	1.60000000000000e+02	1.60000000000000e+02	4.00000000000000e+01	1.60000000000000e+02	4.00000000000000e+01	4.00000000000000e+01	4.00000000000000e+01	4.00000000000000e+01	4.00000000000000e+01	8.00000000000000e+01	8.00000000000000e+01	1.23234338760376e+01	1.21286001205444e+01	2.99543478068261e-01	0.00000000000000e+00	2.34215364316240e-01	-1.66304540634155e+00	2.57453441619873e-04	-1.66304540634155e+00	0.00000000000000e+00	7.52359273867076e+00	1.09645430324071e+01	-1.81870643559497e+02	-1.36832065326161e+03	0.00000000000000e+00	9.69085311889648e+01	1.00000000000000e+00	1.01179528196646e+00	2.06451606750488e+01	-4.68232231140137e-02	1.23613014221191e+01	1
72	65	71	7	-2.76145100593567e+00	-2.14075803756714e+00	-1.72274005413055e+00	-1.20338463783264e+00	-1.06404542922974e+00	-6.77695572376251e-01	-1.31422269344330e+00	-1.71007287502289e+00	-1.03871095180511e+00	-4.11684244871140e-01	-8.32868874073029e-01	-2.97679376602173e+00	-1.37122511863708e+00	-2.57144308090210e+00	-2.45743823051453e+00	-1.88741385936737e+00	-2.40676927566528e+00	-2.02675318717957e+00	-2.10908985137939e+00	-1.79240977764130e+00	4.00000000000000e+01	4.00000000000000e+01	8.00000000000000e+01	8.00000000000000e+01	8.00000000000000e+01	8.00000000000000e+01	8.00000000000000e+01	1.60000000000000e+02	1.60000000000000e+02	1.60000000000000e+02	1.60000000000000e+02	1.60000000000000e+02	4.00000000000000e+01	1.60000000000000e+02	4.00000000000000e+01	4.00000000000000e+01	4.00000000000000e+01	4.00000000000000e+01	4.00000000000000e+01	8.00000000000000e+01	8.00000000000000e+01	1.23460941314697e+01	1.21286001205444e+01	2.99534869684644e-01	0.00000000000000e+00	3.21312606665140e-01	-1.44940984249115e+00	3.05688619613647e-04	-1.44940984249115e+00	0.00000000000000e+00	7.52306011266156e+00	1.11553711056513e+01	-1.53952999295715e+02	-1.15819766822621e+03	0.00000000000000e+00	3.50177429199219e+02	1.00000000000000e+00	1.01399369755657e+00	2.06451606750488e+01	-4.70616798400879e-02	1.47365398406982e+01	1
72	65	71	8	-2.51669359207153e+00	-1.79583168029785e+00	-1.38481390476227e+00	-1.74524486064911e+00	-8.09388875961304e-01	-1.51128089427948e+00	-1.11607146263123e+00	-1.36584377288818e+00	-1.09710133075714e+00	-1.17930495738983e+00	-6.76598548889160e-01	-2.90874147415161e+00	-9.99089419841766e-01	-2.73168754577637e+00	-2.60522055625916e+00	-2.63051390647888e+00	-2.64316058158875e+00	-2.76962780952454e+00	-1.80215501785278e+00	-1.75156831741333e+00	4.00000000000000e+01	4.00000000000000e+01	8.00000000000000e+01	8.00000000000000e+01	8.00000000000000e+01	8.00000000000000e+01	8.00000000000000e+01	1.60000000000000e+02	1.60000000000000e+02	1.60000000000000e+02	1.60000000000000e+02	1.60000000000000e+02	4.00000000000000e+01	1.60000000000000e+02	4.00000000000000e+01	4.00000000000000e+01	4.00000000000000e+01	4.00000000000000e+01	4.00000000000000e+01	8.00000000000000e+01	8.00000000000000e+01	1.23460941314697e+01	1.21286001205444e+01	2.99679003782032e-01	0.00000000000000e+00	2.11754251782562e-01	-1.46982777118683e+00	3.37677717208862e-04	-1.46982777118683e+00	0.00000000000000e+00	7.52250082067316e+00	1.10315355857651e+01	-1.39594598124863e+02	-1.05010047895582e+03	0.00000000000000e+00	2.75674224853516e+02	1.00000000000000e+00	1.01247311441182e+00	2.06451606750488e+01	-4.71379852294922e-02	1.63299236297607e+01	1
72	65	71	9	-1.92481887340546e+00	-8.74345839023590e-01	-8.86926352977753e-01	-1.13224637508392e+00	-1.08192431926727e+00	-8.74345839023590e-01	-6.54186844825745e-01	-7.73701727390289e-01	-5.44107258319855e-01	-3.74270349740982e-01	-2.32739552855492e-01	-2.66706943511963e+00	-2.17013895511627e-01	-2.20159029960632e+00	-1.69836962223053e+00	-2.37771749496460e+00	-1.40901780128479e+00	-1.18256843090057e+00	-1.78014290332794e+00	-8.24023783206940e-01	4.00000000000000e+01	4.00000000000000e+01	8.00000000000000e+01	8.00000000000000e+01	8.00000000000000e+01	8.00000000000000e+01	8.00000000000000e+01	1.60000000000000e+02	1.60000000000000e+02	1.60000000000000e+02	1.60000000000000e+02	1.60000000000000e+02	4.00000000000000e+01	1.60000000000000e+02	4.00000000000000e+01	4.00000000000000e+01	4.00000000000000e+01	4.00000000000000e+01	4.00000000000000e+01	8.00000000000000e+01	8.00000000000000e+01	1.23460941314697e+01	1.21286001205444e+01	2.98127574457180e-01	0.00000000000000e+00	2.24625329962738e-01	-8.78958821296692e-01	4.39715623855591e-04	-8.78958821296692e-01	0.00000000000000e+00	7.52191305182544e+00	1.21738795432199e+01	-1.07765055704031e+02	-8.10599379030846e+02	0.00000000000000e+00	-3.67126884460449e+01	1.00000000000000e+00	1.02603163434215e+00	2.06451606750488e+01	-4.73859786987305e-02	2.15387401580811e+01	1
72	65	71	10	-2.02383351325989e+00	-1.31360614299774e+00	-1.23818385601044e+00	-1.94841101765633e-01	-1.57129928469658e-01	-5.90808510780334e-01	-7.10227251052856e-01	-8.29645991325378e-01	-3.42543244361877e-01	-4.68247175216675e-01	-9.14496183395386e-01	-2.55178999900818e+00	-2.79691278934479e-01	-2.18724870681763e+00	-2.30038213729858e+00	-1.57129931449890e+00	-1.62158095836639e+00	-1.63415122032166e+00	-1.12505030632019e+00	-1.00563156604767e+00	4.00000000000000e+01	4.00000000000000e+01	8.00000000000000e+01	8.00000000000000e+01	8.00000000000000e+01	8.00000000000000e+01	8.00000000000000e+01	1.60000000000000e+02	1.60000000000000e+02	1.60000000000000e+02	1.60000000000000e+02	1.60000000000000e+02	4.00000000000000e+01	1.60000000000000e+02	4.00000000000000e+01	4.00000000000000e+01	4.00000000000000e+01	4.00000000000000e+01	4.00000000000000e+01	8.00000000000000e+01	8.00000000000000e+01	1.23460941314697e+01	1.21286001205444e+01	2.98454518512631e-01	0.00000000000000e+00	5.95323049345433e-01	-8.73782277107239e-01	3.86749744415283e-04	-8.73782277107239e-01	0.00000000000000e+00	7.52129483880730e+00	1.27466937476830e+01	-1.22622274443854e+02	-9.22278279897371e+02	0.00000000000000e+00	-4.19491844177246e+01	1.00000000000000e+00	1.03181613522777e+00	2.06451606750488e+01	-4.74241333007813e-02	1.91112365722656e+01	1
72	65	71	11	-9.27225351333618e-01	-1.03999590873718e+00	-7.20479190349579e-01	-1.14023661613464e+00	-1.11517643928528e+00	-4.57347631454468e-01	-6.01443469524384e-01	-5.70118308067322e-01	-7.76864469051361e-01	-1.10577893257141e+00	-1.04626107215881e+00	-1.95469129085541e+00	-2.91324198246002e-01	-2.66890549659729e+00	-1.64143943786621e+00	-8.89635145664215e-01	-1.76674020290375e+00	-1.50360870361328e+00	-9.20960307121277e-01	-1.43469321727753e+00	4.00000000000000e+01	4.00000000000000e+01	8.00000000000000e+01	8.00000000000000e+01	8.00000000000000e+01	8.00000000000000e+01	8.00000000000000e+01	1.60000000000000e+02	1.60000000000000e+02	1.60000000000000e+02	1.60000000000000e+02	1.60000000000000e+02	4.00000000000000e+01	1.60000000000000e+02	4.00000000000000e+01	4.00000000000000e+01	4.00000000000000e+01	4.00000000000000e+01	4.00000000000000e+01	8.00000000000000e+01	8.00000000000000e+01	1.23460941314697e+01	1.21286001205444e+01	2.99582211049893e-01	0.00000000000000e+00	3.90933096559914e-01	-9.46159720420837e-01	3.26947450637817e-04	-9.46159720420837e-01	0.00000000000000e+00	7.52064404136975e+00	1.18952003858637e+01	-1.45518015163525e+02	-1.09438919365152e+03	0.00000000000000e+00	-3.43758201599121e+01	1.00000000000000e+00	1.02196963707413e+00	2.06451606750488e+01	-4.75767440795898e-02	1.63452243804932e+01	1
72	65	71	12	-2.01370811462402e+00	-1.33830296993256e+00	-1.33830296993256e+00	-7.31688976287842e-01	-1.10066032409668e+00	-5.06553888320923e-01	-9.91219699382782e-01	-7.66084611415863e-01	-1.03186905384064e+00	-7.00420260429382e-01	-5.90979576110840e-01	-2.81418848037720e+00	-9.69331622123718e-01	-2.15129065513611e+00	-2.40144062042236e+00	-2.33890318870544e+00	-1.63848304748535e+00	-1.21322786808014e+00	-9.50570344924927e-01	-1.80733430385590e+00	4.00000000000000e+01	4.00000000000000e+01	8.00000000000000e+01	8.00000000000000e+01	8.00000000000000e+01	8.00000000000000e+01	8.00000000000000e+01	1.60000000000000e+02	1.60000000000000e+02	1.60000000000000e+02	1.60000000000000e+02	1.60000000000000e+02	4.00000000000000e+01	1.60000000000000e+02	4.00000000000000e+01	4.00000000000000e+01	4.00000000000000e+01	4.00000000000000e+01	4.00000000000000e+01	8.00000000000000e+01	8.00000000000000e+01	1.23460941314697e+01	1.21286001205444e+01	2.99590258098192e-01	0.00000000000000e+00	3.17272522333299e-01	-1.11817085742950e+00	2.80809879302979e-04	-1.11817085742950e+00	0.00000000000000e+00	7.51995832774975e+00	1.14653738121357e+01	-1.69732596820179e+02	-1.27638205494849e+03	0.00000000000000e+00	-3.03220672607422e+01	1.00000000000000e+00	1.01741245235558e+00	2.06451606750488e+01	-4.76625900268555e-02	1.39589996337891e+01	1
72	65	71	13	-2.66599607467651e+00	-1.49019110202789e+00	-9.43158924579620e-01	-1.97434604167938e+00	-1.45246469974518e+00	-1.40216290950775e+00	-1.67253530025482e+00	-1.04061877727509e+00	-1.17580485343933e+00	-6.22484922409058e-01	-1.25125753879547e+00	-3.96126770973206e+00	-5.75326979160309e-01	-3.03068423271179e+00	-2.84205222129822e+00	-2.84205222129822e+00	-1.81086528301239e+00	-2.06237435340881e+00	-1.67882287502289e+00	-2.04979896545410e+00	4.00000000000000e+01	4.00000000000000e+01	8.00000000000000e+01	8.00000000000000e+01	8.00000000000000e+01	8.00000000000000e+01	8.00000000000000e+01	1.60000000000000e+02	1.60000000000000e+02	1.60000000000000e+02	1.60000000000000e+02	1.60000000000000e+02	4.00000000000000e+01	1.60000000000000e+02	4.00000000000000e+01	4.00000000000000e+01	4.00000000000000e+01	4.00000000000000e+01	4.00000000000000e+01	8.00000000000000e+01	8.00000000000000e+01	1.23234338760376e+01	1.21286001205444e+01	2.99547911877553e-01	0.00000000000000e+00	2.56545188045721e-01	-1.47887313365936e+00	2.76372909545898e-04	-1.47887313365936e+00	0.00000000000000e+00	7.51923515372265e+00	1.10748300407976e+01	-1.71525697209781e+02	-1.28974205222657e+03	0.00000000000000e+00	-5.83740348815918e+01	1.00000000000000e+00	1.01306678694153e+00	2.06451606750488e+01	-4.74050559997559e-02	1.36079730987549e+01	1
72	65	71	14	-2.02668690681458e+00	-2.11480355262756e+00	-1.51057398319244e+00	-9.75579082965851e-01	-2.04556894302368e+00	-1.16440081596375e+00	-9.47255790233612e-01	-1.67107248306274e+00	-1.28398799896240e+00	-1.04796075820923e+00	-1.36895775794983e+00	-2.87009072303772e+00	-9.56696927547455e-01	-3.13444113731384e+00	-3.49949645996094e+00	-2.93303132057190e+00	-2.27844929695129e+00	-1.62386715412140e+00	-1.80010068416595e+00	-1.24622356891632e+00	4.00000000000000e+01	4.00000000000000e+01	8.00000000000000e+01	8.00000000000000e+01	8.00000000000000e+01	8.00000000000000e+01	8.00000000000000e+01	1.60000000000000e+02	1.60000000000000e+02	1.60000000000000e+02	1.60000000000000e+02	1.60000000000000e+02	4.00000000000000e+01	1.60000000000000e+02	4.00000000000000e+01	4.00000000000000e+01	4.00000000000000e+01	4.00000000000000e+01	4.00000000000000e+01	8.00000000000000e+01	8.00000000000000e+01	1.23234338760376e+01	1.21286001205444e+01	2.99873092465426e-01	0.00000000000000e+00	2.77707346630849e-01	-1.53742861747742e+00	3.06424379348755e-04	-1.53742861747742e+00	0.00000000000000e+00	7.51847173893091e+00	1.10045844096732e+01	-1.54548292649527e+02	-1.16196697058549e+03	0.00000000000000e+00	-2.59154014587402e+01	1.00000000000000e+00	1.01201572221800e+00	2.06451606750488e+01	-4.73573646545410e-02	1.53792371749878e+01	1
72	65	71	15	-2.78590154647827e+00	-6.68112158775330e-01	-7.62656331062317e-01	-5.16841471195221e-01	-1.21646845340729e+00	-1.29210376739502e+00	-7.81565129756927e-01	-1.22592282295227e+00	-1.27634632587433e+00	-6.42900407314301e-01	-7.27990090847015e-01	-3.32795476913452e+00	-6.58657729625702e-01	-1.57573628425598e+00	-1.46228325366974e+00	-1.75221860408783e+00	-1.42446553707123e+00	-1.95391297340393e+00	-1.68288624286652e+00	-1.77112746238708e+00	4.00000000000000e+01	4.00000000000000e+01	8.00000000000000e+01	8.00000000000000e+01	8.00000000000000e+01	8.00000000000000e+01	8.00000000000000e+01	1.60000000000000e+02	1.60000000000000e+02	1.60000000000000e+02	1.60000000000000e+02	1.60000000000000e+02	4.00000000000000e+01	1.60000000000000e+02	4.00000000000000e+01	4.00000000000000e+01	4.00000000000000e+01	4.00000000000000e+01	4.00000000000000e+01	8.00000000000000e+01	8.00000000000000e+01	1.23460941314697e+01	1.21286001205444e+01	2.99669813027537e-01	0.00000000000000e+00	3.63459049298446e-01	-1.14125323295593e+00	3.39381456375122e-04	-1.14125323295593e+00	0.00000000000000e+00	7.51766504007633e+00	1.14894160647318e+01	-1.39343488337294e+02	-1.04753767083556e+03	0.00000000000000e+00	-2.08410568237305e+01	1.00000000000000e+00	1.01762579634238e+00	2.06451606750488e+01	-4.72905960083008e-02	1.71490898132324e+01	1
72	65	71	16	-2.15126824378967e+00	-1.30208337306976e+00	-9.56119179725647e-01	-1.07563412189484e+00	-1.47192025184631e+00	-1.71724033355713e+00	-1.00015103816986e+00	-4.46608304977417e-01	-6.57331943511963e-01	-6.41606330871582e-01	-7.07654058933258e-01	-2.15126824378967e+00	-6.98218643665314e-01	-1.94998002052307e+00	-2.30223441123962e+00	-2.27707338333130e+00	-1.58514499664307e+00	-2.03804349899292e+00	-1.86820650100708e+00	-1.05047309398651e+00	4.00000000000000e+01	4.00000000000000e+01	8.00000000000000e+01	8.00000000000000e+01	8.00000000000000e+01	8.00000000000000e+01	8.00000000000000e+01	1.60000000000000e+02	1.60000000000000e+02	1.60000000000000e+02	1.60000000000000e+02	1.60000000000000e+02	4.00000000000000e+01	1.60000000000000e+02	4.00000000000000e+01	4.00000000000000e+01	4.00000000000000e+01	4.00000000000000e+01	4.00000000000000e+01	8.00000000000000e+01	8.00000000000000e+01	1.23234338760376e+01	1.21286001205444e+01	2.99434330613795e-01	0.00000000000000e+00	2.53770123991140e-01	-1.10988104343414e+00	3.65995168685913e-04	-1.10988104343414e+00	0.00000000000000e+00	7.51681172049155e+00	1.14281234263662e+01	-1.29471596220429e+02	-9.73213611940473e+02	0.00000000000000e+00	-9.46193504333496e+00	1.00000000000000e+00	1.01709369864343e+00	2.11339206695557e+01	-4.73859786987305e-02	1.87537918090820e+01	1
72	65	71	17	-2.25450897216797e+00	-1.03957915306091e+00	-1.07089173793793e+00	-9.51903820037842e-01	-7.95340657234192e-01	-1.28381764888763e+00	-1.24311125278473e+00	-1.25250506401062e+00	-1.05210423469543e+00	-6.01202368736267e-01	-5.41708409786224e-01	-2.16683363914490e+00	-7.17059075832367e-01	-1.92885768413544e+00	-2.45490980148315e+00	-2.11673331260681e+00	-1.64078152179718e+00	-9.51903820037842e-01	-1.53431856632233e+00	-2.05410814285278e+00	4.00000000000000e+01	4.00000000000000e+01	8.00000000000000e+01	8.00000000000000e+01	8.00000000000000e+01	8.00000000000000e+01	8.00000000000000e+01	1.60000000000000e+02	1.60000000000000e+02	1.60000000000000e+02	1.60000000000000e+02	1.60000000000000e+02	4.00000000000000e+01	1.60000000000000e+02	4.00000000000000e+01	4.00000000000000e+01	4.00000000000000e+01	4.00000000000000e+01	4.00000000000000e+01	8.00000000000000e+01	8.00000000000000e+01	1.23234338760376e+01	1.21286001205444e+01	2.99627564223855e-01	0.00000000000000e+00	2.53569946598114e-01	-1.16900455951691e+00	5.53783655166626e-04	-1.16900455951691e+00	0.00000000000000e+00	7.51590811552066e+00	1.13930956125385e+01	-8.59465983449698e+01	-6.45966736002353e+02	0.00000000000000e+00	-4.78724327087402e+01	1.00000000000000e+00	1.01655906606358e+00	2.06451606750488e+01	-4.75958213806152e-02	2.88306064605713e+01	1
72	65	71	18	-1.24601280689240e+00	-1.81294870376587e+00	-7.03997194766998e-01	-1.61358654499054e+00	-8.22368383407593e-01	-4.42334532737732e-01	-9.12704348564148e-01	-1.26781797409058e+00	-7.66297876834869e-01	-7.60067820549011e-01	-1.03730559349060e+00	-2.72876811027527e+00	-8.37943613529205e-01	-1.73195767402649e+00	-1.24601280689240e+00	-5.23325383663177e-01	-1.00927031040192e+00	-9.46969747543335e-01	-1.05288076400757e+00	-1.31454348564148e+00	4.00000000000000e+01	4.00000000000000e+01	8.00000000000000e+01	8.00000000000000e+01	8.00000000000000e+01	8.00000000000000e+01	8.00000000000000e+01	1.60000000000000e+02	1.60000000000000e+02	1.60000000000000e+02	1.60000000000000e+02	1.60000000000000e+02	4.00000000000000e+01	1.60000000000000e+02	4.00000000000000e+01	4.00000000000000e+01	4.00000000000000e+01	4.00000000000000e+01	4.00000000000000e+01	8.00000000000000e+01	8.00000000000000e+01	1.23460941314697e+01	1.21286001205444e+01	3.00312796904529e-01	0.00000000000000e+00	3.91529954314669e-01	-1.05080425739288e+00	4.96340274810791e-04	-1.05080425739288e+00	0.00000000000000e+00	7.51495019303572e+00	1.17562711618169e+01	-9.63931747591750e+01	-7.24389907263787e+02	0.00000000000000e+00	-5.48258094787598e+01	1.00000000000000e+00	1.01996905154600e+00	2.06451606750488e+01	-4.78438148498535e-02	2.60061664581299e+01	1
72	65	71	19	-1.98472142219543e+00	-1.46669661998749e+00	-1.69762325286865e+00	-8.92500460147858e-01	-1.00484323501587e+00	-1.30442380905151e+00	-1.33875072002411e+00	-9.26827371120453e-01	-6.80297553539276e-01	-7.42710173130035e-01	-9.26827371120453e-01	-2.75863790512085e+00	-7.52072095870972e-01	-3.27042126655579e+00	-2.03465151786804e+00	-1.80996596813202e+00	-2.03465151786804e+00	-2.12202906608582e+00	-1.85365474224091e+00	-1.47917902469635e+00	4.00000000000000e+01	4.00000000000000e+01	8.00000000000000e+01	8.00000000000000e+01	8.00000000000000e+01	8.00000000000000e+01	8.00000000000000e+01	1.60000000000000e+02	1.60000000000000e+02	1.60000000000000e+02	1.60000000000000e+02	1.60000000000000e+02	4.00000000000000e+01	1.60000000000000e+02	4.00000000000000e+01	4.00000000000000e+01	4.00000000000000e+01	4.00000000000000e+01	4.00000000000000e+01	8.00000000000000e+01	8.00000000000000e+01	1.23234338760376e+01	1.21286001205444e+01	2.99611399173007e-01	0.00000000000000e+00	2.04739847184602e-01	-1.26406371593475e+00	4.28853750228882e-04	-1.26406371593475e+00	0.00000000000000e+00	7.51393350829161e+00	1.12205638020029e+01	-1.11361909956008e+02	-8.36765986765803e+02	0.00000000000000e+00	-3.86584892272949e+01	1.00000000000000e+00	1.01465082998596e+00	2.06451606750488e+01	-4.77579727172852e-02	2.27879734039307e+01	1
72	65	71	20	-2.48303055763245e+00	-1.70942318439484e+00	-1.73437809944153e+00	-7.29936122894287e-01	-1.28518664836884e+00	-1.62208032608032e+00	-9.01502311229706e-01	-7.76726901531219e-01	-7.39294290542603e-01	-1.29142546653748e+00	-9.85725700855255e-01	-2.80744671821594e+00	-9.07741129398346e-01	-2.85735678672791e+00	-2.53294062614441e+00	-2.10870432853699e+00	-1.48482739925385e+00	-1.70942318439484e+00	-1.45987224578857e+00	-1.65951299667358e+00	4.00000000000000e+01	4.00000000000000e+01	8.00000000000000e+01	8.00000000000000e+01	8.00000000000000e+01	8.00000000000000e+01	8.00000000000000e+01	1.60000000000000e+02	1.60000000000000e+02	1.60000000000000e+02	1.60000000000000e+02	1.60000000000000e+02	4.00000000000000e+01	1.60000000000000e+02	4.00000000000000e+01	4.00000000000000e+01	4.00000000000000e+01	4.00000000000000e+01	4.00000000000000e+01	8.00000000000000e+01	8.00000000000000e+01	1.23234338760376e+01	1.21286001205444e+01	2.99723433475771e-01	0.00000000000000e+00	2.68405370400841e-01	-1.30653715133667e+00	3.81667137145996e-04	-1.30653715133667e+00	0.00000000000000e+00	7.51285315217181e+00	1.11840156776244e+01	-1.25179879412404e+02	-9.40458051631967e+02	0.00000000000000e+00	-3.00549964904785e+01	1.00000000000000e+00	1.01417702928133e+00	2.11339206695557e+01	-4.77770462036133e-02	2.03802280426025e+01	1
72	65	71	21	-1.93982779979706e+00	-1.90228271484375e+00	-1.13886666297913e+00	-1.39542436599731e+00	-1.58940720558167e+00	-1.77087485790253e+00	-1.42671203613281e+00	-1.21395671367645e+00	-1.17954039573669e+00	-7.75931060314178e-01	-1.25150179862976e+00	-2.94102907180786e+00	-8.82308781147003e-01	-2.34030818939209e+00	-1.72707247734070e+00	-2.15258288383484e+00	-1.98988783359528e+00	-1.96485769748688e+00	-1.87099516391754e+00	-1.81467759609222e+00	4.00000000000000e+01	4.00000000000000e+01	8.00000000000000e+01	8.00000000000000e+01	8.00000000000000e+01	8.00000000000000e+01	8.00000000000000e+01	1.60000000000000e+02	1.60000000000000e+02	1.60000000000000e+02	1.60000000000000e+02	1.60000000000000e+02	4.00000000000000e+01	1.60000000000000e+02	4.00000000000000e+01	4.00000000000000e+01	4.00000000000000e+01	4.00000000000000e+01	4.00000000000000e+01	8.00000000000000e+01	8.00000000000000e+01	1.23460941314697e+01	1.21286001205444e+01	2.99905457173374e-01	0.00000000000000e+00	1.62445652855504e-01	-1.44312071800232e+00	3.70796203613281e-04	-1.44312071800232e+00	0.00000000000000e+00	7.51170369169472e+00	1.10462560051720e+01	-1.28464033661859e+02	-9.64983755907780e+02	0.00000000000000e+00	-3.19531078338623e+01	1.00000000000000e+00	1.01244080587593e+00	2.06451606750488e+01	-4.76339759826660e-02	1.95732593536377e+01	1
72	65	71	22	-2.68857526779175e+00	-1.68192291259766e+00	-2.05707287788391e+00	-1.48184275627136e+00	-1.46308517456055e+00	-1.66941773891449e+00	-1.58500909805298e+00	-1.43807530403137e+00	-8.09698879718781e-01	-7.90941357612610e-01	-8.19077610969543e-01	-2.91366553306580e+00	-8.44087600708008e-01	-3.36384582519531e+00	-3.17627048492432e+00	-2.46348547935486e+00	-2.22589039802551e+00	-2.35094022750854e+00	-1.88200283050537e+00	-1.63815522193909e+00	4.00000000000000e+01	4.00000000000000e+01	8.00000000000000e+01	8.00000000000000e+01	8.00000000000000e+01	8.00000000000000e+01	8.00000000000000e+01	1.60000000000000e+02	1.60000000000000e+02	1.60000000000000e+02	1.60000000000000e+02	1.60000000000000e+02	4.00000000000000e+01	1.60000000000000e+02	4.00000000000000e+01	4.00000000000000e+01	4.00000000000000e+01	4.00000000000000e+01	4.00000000000000e+01	8.00000000000000e+01	8.00000000000000e+01	1.23234338760376e+01	1.21286001205444e+01	2.99611501602257e-01	0.00000000000000e+00	1.50205486599625e-01	-1.51282739639282e+00	3.79146099090576e-04	-1.51282739639282e+00	0.00000000000000e+00	7.51047910142853e+00	1.09984359300959e+01	-1.25735506403380e+02	-9.44333893150115e+02	0.00000000000000e+00	-5.08865165710449e+01	1.00000000000000e+00	1.01214083225832e+00	2.06451606750488e+01	-4.76721267700195e-02	2.03834724426270e+01	1
72	65	71	23	-2.33843541145325e+00	-1.67567026615143e+00	-9.25370156764984e-01	-1.35054028034210e+00	-1.27551019191742e+00	-1.39430761337280e+00	-1.53186273574829e+00	-9.15991425514221e-01	-1.09731400012970e+00	-8.69097650051117e-01	-3.40761303901672e-01	-2.71358561515808e+00	-1.00977897644043e+00	-1.82573032379150e+00	-1.96328532695770e+00	-2.38845539093018e+00	-1.52561032772064e+00	-1.38805532455444e+00	-2.01330542564392e+00	-1.18797516822815e+00	4.00000000000000e+01	4.00000000000000e+01	8.00000000000000e+01	8.00000000000000e+01	8.00000000000000e+01	8.00000000000000e+01	8.00000000000000e+01	1.60000000000000e+02	1.60000000000000e+02	1.60000000000000e+02	1.60000000000000e+02	1.60000000000000e+02	4.00000000000000e+01	1.60000000000000e+02	4.00000000000000e+01	4.00000000000000e+01	4.00000000000000e+01	4.00000000000000e+01	4.00000000000000e+01	8.00000000000000e+01	8.00000000000000e+01	1.23234338760376e+01	1.21286001205444e+01	2.99557583219466e-01	0.00000000000000e+00	2.74484039604711e-01	-1.26328325271606e+00	4.04116392135620e-04	-1.26328325271606e+00	0.00000000000000e+00	7.50917268419024e+00	1.13064843883495e+01	-1.17966327765346e+02	-8.85829526109766e+02	0.00000000000000e+00	-2.43320522308350e+01	1.00000000000000e+00	1.01564183258410e+00	2.11339206695557e+01	-4.76721267700195e-02	2.19988842010498e+01	1
72	65	71	24	-2.50000000000000e+00	-1.26874995231628e+00	-1.39999997615814e+00	-8.75000000000000e-01	-1.17499995231628e+00	-1.29999995231628e+00	-1.13125002384186e+00	-9.15625035762787e-01	-9.62499976158142e-01	-1.36562502384186e+00	-1.03437495231628e+00	-3.43749976158142e+00	-1.11874997615814e+00	-2.13750004768372e+00	-2.02499985694885e+00	-1.39999997615814e+00	-1.28750002384186e+00	-7.87500023841858e-01	-1.03749990463257e+00	-1.33124995231628e+00	4.00000000000000e+01	4.00000000000000e+01	8.00000000000000e+01	8.00000000000000e+01	8.00000000000000e+01	8.00000000000000e+01	8.00000000000000e+01	1.60000000000000e+02	1.60000000000000e+02	1.60000000000000e+02	1.60000000000000e+02	1.60000000000000e+02	4.00000000000000e+01	1.60000000000000e+02	4.00000000000000e+01	4.00000000000000e+01	4.00000000000000e+01	4.00000000000000e+01	4.00000000000000e+01	8.00000000000000e+01	8.00000000000000e+01	1.23460941314697e+01	1.21286001205444e+01	3.00087829769618e-01	0.00000000000000e+00	3.06139214020146e-01	-1.25472211837769e+00	4.19151544570923e-04	-1.25472211837769e+00	0.00000000000000e+00	7.50777697907069e+00	1.12900588621145e+01	-1.13780337180591e+02	-8.54237396155338e+02	0.00000000000000e+00	-1.58144025802612e+01	1.00000000000000e+00	1.01509517907787e+00	2.06451606750488e+01	-4.76912040710449e-02	2.30605354309082e+01	1
72	65	71	25	-2.44468593597412e+00	-1.10504746437073e+00	-1.12356781959534e+00	-8.88976752758026e-01	-9.63058114051819e-01	-1.28407752513885e+00	-6.79079413414001e-01	-6.82166159152985e-01	-1.09578728675842e+00	-5.89564383029938e-01	-6.85252904891968e-01	-3.06203079223633e+00	-8.79716575145721e-01	-2.55580806732178e+00	-1.44458711147308e+00	-1.40754652023315e+00	-1.81499409675598e+00	-1.59274995326996e+00	-1.49397468566895e+00	-1.30877125263214e+00	4.00000000000000e+01	4.00000000000000e+01	8.00000000000000e+01	8.00000000000000e+01	8.00000000000000e+01	8.00000000000000e+01	8.00000000000000e+01	1.60000000000000e+02	1.60000000000000e+02	1.60000000000000e+02	1.60000000000000e+02	1.60000000000000e+02	4.00000000000000e+01	1.60000000000000e+02	4.00000000000000e+01	4.00000000000000e+01	4.00000000000000e+01	4.00000000000000e+01	4.00000000000000e+01	8.00000000000000e+01	8.00000000000000e+01	1.23234338760376e+01	1.20987997055054e+01	2.99588913014781e-01	0.00000000000000e+00	2.56962489506108e-01	-1.09119141101837e+00	8.78341197967529e-04	-1.09119141101837e+00	0.00000000000000e+00	7.50628365441493e+00	1.14333636829186e+01	-5.49701799388170e+01	-4.12621763154989e+02	0.00000000000000e+00	-6.43354339599609e+01	1.00000000000000e+00	1.01705971651900e+00	2.11339206695557e+01	-4.82825736999512e-02	4.87917747497559e+01	1
72	65	71	26	-2.88844609260559e+00	-1.50647401809692e+00	-1.46289837360382e+00	-1.59985053539276e+00	-1.25124502182007e+00	-1.39442229270935e+00	-1.58740043640137e+00	-1.06137943267822e+00	-1.15475594997406e+00	-9.80453193187714e-01	-9.39989984035492e-01	-3.52340626716614e+00	-8.40388417243958e-01	-3.08764934539795e+00	-3.12500000000000e+00	-2.91334652900696e+00	-2.07918334007263e+00	-2.20368504524231e+00	-1.77415335178375e+00	-1.23256969451904e+00	4.00000000000000e+01	4.00000000000000e+01	8.00000000000000e+01	8.00000000000000e+01	8.00000000000000e+01	8.00000000000000e+01	8.00000000000000e+01	1.60000000000000e+02	1.60000000000000e+02	1.60000000000000e+02	1.60000000000000e+02	1.60000000000000e+02	4.00000000000000e+01	1.60000000000000e+02	4.00000000000000e+01	4.00000000000000e+01	4.00000000000000e+01	4.00000000000000e+01	4.00000000000000e+01	8.00000000000000e+01	8.00000000000000e+01	1.23460941314697e+01	1.20987997055054e+01	2.99685095469068e-01	0.00000000000000e+00	1.93991431832874e-01	-1.47825372219086e+00	7.42459297180176e-04	-1.47825372219086e+00	0.00000000000000e+00	7.50468338287628e+00	1.10128037532652e+01	-6.44910362544555e+01	-4.83984808123284e+02	0.00000000000000e+00	-8.94210052490234e+01	1.00000000000000e+00	1.01226779033705e+00	2.11339206695557e+01	-4.78819694519043e-02	4.18721122741699e+01	1
72	65	71	27	-3.52672362327576e+00	-2.01172256469727e+00	-1.75715267658234e+00	-1.86270606517792e+00	-9.37562048435211e-01	-1.81303393840790e+00	-1.24801313877106e+00	-1.44980621337891e+00	-9.59293663501740e-01	-1.39082050323486e+00	-1.16108679771423e+00	-4.53258466720581e+00	-1.36287999153137e+00	-2.79405927658081e+00	-2.62020659446716e+00	-2.76922297477722e+00	-2.86856722831726e+00	-2.47118997573853e+00	-2.68229675292969e+00	-1.88754224777222e+00	4.00000000000000e+01	4.00000000000000e+01	8.00000000000000e+01	8.00000000000000e+01	8.00000000000000e+01	8.00000000000000e+01	8.00000000000000e+01	1.60000000000000e+02	1.60000000000000e+02	1.60000000000000e+02	1.60000000000000e+02	1.60000000000000e+02	4.00000000000000e+01	1.60000000000000e+02	4.00000000000000e+01	4.00000000000000e+01	4.00000000000000e+01	4.00000000000000e+01	4.00000000000000e+01	8.00000000000000e+01	8.00000000000000e+01	1.23234338760376e+01	1.20987997055054e+01	2.99771101517027e-01	0.00000000000000e+00	2.37292886864327e-01	-1.72831523418427e+00	6.32020473480225e-04	-1.72831523418427e+00	0.00000000000000e+00	7.50296569502590e+00	1.08677336501652e+01	-7.59563466705094e+01	-5.69897863388327e+02	0.00000000000000e+00	-3.84009590148926e+01	1.00000000000000e+00	1.01054645822803e+00	2.06451606750488e+01	-4.80059661865234e-02	3.61852569580078e+01	1
72	65	71	28	-2.11215424537659e+00	-1.28458499908447e+00	-1.29693675041199e+00	-1.52544474601746e+00	-6.85523748397827e-01	-1.41427862644196e+00	-1.59646749496460e+00	-1.02519762516022e+00	-1.09622037410736e+00	-1.21356225013733e+00	-1.08695650100708e+00	-3.26086950302124e+00	-8.95503997802734e-01	-2.51976299285889e+00	-2.65563249588013e+00	-1.95158100128174e+00	-2.23567199707031e+00	-2.28507924079895e+00	-2.27272725105286e+00	-1.18577075004578e+00	4.00000000000000e+01	4.00000000000000e+01	8.00000000000000e+01	8.00000000000000e+01	8.00000000000000e+01	8.00000000000000e+01	8.00000000000000e+01	1.60000000000000e+02	1.60000000000000e+02	1.60000000000000e+02	1.60000000000000e+02	1.60000000000000e+02	4.00000000000000e+01	1.60000000000000e+02	4.00000000000000e+01	4.00000000000000e+01	4.00000000000000e+01	4.00000000000000e+01	4.00000000000000e+01	8.00000000000000e+01	8.00000000000000e+01	1.23234338760376e+01	1.21286001205444e+01	2.99822965180716e-01	0.00000000000000e+00	2.61403208176671e-01	-1.42237579822540e+00	5.56113243103027e-04	-1.42237579822540e+00	0.00000000000000e+00	7.50111880720242e+00	1.10954715777111e+01	-8.67871732915814e+01	-6.51000897801417e+02	0.00000000000000e+00	-4.18919525146484e+01	1.00000000000000e+00	1.01309361901051e+00	2.06451606750488e+01	-4.82634963989258e-02	3.17202816009521e+01	1
72	65	71	29	-2.26824450492859e+00	-1.18343198299408e+00	-1.52243602275848e+00	-1.30670619010925e+00	-1.02317547798157e+00	-1.31903350353241e+00	-1.13412225246429e+00	-1.22657787799835e+00	-8.59837293624878e-01	-6.62598609924316e-01	-7.76627242565155e-01	-2.36686396598816e+00	-5.45488178730011e-01	-2.77366876602173e+00	-2.60108494758606e+00	-2.12031555175781e+00	-1.92307698726654e+00	-1.75049316883087e+00	-1.62105536460876e+00	-1.26972389221191e+00	4.00000000000000e+01	4.00000000000000e+01	8.00000000000000e+01	8.00000000000000e+01	8.00000000000000e+01	8.00000000000000e+01	8.00000000000000e+01	1.60000000000000e+02	1.60000000000000e+02	1.60000000000000e+02	1.60000000000000e+02	1.60000000000000e+02	4.00000000000000e+01	1.60000000000000e+02	4.00000000000000e+01	4.00000000000000e+01	4.00000000000000e+01	4.00000000000000e+01	4.00000000000000e+01	8.00000000000000e+01	8.00000000000000e+01	1.23460941314697e+01	1.21286001205444e+01	2.99523917708780e-01	0.00000000000000e+00	1.53328241840462e-01	-1.22479736804962e+00	5.17619848251343e-04	-1.22479736804962e+00	0.00000000000000e+00	7.49912941828373e+00	1.12551071160516e+01	-9.34254728691811e+01	-7.00609712010345e+02	0.00000000000000e+00	-3.99747695922852e+01	1.00000000000000e+00	1.01509995895087e+00	2.06451606750488e+01	-4.83588790893555e-02	2.96960563659668e+01	1
72	65	71	30	-1.33504748344421e+00	-1.87277483940125e+00	-1.15580499172211e+00	-9.51839387416840e-01	-1.33504748344421e+00	-1.40921688079834e+00	-1.47102451324463e+00	-1.21761274337769e+00	-1.03527987003326e+00	-8.22043120861053e-01	-8.31314325332642e-01	-2.42286396026611e+00	-9.20935511589050e-01	-2.70717954635620e+00	-2.23744082450867e+00	-2.01493287086487e+00	-2.37341761589050e+00	-2.44758701324463e+00	-2.00257110595703e+00	-2.26216363906860e+00	4.00000000000000e+01	4.00000000000000e+01	8.00000000000000e+01	8.00000000000000e+01	8.00000000000000e+01	8.00000000000000e+01	8.00000000000000e+01	1.60000000000000e+02	1.60000000000000e+02	1.60000000000000e+02	1.60000000000000e+02	1.60000000000000e+02	4.00000000000000e+01	1.60000000000000e+02	4.00000000000000e+01	4.00000000000000e+01	4.00000000000000e+01	4.00000000000000e+01	4.00000000000000e+01	8.00000000000000e+01	8.00000000000000e+01	1.23234338760376e+01	1.21286001205444e+01	2.99851845443839e-01	0.00000000000000e+00	2.13848638509804e-01	-1.39355874061584e+00	5.02038717269897e-04	-1.39355874061584e+00	0.00000000000000e+00	7.49698246879382e+00	1.11109946924792e+01	-9.60590168699005e+01	-7.20152765443214e+02	0.00000000000000e+00	-3.12186622619629e+01	1.00000000000000e+00	1.01319015542014e+00	2.06451606750488e+01	-4.82253456115723e-02	2.88890056610107e+01	1
72	65	71	31	-2.34096312522888e+00	-1.51109790802002e+00	-1.62257230281830e+00	-1.57302808761597e+00	-1.68450248241425e+00	-9.53725695610046e-01	-1.67521309852600e+00	-1.41820251941681e+00	-9.93980407714844e-01	-8.48444342613220e-01	-6.65750086307526e-01	-2.57629799842834e+00	-9.41339671611786e-01	-3.29468894004822e+00	-2.82401919364929e+00	-2.34096312522888e+00	-2.03131198883057e+00	-1.67211651802063e+00	-2.30380511283875e+00	-2.21090960502625e+00	4.00000000000000e+01	4.00000000000000e+01	8.00000000000000e+01	8.00000000000000e+01	8.00000000000000e+01	8.00000000000000e+01	8.00000000000000e+01	1.60000000000000e+02	1.60000000000000e+02	1.60000000000000e+02	1.60000000000000e+02	1.60000000000000e+02	4.00000000000000e+01	1.60000000000000e+02	4.00000000000000e+01	4.00000000000000e+01	4.00000000000000e+01	4.00000000000000e+01	4.00000000000000e+01	8.00000000000000e+01	8.00000000000000e+01	1.23460941314697e+01	1.21286001205444e+01	2.99670862453862e-01	0.00000000000000e+00	1.83233798467256e-01	-1.48825263977051e+00	5.06021976470947e-04	-1.48825263977051e+00	0.00000000000000e+00	7.49466085414291e+00	1.10422749958968e+01	-9.51143728120392e+01	-7.12849966580744e+02	0.00000000000000e+00	-3.26398620605469e+01	1.00000000000000e+00	1.01258726951118e+00	2.06451606750488e+01	-4.81299629211426e-02	2.97080821990967e+01	1
72	65	71	32	-2.09814381599426e+00	-1.56126570701599e+00	-1.36379337310791e+00	-9.62677717208862e-01	-1.52423977851868e+00	-1.13546597957611e+00	-8.39257478713989e-01	-9.53421235084534e-01	-1.00896024703979e+00	-9.13309633731842e-01	-5.55391013622284e-01	-1.83896136283875e+00	-8.51599514484406e-01	-1.80193519592285e+00	-1.23420226573944e+00	-1.56743681430817e+00	-1.66617298126221e+00	-1.36996448040009e+00	-1.11695301532745e+00	-1.88215827941895e+00	4.00000000000000e+01	4.00000000000000e+01	8.00000000000000e+01	8.00000000000000e+01	8.00000000000000e+01	8.00000000000000e+01	8.00000000000000e+01	1.60000000000000e+02	1.60000000000000e+02	1.60000000000000e+02	1.60000000000000e+02	1.60000000000000e+02	4.00000000000000e+01	1.60000000000000e+02	4.00000000000000e+01	4.00000000000000e+01	4.00000000000000e+01	4.00000000000000e+01	4.00000000000000e+01	8.00000000000000e+01	8.00000000000000e+01	1.23460941314697e+01	1.21286001205444e+01	2.99869880062823e-01	0.00000000000000e+00	1.82989468910263e-01	-1.13683748245239e+00	5.15158653259277e-04	-1.13683748245239e+00	0.00000000000000e+00	7.49214508173175e+00	1.13660020990328e+01	-9.37607292343521e+01	-7.02468986392734e+02	0.00000000000000e+00	-7.34444499015808e-01	1.00000000000000e+00	1.01604916652839e+00	2.11339206695557e+01	-4.83016510009766e-02	3.01117935180664e+01	1
72	65	71	33	-7.61010313034058e+00	-3.05618500709534e+00	-5.24206590652466e+00	-5.05990934371948e+00	-2.69187188148499e+00	-1.88228619098663e+00	-2.19600057601929e+00	-2.10492229461670e+00	-1.54833221435547e+00	-1.26497733592987e+00	-1.77096819877625e+00	-8.13633441925049e+00	-1.45725393295288e+00	-8.50064754486084e+00	-6.19332885742188e+00	-6.03141164779663e+00	-4.77655458450317e+00	-2.50971484184265e+00	-3.78481197357178e+00	-1.29533672332764e+00	4.00000000000000e+01	4.00000000000000e+01	8.00000000000000e+01	8.00000000000000e+01	8.00000000000000e+01	8.00000000000000e+01	8.00000000000000e+01	1.60000000000000e+02	1.60000000000000e+02	1.60000000000000e+02	1.60000000000000e+02	1.60000000000000e+02	4.00000000000000e+01	1.60000000000000e+02	4.00000000000000e+01	4.00000000000000e+01	4.00000000000000e+01	4.00000000000000e+01	4.00000000000000e+01	8.00000000000000e+01	8.00000000000000e+01	1.23234338760376e+01	1.20987997055054e+01	2.99722724496874e-01	0.00000000000000e+00	3.85089701349151e-01	-2.91450762748718e+00	8.46967458724976e-04	-2.91450762748718e+00	0.00000000000000e+00	7.48941285898770e+00	1.05591520335939e+01	-1.73879692233984e+01	-1.30225680293402e+02	0.00000000000000e+00	-4.90074806213379e+01	1.00000000000000e+00	1.00699364547809e+00	2.06451606750488e+01	-1.47270441055298e-02	5.00530014038086e+01	1
72	65	71	34	-5.55318260192871e+00	-1.10796666145325e+00	-1.93560445308685e+00	-1.42834258079529e+00	-2.61640334129333e+00	-2.01569843292236e+00	-5.94030320644379e-01	-9.41104233264923e-01	-9.14406239986420e-01	-7.74241745471954e-01	-3.73771905899048e-01	-4.96582651138306e+00	-3.73771905899048e-01	-6.88808250427246e+00	-3.12366509437561e+00	-2.77659130096436e+00	-3.20375895500183e+00	-2.32272529602051e+00	-2.21593332290649e+00	-1.25480556488037e+00	4.00000000000000e+01	4.00000000000000e+01	8.00000000000000e+01	8.00000000000000e+01	8.00000000000000e+01	8.00000000000000e+01	8.00000000000000e+01	1.60000000000000e+02	1.60000000000000e+02	1.60000000000000e+02	1.60000000000000e+02	1.60000000000000e+02	4.00000000000000e+01	1.60000000000000e+02	4.00000000000000e+01	4.00000000000000e+01	4.00000000000000e+01	4.00000000000000e+01	4.00000000000000e+01	8.00000000000000e+01	8.00000000000000e+01	1.23460941314697e+01	1.20987997055054e+01	2.98761124845586e-01	0.00000000000000e+00	3.61763522467345e-01	-1.55263638496399e+00	8.43518257141113e-04	-1.55263638496399e+00	0.00000000000000e+00	7.48643859594493e+00	1.12496375472210e+01	-2.64712959853837e+01	-1.98175731949659e+02	0.00000000000000e+00	-4.86927185058594e+01	1.00000000000000e+00	1.01565162711787e+00	2.06451606750488e+01	-2.23290214538574e-02	5.00563735961914e+01	1
72	65	71	35	-5.31450223922729e+00	-1.70173263549805e+00	-1.02831971645355e+00	-1.32862555980682e+00	-4.73209112882614e-01	-1.09202098846436e+00	-1.36502623558044e+00	-1.12842166423798e+00	-1.33772563934326e+00	-1.36502623558044e+00	-1.10567128658295e+00	-3.65827035903931e+00	-1.20122301578522e+00	-2.87565517425537e+00	-3.47626686096191e+00	-3.96767616271973e+00	-3.43986606597900e+00	-1.83823525905609e+00	-2.05663943290710e+00	-3.16686081886292e+00	4.00000000000000e+01	4.00000000000000e+01	8.00000000000000e+01	8.00000000000000e+01	8.00000000000000e+01	8.00000000000000e+01	8.00000000000000e+01	1.60000000000000e+02	1.60000000000000e+02	1.60000000000000e+02	1.60000000000000e+02	1.60000000000000e+02	4.00000000000000e+01	1.60000000000000e+02	4.00000000000000e+01	4.00000000000000e+01	4.00000000000000e+01	4.00000000000000e+01	4.00000000000000e+01	8.00000000000000e+01	8.00000000000000e+01	1.23460941314697e+01	1.20987997055054e+01	2.99633946644795e-01	0.00000000000000e+00	4.29213985542326e-01	-1.69505918025970e+00	8.40280532836914e-04	-1.69505918025970e+00	0.00000000000000e+00	7.48319280146925e+00	1.10109588975408e+01	-3.89802178645281e+01	-2.91696485723540e+02	0.00000000000000e+00	-2.39028320312500e+01	1.00000000000000e+00	1.01233372904234e+00	2.06451606750488e+01	-3.27543182373047e-02	5.00591430664062e+01	1
72	65	71	36	-4.66663026809692e+00	-1.27271735668182e+00	-1.62168812751770e+00	-1.93644618988037e+00	-1.46430909633636e+00	-1.46430909633636e+00	-1.02638494968414e+00	-1.40956866741180e+00	-3.01072895526886e-01	-1.16323620080948e-01	-8.07422816753387e-01	-4.87190723419189e+00	-8.96376132965088e-01	-2.94230341911316e+00	-3.29811692237854e+00	-2.95598864555359e+00	-2.92861819267273e+00	-2.53174948692322e+00	-2.64123058319092e+00	-2.34015774726868e+00	4.00000000000000e+01	4.00000000000000e+01	8.00000000000000e+01	8.00000000000000e+01	8.00000000000000e+01	8.00000000000000e+01	8.00000000000000e+01	1.60000000000000e+02	1.60000000000000e+02	1.60000000000000e+02	1.60000000000000e+02	1.60000000000000e+02	4.00000000000000e+01	1.60000000000000e+02	4.00000000000000e+01	4.00000000000000e+01	4.00000000000000e+01	4.00000000000000e+01	4.00000000000000e+01	8.00000000000000e+01	8.00000000000000e+01	1.23007726669312e+01	1.20987997055054e+01	2.97941860416042e-01	0.00000000000000e+00	5.01076411852127e-01	-1.50901401042938e+00	8.34220170974731e-04	-1.50901401042938e+00	0.00000000000000e+00	7.47964134628904e+00	1.16624517610324e+01	-5.22178044814864e+01	-3.90570449412163e+02	0.00000000000000e+00	-3.05128326416016e+01	1.00000000000000e+00	1.02081049710064e+00	2.06451606750488e+01	-4.35611457824707e-02	5.00109672546387e+01	1
72	65	71	37	-2.31026339530945e+00	-1.60366678237915e+00	-1.73884177207947e+00	-1.16742038726807e+00	-1.11826586723328e+00	-6.02143168449402e-01	-1.21350264549255e+00	-5.43772101402283e-01	-7.00452208518982e-01	-3.65586906671524e-01	4.60823811590672e-02	-2.47001576423645e+00	-2.88782924413681e-01	-2.08906793594360e+00	-2.17508840560913e+00	-2.06449079513550e+00	-2.10135674476624e+00	-1.52379071712494e+00	-1.91702711582184e+00	-1.09983289241791e+00	4.00000000000000e+01	4.00000000000000e+01	8.00000000000000e+01	8.00000000000000e+01	8.00000000000000e+01	8.00000000000000e+01	8.00000000000000e+01	1.60000000000000e+02	1.60000000000000e+02	1.60000000000000e+02	1.60000000000000e+02	1.60000000000000e+02	4.00000000000000e+01	1.60000000000000e+02	4.00000000000000e+01	4.00000000000000e+01	4.00000000000000e+01	4.00000000000000e+01	4.00000000000000e+01	8.00000000000000e+01	8.00000000000000e+01	1.23234338760376e+01	1.20987997055054e+01	2.95277941878026e-01	0.00000000000000e+00	4.56797369508799e-01	-1.01094508171082e+00	7.93890953063965e-04	-1.01094508171082e+00	0.00000000000000e+00	7.47574455811735e+00	1.32293638948577e+01	-6.11059913148458e+01	-4.56812782040325e+02	0.00000000000000e+00	-2.90916347503662e+01	1.00000000000000e+00	1.03864617191896e+00	2.11339206695557e+01	-4.85114936828613e-02	4.76928405761719e+01	1
72	65	71	38	-1.97160887718201e+00	-1.27538442611694e+00	-5.05224764347076e-01	-5.91482639312744e-01	-9.91965711116791e-01	-1.04741728305817e+00	-8.93385291099548e-01	-1.29078769683838e+00	-7.54756510257721e-01	-4.89821583032608e-01	-3.57354104518890e-01	-3.01902604103088e+00	-9.76562500000000e-01	-2.31664037704468e+00	-1.94696366786957e+00	-1.08438479900360e+00	-1.23225557804108e+00	-1.47870659828186e+00	-1.89151227474213e+00	-2.03938293457031e+00	4.00000000000000e+01	4.00000000000000e+01	8.00000000000000e+01	8.00000000000000e+01	8.00000000000000e+01	8.00000000000000e+01	8.00000000000000e+01	1.60000000000000e+02	1.60000000000000e+02	1.60000000000000e+02	1.60000000000000e+02	1.60000000000000e+02	4.00000000000000e+01	1.60000000000000e+02	4.00000000000000e+01	4.00000000000000e+01	4.00000000000000e+01	4.00000000000000e+01	4.00000000000000e+01	8.00000000000000e+01	8.00000000000000e+01	1.23234338760376e+01	1.20987997055054e+01	2.99399888426681e-01	0.00000000000000e+00	3.86733919634531e-01	-1.08411109447479e+00	7.07434654235840e-04	-1.08411109447479e+00	0.00000000000000e+00	7.47145610361510e+00	1.16631348802391e+01	-6.83850530938974e+01	-5.10935922334443e+02	0.00000000000000e+00	-2.93491668701172e+01	1.00000000000000e+00	1.01970604987611e+00	2.06451606750488e+01	-4.83779563903809e-02	4.31398010253906e+01	1
72	65	71	39	-8.96541535854340e-01	-1.00093340873718e+00	-1.50447034835815e+00	-1.22199833393097e+00	-4.42130088806152e-01	-3.43878954648972e-01	-9.02682185173035e-01	-4.97396320104599e-01	-8.99611890316010e-01	-2.21065044403076e-01	-2.33346432447433e-01	-1.25270187854767e+00	-9.79440927505493e-01	-2.00186681747437e+00	-1.59658086299896e+00	-1.70711326599121e+00	-1.36323440074921e+00	-1.90361571311951e+00	-1.06234025955200e+00	-7.12320685386658e-01	4.00000000000000e+01	4.00000000000000e+01	8.00000000000000e+01	8.00000000000000e+01	8.00000000000000e+01	8.00000000000000e+01	8.00000000000000e+01	1.60000000000000e+02	1.60000000000000e+02	1.60000000000000e+02	1.60000000000000e+02	1.60000000000000e+02	4.00000000000000e+01	1.60000000000000e+02	4.00000000000000e+01	4.00000000000000e+01	4.00000000000000e+01	4.00000000000000e+01	4.00000000000000e+01	8.00000000000000e+01	8.00000000000000e+01	1.23234338760376e+01	1.20987997055054e+01	2.98859853666705e-01	0.00000000000000e+00	4.76198781142565e-01	-8.49599301815033e-01	6.81375503540039e-04	-8.49599301815033e-01	0.00000000000000e+00	7.46672159772865e+00	1.24156721776284e+01	-7.12384103550304e+01	-5.31917377185762e+02	0.00000000000000e+00	1.16748065948486e+01	1.00000000000000e+00	1.02794185868820e+00	2.06451606750488e+01	-4.85401077270508e-02	4.15104637145996e+01	1
72	65	71	40	-2.39722657203674e+00	-1.02650475502014e+00	-8.05222272872925e-01	-1.54283046722412e+00	-7.43754863739014e-01	-7.99075543880463e-01	-8.26735854148865e-01	-1.21398007869720e+00	-6.05453372001648e-01	-8.66689622402191e-01	-2.27429196238518e-01	-3.20859551429749e+00	-4.48711633682251e-01	-2.53245472908020e+00	-2.38493299484253e+00	-2.26199841499329e+00	-2.00383567810059e+00	-1.16787958145142e+00	-1.99768877029419e+00	-1.61044454574585e+00	4.00000000000000e+01	4.00000000000000e+01	8.00000000000000e+01	8.00000000000000e+01	8.00000000000000e+01	8.00000000000000e+01	8.00000000000000e+01	1.60000000000000e+02	1.60000000000000e+02	1.60000000000000e+02	1.60000000000000e+02	1.60000000000000e+02	4.00000000000000e+01	1.60000000000000e+02	4.00000000000000e+01	4.00000000000000e+01	4.00000000000000e+01	4.00000000000000e+01	4.00000000000000e+01	8.00000000000000e+01	8.00000000000000e+01	1.23234338760376e+01	1.20987997055054e+01	2.98759838535395e-01	0.00000000000000e+00	3.15724634017083e-01	-1.10586595535278e+00	6.63031578063965e-04	-1.10586595535278e+00	0.00000000000000e+00	7.46147686156903e+00	1.16737036533746e+01	-7.31374160540476e+01	-5.45713137602223e+02	0.00000000000000e+00	-1.43836669921875e+01	1.00000000000000e+00	1.02028974324286e+00	2.06451606750488e+01	-4.84924163818359e-02	4.07030029296875e+01	1
72	65	71	41	8.03179836273193e+00	2.59046053886414e+00	7.26425468921661e-01	1.76809215545654e+00	2.13815784454346e+00	1.64473688602448e+00	1.09649121761322e+00	2.29577851295471e+00	5.96217155456543e-01	-2.26151317358017e-01	4.66008752584457e-01	6.00328969955444e+00	6.03070199489594e-01	4.13925409317017e+00	4.33114051818848e+00	3.70065784454346e+00	4.11184215545654e+00	3.15241241455078e+00	3.94736862182617e+00	2.23410105705261e+00	4.00000000000000e+01	4.00000000000000e+01	8.00000000000000e+01	8.00000000000000e+01	8.00000000000000e+01	8.00000000000000e+01	8.00000000000000e+01	1.60000000000000e+02	1.60000000000000e+02	1.60000000000000e+02	1.60000000000000e+02	1.60000000000000e+02	4.00000000000000e+01	1.60000000000000e+02	4.00000000000000e+01	4.00000000000000e+01	4.00000000000000e+01	4.00000000000000e+01	4.00000000000000e+01	8.00000000000000e+01	8.00000000000000e+01	1.23234338760376e+01	1.20987997055054e+01	2.98479087232290e-01	0.00000000000000e+00	4.28373887423267e-01	1.84210526943207e+00	8.14070940017700e-04	1.84210526943207e+00	0.00000000000000e+00	7.45564572335185e+00	1.12493285350940e+01	2.67141197395431e+01	1.99171012589234e+02	0.00000000000000e+00	-5.98810768127441e+01	1.00000000000000e+00	1.01586934683665e+00	2.06451606750488e+01	2.17471885681152e-02	5.00773620605469e+01	1
72	65	71	45	-3.07774329185486e+00	-2.44765400886536e+00	-1.55098867416382e+00	-1.80544781684875e+00	-5.21035254001617e-01	-1.05418765544891e+00	-1.03601205348969e+00	-5.93737900257111e-01	-1.79333078861237e+00	-1.55098867416382e+00	-1.42981779575348e+00	-5.16188430786133e+00	-1.02995347976685e+00	-2.71423029899597e+00	-1.13900732994080e+00	-4.36215609312057e-01	-8.96665394306183e-01	-1.50252032279968e+00	-2.59305930137634e+00	-3.27161699533463e-01	4.00000000000000e+01	4.00000000000000e+01	8.00000000000000e+01	8.00000000000000e+01	8.00000000000000e+01	8.00000000000000e+01	8.00000000000000e+01	1.60000000000000e+02	1.60000000000000e+02	1.60000000000000e+02	1.60000000000000e+02	1.60000000000000e+02	4.00000000000000e+01	1.60000000000000e+02	4.00000000000000e+01	4.00000000000000e+01	4.00000000000000e+01	4.00000000000000e+01	4.00000000000000e+01	8.00000000000000e+01	8.00000000000000e+01	1.23234338760376e+01	1.20987997055054e+01	3.00423421324781e-01	0.00000000000000e+00	6.64450792635738e-01	-1.45028233528137e+00	7.92439222335815e-04	-1.45028233528137e+00	0.00000000000000e+00	7.42433274808966e+00	1.16041430946623e+01	-3.10422835060960e+01	-2.30468242009792e+02	0.00000000000000e+00	-2.92728614807129e+01	1.00000000000000e+00	1.01832804488595e+00	2.06451606750488e+01	-2.45991230010986e-02	5.00940284729004e+01	1
72	65	71	46	-4.19218444824219e+00	-1.74066781997681e+00	-1.44903767108917e+00	-2.05963826179504e+00	-1.28499567508698e+00	-1.39435696601868e+00	-1.07538652420044e+00	-1.45815110206604e+00	-1.08905661106110e+00	-1.41258394718170e+00	-9.43241477012634e-01	-3.15325164794922e+00	-9.38684761524200e-01	-3.13502478599548e+00	-3.11679792404175e+00	-1.91382324695587e+00	-1.53105866909027e+00	-1.34878981113434e+00	-1.82268893718719e+00	-1.85914266109467e+00	4.00000000000000e+01	4.00000000000000e+01	8.00000000000000e+01	8.00000000000000e+01	8.00000000000000e+01	8.00000000000000e+01	8.00000000000000e+01	1.60000000000000e+02	1.60000000000000e+02	1.60000000000000e+02	1.60000000000000e+02	1.60000000000000e+02	4.00000000000000e+01	1.60000000000000e+02	4.00000000000000e+01	4.00000000000000e+01	4.00000000000000e+01	4.00000000000000e+01	4.00000000000000e+01	8.00000000000000e+01	8.00000000000000e+01	1.23234338760376e+01	1.20987997055054e+01	2.99809633209092e-01	0.00000000000000e+00	2.48326054727637e-01	-1.53956472873688e+00	7.90462732315064e-04	-1.53956472873688e+00	0.00000000000000e+00	7.41375845958610e+00	1.09946250603343e+01	-4.13765577490295e+01	-3.06755805040420e+02	0.00000000000000e+00	-4.00224571228027e+01	1.00000000000000e+00	1.01197269685897e+00	2.06451606750488e+01	-3.27066268920898e-02	5.00938644409180e+01	1
72	65	71	47	-3.05900621414185e+00	-2.25155279040337e-01	-1.11801242828369e+00	-1.13354039192200e+00	-4.50310558080673e-01	-1.09472048282623e+00	-7.99689412117004e-01	-5.62888205051422e-01	-9.86024856567383e-01	-6.52173936367035e-01	-7.02639758586884e-01	-2.85714292526245e+00	-1.00155282020569e+00	-2.18944096565247e+00	-2.32919263839722e+00	-2.25155282020569e+00	-2.01863360404968e+00	-1.63043475151062e+00	-1.45186340808868e+00	-1.83229827880859e+00	4.00000000000000e+01	4.00000000000000e+01	8.00000000000000e+01	8.00000000000000e+01	8.00000000000000e+01	8.00000000000000e+01	8.00000000000000e+01	1.60000000000000e+02	1.60000000000000e+02	1.60000000000000e+02	1.60000000000000e+02	1.60000000000000e+02	4.00000000000000e+01	1.60000000000000e+02	4.00000000000000e+01	4.00000000000000e+01	4.00000000000000e+01	4.00000000000000e+01	4.00000000000000e+01	8.00000000000000e+01	8.00000000000000e+01	1.23234338760376e+01	1.20987997055054e+01	2.99517106109784e-01	0.00000000000000e+00	5.24030962654011e-01	-1.10593509674072e+00	7.92045354843140e-04	-1.10593509674072e+00	0.00000000000000e+00	7.40165808437386e+00	1.17580386444146e+01	-4.84712374389652e+01	-3.58767526449721e+02	0.00000000000000e+00	6.40015983581543e+00	1.00000000000000e+00	1.02073461415393e+00	2.11339206695557e+01	-3.83914184570312e-02	5.00954093933105e+01	1
72	65	71	48	-1.99514234066010e+00	-7.95165359973907e-01	-9.46969687938690e-01	-1.51081430912018e+00	-1.01202869415283e+00	-1.48189914226532e+00	-1.23612082004547e+00	-6.75890564918518e-01	-3.75896364450455e-01	-3.90353918075562e-01	-1.18551933765411e+00	-3.80233645439148e+00	-9.79499220848083e-01	-3.05054378509521e+00	-1.98068475723267e+00	-2.48669910430908e+00	-1.72044885158539e+00	-2.21200561523438e+00	-1.58310210704803e+00	-1.39515388011932e+00	4.00000000000000e+01	4.00000000000000e+01	8.00000000000000e+01	8.00000000000000e+01	8.00000000000000e+01	8.00000000000000e+01	8.00000000000000e+01	1.60000000000000e+02	1.60000000000000e+02	1.60000000000000e+02	1.60000000000000e+02	1.60000000000000e+02	4.00000000000000e+01	1.60000000000000e+02	4.00000000000000e+01	4.00000000000000e+01	4.00000000000000e+01	4.00000000000000e+01	4.00000000000000e+01	8.00000000000000e+01	8.00000000000000e+01	1.23234338760376e+01	1.20987997055054e+01	2.99293113036631e-01	0.00000000000000e+00	3.96442781906103e-01	-1.20158338546753e+00	7.87275552749634e-04	-1.20158338546753e+00	0.00000000000000e+00	7.38772220555986e+00	1.14430703924294e+01	-5.23753266508645e+01	-3.86934363722043e+02	0.00000000000000e+00	-5.11249685287476e+00	1.00000000000000e+00	1.01739143010583e+00	2.11339206695557e+01	-4.12338142395020e-02	5.01497840881348e+01	1
72	65	71	49	2.96046161651611e+00	2.81366199254990e-01	9.17498469352722e-02	-4.34282630681992e-01	-5.01565873622894e-01	1.40683099627495e-01	-3.02774518728256e-01	-2.53841251134872e-01	-5.35207450389862e-01	-3.79232704639435e-01	-9.26673471927643e-01	5.87199032306671e-01	-9.48081761598587e-02	9.54198479652405e-01	4.28166002035141e-01	4.89332526922226e-02	2.81366199254990e-01	6.36132299900055e-01	-1.77383050322533e-01	1.46799758076668e-01	4.00000000000000e+01	4.00000000000000e+01	8.00000000000000e+01	8.00000000000000e+01	8.00000000000000e+01	8.00000000000000e+01	8.00000000000000e+01	1.60000000000000e+02	1.60000000000000e+02	1.60000000000000e+02	1.60000000000000e+02	1.60000000000000e+02	4.00000000000000e+01	1.60000000000000e+02	4.00000000000000e+01	4.00000000000000e+01	4.00000000000000e+01	4.00000000000000e+01	4.00000000000000e+01	8.00000000000000e+01	8.00000000000000e+01	1.23234338760376e+01	1.20987997055054e+01	2.19917926129376e-01	0.00000000000000e+00	9.12897423756377e-01	-1.10643520951271e-01	6.18708848953247e-04	-1.10643520951271e-01	0.00000000000000e+00	7.37155853254651e+00	1.91355999088274e+02	7.87622048567024e+01	5.80600203253600e+02	0.00000000000000e+00	-5.77826614379883e+01	1.00000000000000e+00	1.57997457254211e+00	2.06451606750488e+01	4.87308731079102e-02	3.90913505554199e+01	1
72	65	71	50	2.46013307571411e+00	-4.28946286439896e-01	-3.40633839368820e-01	-3.09093654155731e-01	-5.61415016651154e-01	3.15401703119278e-02	-3.40633839368820e-01	-7.63272047042847e-01	-3.34325790405273e-01	-1.82932972908020e-01	-5.55106997489929e-01	6.68651580810547e-01	-3.59557956457138e-01	-6.30803406238556e-02	-1.38776749372482e-01	-9.20972943305969e-01	-8.83124768733978e-01	-6.93883657455444e-01	-3.40633839368820e-01	-2.08165109157562e-01	4.00000000000000e+01	4.00000000000000e+01	8.00000000000000e+01	8.00000000000000e+01	8.00000000000000e+01	8.00000000000000e+01	8.00000000000000e+01	1.60000000000000e+02	1.60000000000000e+02	1.60000000000000e+02	1.60000000000000e+02	1.60000000000000e+02	4.00000000000000e+01	1.60000000000000e+02	4.00000000000000e+01	4.00000000000000e+01	4.00000000000000e+01	4.00000000000000e+01	4.00000000000000e+01	8.00000000000000e+01	8.00000000000000e+01	1.23234338760376e+01	1.20987997055054e+01	3.32574325053025e-01	0.00000000000000e+00	9.35771241769251e-01	-3.11757057905197e-01	7.77927160263062e-04	-3.11757057905197e-01	0.00000000000000e+00	7.35266365733781e+00	1.27793256584416e+02	6.07414776532144e+01	4.46611655233786e+02	0.00000000000000e+00	-4.46485061645508e+01	1.00000000000000e+00	1.34568123285111e+00	2.11339206695557e+01	4.72524452209473e-02	5.01038360595703e+01	1
72	65	71	51	4.17240190505981e+00	-5.37680685520172e-01	6.34463191032410e-01	1.50550574064255e-01	8.60289037227631e-01	-3.87130081653595e-01	-1.07536129653454e-01	-8.01144182682037e-01	-1.12912937998772e-01	-1.29043355584145e-01	-2.74217128753662e-01	1.05385410785675e+00	-6.50593578815460e-01	1.33344793319702e+00	-6.23709559440613e-01	-2.36579477787018e-01	1.63454926013947e+00	2.58086711168289e-01	-2.58086711168289e-01	2.36579477787018e-01	4.00000000000000e+01	4.00000000000000e+01	8.00000000000000e+01	8.00000000000000e+01	8.00000000000000e+01	8.00000000000000e+01	8.00000000000000e+01	1.60000000000000e+02	1.60000000000000e+02	1.60000000000000e+02	1.60000000000000e+02	1.60000000000000e+02	4.00000000000000e+01	1.60000000000000e+02	4.00000000000000e+01	4.00000000000000e+01	4.00000000000000e+01	4.00000000000000e+01	4.00000000000000e+01	8.00000000000000e+01	8.00000000000000e+01	1.23234338760376e+01	1.20987997055054e+01	2.98135272452395e-01	0.00000000000000e+00	8.51538693787185e-01	1.52940275147557e-02	7.75677919387817e-04	1.52940275147557e-02	0.00000000000000e+00	7.33038285837618e+00	1.71224909347370e+01	3.57340688854744e+01	2.61944406018115e+02	0.00000000000000e+00	-2.09459781646729e+01	1.00000000000000e+00	1.07041023208207e+00	2.06451606750488e+01	2.77181282043457e-02	5.01070327758789e+01	1
72	65	71	54	-4.92772674560547e+00	-2.52546000480652e+00	-1.68364000320435e+00	-4.39388942718506e+00	1.19086730480194e+00	-2.52546000480652e+00	-2.74104785919189e+00	-1.49885022640228e+00	-7.08360731601715e-01	-9.75279271602631e-01	-1.04714190959930e+00	-3.94218111038208e+00	-1.65284168720245e+00	-2.29960584640503e+00	-3.44940876960754e+00	-2.99770045280457e+00	-4.18856763839722e+00	-1.27299606800079e+00	-2.58705663681030e+00	-3.32621550559998e+00	4.00000000000000e+01	4.00000000000000e+01	8.00000000000000e+01	8.00000000000000e+01	8.00000000000000e+01	8.00000000000000e+01	8.00000000000000e+01	1.60000000000000e+02	1.60000000000000e+02	1.60000000000000e+02	1.60000000000000e+02	1.60000000000000e+02	4.00000000000000e+01	1.60000000000000e+02	4.00000000000000e+01	4.00000000000000e+01	4.00000000000000e+01	4.00000000000000e+01	4.00000000000000e+01	8.00000000000000e+01	8.00000000000000e+01	1.23234338760376e+01	1.20987997055054e+01	2.99738792199444e-01	0.00000000000000e+00	3.92716325247521e-01	-1.98386621475220e+00	7.70898818969727e-04	-1.98386621475220e+00	0.00000000000000e+00	7.23296913268348e+00	1.08136614116955e+01	-1.88315275884337e+01	-1.36207857768418e+02	0.00000000000000e+00	-4.94367027282715e+01	1.00000000000000e+00	1.00993699718781e+00	2.11339206695557e+01	-1.45172023773193e-02	5.01090431213379e+01	1
72	65	71	55	-3.97803664207458e+00	-1.70887494087219e+00	-1.59681761264801e+00	-8.68444621562958e-01	-4.34222310781479e-01	-1.05053782463074e+00	-2.61934089660645e+00	-8.54437470436096e-01	-1.14158451557159e+00	-2.02403616905212e+00	-1.99602198600769e+00	-4.17413711547852e+00	4.06207948923111e-01	-4.31420850753784e+00	-3.61385035514832e+00	-3.08157753944397e+00	-2.74540567398071e+00	-2.29717612266541e+00	-8.40430259704590e-01	-6.02308332920074e-01	4.00000000000000e+01	4.00000000000000e+01	8.00000000000000e+01	8.00000000000000e+01	8.00000000000000e+01	8.00000000000000e+01	8.00000000000000e+01	1.60000000000000e+02	1.60000000000000e+02	1.60000000000000e+02	1.60000000000000e+02	1.60000000000000e+02	4.00000000000000e+01	1.60000000000000e+02	4.00000000000000e+01	4.00000000000000e+01	4.00000000000000e+01	4.00000000000000e+01	4.00000000000000e+01	8.00000000000000e+01	8.00000000000000e+01	1.23234338760376e+01	1.20987997055054e+01	2.99515479062394e-01	0.00000000000000e+00	6.20039010655458e-01	-1.58498907089233e+00	7.67640829086304e-04	-1.58498907089233e+00	0.00000000000000e+00	7.18480831090042e+00	1.12868356017708e+01	-2.77210576450926e+01	-1.99170485355411e+02	0.00000000000000e+00	3.03316044807434e+00	1.00000000000000e+00	1.01554357421823e+00	2.11339206695557e+01	-2.12798156738281e-02	5.01122856140137e+01	1
72	65	71	56	-4.59695386886597e+00	-2.00826501846313e+00	-1.31175696849823e+00	-5.57206511497498e-01	-6.38465762138367e-01	-1.42784166336060e+00	-1.86315941810608e+00	-1.70064079761505e+00	-1.53231787681580e+00	-1.45686280727386e+00	-1.13182568550110e+00	-5.38632965087891e+00	-1.89798462390900e+00	-5.50241422653198e+00	-4.10939788818359e+00	-3.78436112403870e+00	-4.66660451889038e+00	-3.13428664207458e+00	-2.83246660232544e+00	-2.03148221969604e+00	4.00000000000000e+01	4.00000000000000e+01	8.00000000000000e+01	8.00000000000000e+01	8.00000000000000e+01	8.00000000000000e+01	8.00000000000000e+01	1.60000000000000e+02	1.60000000000000e+02	1.60000000000000e+02	1.60000000000000e+02	1.60000000000000e+02	4.00000000000000e+01	1.60000000000000e+02	4.00000000000000e+01	4.00000000000000e+01	4.00000000000000e+01	4.00000000000000e+01	4.00000000000000e+01	8.00000000000000e+01	8.00000000000000e+01	1.23007726669312e+01	1.20987997055054e+01	2.99675237963835e-01	0.00000000000000e+00	5.05463116542785e-01	-2.02503323554993e+00	7.65038490295410e-04	-2.02503323554993e+00	0.00000000000000e+00	7.12424160814063e+00	1.08878259683412e+01	-3.35629449477126e+01	-2.39110528888228e+02	0.00000000000000e+00	-1.93435535430908e+01	1.00000000000000e+00	1.01090165307743e+00	2.11339206695557e+01	-2.56769447326660e-02	5.00856208801270e+01	1
72	65	71	57	4.47725087404251e-01	-8.65198373794556e-01	-1.39762818813324e+00	-1.13746368885040e+00	-1.54888665676117e+00	-1.36737644672394e+00	-7.98644661903381e-01	-7.01839268207550e-01	-1.01948213577271e+00	-4.02347534894943e-01	-4.50750231742859e-01	-1.21006771922112e-01	-7.26040601730347e-01	-4.84027087688446e-01	-1.29477238655090e+00	-3.26718300580978e-01	-9.31752145290375e-01	-3.50919634103775e-01	-6.71587586402893e-01	-8.04695069789886e-01	4.00000000000000e+01	4.00000000000000e+01	8.00000000000000e+01	8.00000000000000e+01	8.00000000000000e+01	8.00000000000000e+01	8.00000000000000e+01	1.60000000000000e+02	1.60000000000000e+02	1.60000000000000e+02	1.60000000000000e+02	1.60000000000000e+02	4.00000000000000e+01	1.60000000000000e+02	4.00000000000000e+01	4.00000000000000e+01	4.00000000000000e+01	4.00000000000000e+01	4.00000000000000e+01	8.00000000000000e+01	8.00000000000000e+01	1.23234338760376e+01	1.21286001205444e+01	3.04037502181309e-01	0.00000000000000e+00	5.97810715927435e-01	-7.78745889663696e-01	3.54418516159058e-04	-7.78745889663696e-01	0.00000000000000e+00	7.04656296132290e+00	1.37160129318519e+01	1.39002372625273e+02	9.79488970477249e+02	0.00000000000000e+00	-5.30898475646973e+01	1.00000000000000e+00	1.03597219629966e+00	2.11339206695557e+01	4.92650146484375e-02	2.23592624664307e+01	1
72	65	71	58	3.00410318374634e+00	-1.52647525072098e-01	2.01494723558426e-01	-8.85355651378632e-01	-5.25107443332672e-01	-9.70838248729706e-01	-3.96883547306061e-01	-6.10590100288391e-01	-3.05295050144196e-01	-5.92272400856018e-01	-5.49531042575836e-01	3.78565847873688e-01	-5.61742842197418e-01	3.05295050144196e-01	-1.01357948780060e+00	2.56447821855545e-01	-3.78565847873688e-01	-5.98378300666809e-01	4.45730745792389e-01	-1.83177012950182e-02	4.00000000000000e+01	4.00000000000000e+01	8.00000000000000e+01	8.00000000000000e+01	8.00000000000000e+01	8.00000000000000e+01	8.00000000000000e+01	1.60000000000000e+02	1.60000000000000e+02	1.60000000000000e+02	1.60000000000000e+02	1.60000000000000e+02	4.00000000000000e+01	1.60000000000000e+02	4.00000000000000e+01	4.00000000000000e+01	4.00000000000000e+01	4.00000000000000e+01	4.00000000000000e+01	8.00000000000000e+01	8.00000000000000e+01	1.23234338760376e+01	1.21286001205444e+01	3.09010680592184e-01	0.00000000000000e+00	9.55075629776914e-01	-3.09365630149841e-01	4.55638647079468e-04	-3.09365630149841e-01	0.00000000000000e+00	6.94457323425112e+00	5.63051776137428e+01	1.07139101464245e+02	7.44035336370312e+02	0.00000000000000e+00	-7.41979751586914e+01	1.00000000000000e+00	1.23186197061896e+00	2.11339206695557e+01	4.88167152404785e-02	2.97754611968994e+01	1
72	65	71	59	3.16119670867920e+00	3.49903464317322e-01	-1.00748062133789e+00	-6.21380269527435e-01	5.42953684926033e-02	-2.59411185979843e-01	-2.05115810036659e-01	-1.32722005248070e-01	-6.63609981536865e-01	-2.02099412679672e-01	-6.24396681785583e-01	1.03764474391937e+00	-4.70559835433960e-01	6.39478743076324e-01	4.46428567171097e-01	-6.03281855583191e-01	-3.49903464317322e-01	1.93050175905228e-01	-2.77509629726410e-01	4.22297269105911e-02	4.00000000000000e+01	4.00000000000000e+01	8.00000000000000e+01	8.00000000000000e+01	8.00000000000000e+01	8.00000000000000e+01	8.00000000000000e+01	1.60000000000000e+02	1.60000000000000e+02	1.60000000000000e+02	1.60000000000000e+02	1.60000000000000e+02	4.00000000000000e+01	1.60000000000000e+02	4.00000000000000e+01	4.00000000000000e+01	4.00000000000000e+01	4.00000000000000e+01	4.00000000000000e+01	8.00000000000000e+01	8.00000000000000e+01	1.23234338760376e+01	1.20987997055054e+01	2.89108473985158e-01	0.00000000000000e+00	9.55116769893004e-01	-1.80180191993713e-01	7.16803312301636e-04	-1.80180191993713e-01	0.00000000000000e+00	6.80678408277788e+00	1.58049895036688e+02	6.89283766357524e+01	4.69180576935959e+02	0.00000000000000e+00	-4.00033836364746e+01	1.00000000000000e+00	1.42638010184705e+00	2.06451606750488e+01	4.94080886840820e-02	4.71822319030762e+01	1
72	65	71	60	9.45697402954102e+00	2.99904018640518e-01	-2.49920040369034e-01	1.65946888923645e+00	9.09708917140961e-01	4.09868866205215e-01	-1.14963211119175e-01	-4.49856072664261e-02	1.54950410127640e-01	-2.29926422238350e-01	-1.69945612549782e-01	6.61788272857666e+00	-2.49920040369034e-02	2.07933473587036e+00	3.13899564743042e+00	3.27895092964172e+00	2.01935386657715e+00	1.83941137790680e+00	1.94937622547150e+00	4.69849646091461e-01	4.00000000000000e+01	4.00000000000000e+01	8.00000000000000e+01	8.00000000000000e+01	8.00000000000000e+01	8.00000000000000e+01	8.00000000000000e+01	1.60000000000000e+02	1.60000000000000e+02	1.60000000000000e+02	1.60000000000000e+02	1.60000000000000e+02	4.00000000000000e+01	1.60000000000000e+02	4.00000000000000e+01	4.00000000000000e+01	4.00000000000000e+01	4.00000000000000e+01	4.00000000000000e+01	8.00000000000000e+01	8.00000000000000e+01	1.23234338760376e+01	1.20987997055054e+01	3.35744544701887e-01	0.00000000000000e+00	7.90269772117672e-01	8.35732519626617e-01	7.64857530593872e-04	8.35732519626617e-01	0.00000000000000e+00	6.61387927071535e+00	1.05949300127882e+02	3.89831289773055e+01	2.57829708650624e+02	0.00000000000000e+00	-3.75329780578613e+01	1.00000000000000e+00	1.30196240522797e+00	2.11339206695557e+01	2.98165397644043e-02	5.01127815246582e+01	1
72	65	71	64	-7.95687913894653e+00	-7.48631119728088e-01	-9.19746756553650e-01	-3.31536626815796e+00	-2.20311427116394e+00	-2.60951423645020e+00	-1.65768313407898e+00	-3.85010272264481e-01	-4.91957545280457e-01	-4.01052379608154e+00	1.05877828598022e+00	-6.11738538742065e+00	6.73767983913422e-01	-2.05338811874390e+00	-4.91957569122314e+00	-5.17624902725220e+00	-4.44900751113892e+00	-1.75393569469452e+00	-2.13894605636597e+00	-1.66837787628174e+00	4.00000000000000e+01	4.00000000000000e+01	8.00000000000000e+01	8.00000000000000e+01	8.00000000000000e+01	8.00000000000000e+01	8.00000000000000e+01	1.60000000000000e+02	1.60000000000000e+02	1.60000000000000e+02	1.60000000000000e+02	1.60000000000000e+02	4.00000000000000e+01	1.60000000000000e+02	4.00000000000000e+01	4.00000000000000e+01	4.00000000000000e+01	4.00000000000000e+01	4.00000000000000e+01	8.00000000000000e+01	8.00000000000000e+01	1.23460941314697e+01	1.20987997055054e+01	2.99296022019766e-01	0.00000000000000e+00	6.70655064089241e-01	-1.75298476219177e+00	7.52574205398560e-04	-1.75298476219177e+00	0.00000000000000e+00	3.67796213103195e+00	1.10997891661114e+01	-1.85169374549544e+01	-6.81045947420095e+01	0.00000000000000e+00	2.48948073387146e+00	1.00000000000000e+00	1.01359723195541e+00	2.11339206695557e+01	-1.39353694915771e-02	5.01222877502441e+01	1
72	65	71	66	-1.08486019074917e-01	-1.17526507377625e+00	-7.11186110973358e-01	-7.83510088920593e-01	-1.00650918483734e+00	-1.38621017336845e-01	-1.26868367195129e+00	-1.01253616809845e+00	-9.01036620140076e-01	-8.01591098308563e-01	-6.99132084846497e-01	-1.08486008644104e+00	-1.14814364910126e+00	-8.19672048091888e-01	-1.47058820724487e+00	-5.30376076698303e-01	-1.21745419502258e+00	-8.91996145248413e-01	-1.08486008644104e+00	-7.71456062793732e-01	4.00000000000000e+01	4.00000000000000e+01	8.00000000000000e+01	8.00000000000000e+01	8.00000000000000e+01	8.00000000000000e+01	8.00000000000000e+01	1.60000000000000e+02	1.60000000000000e+02	1.60000000000000e+02	1.60000000000000e+02	1.60000000000000e+02	4.00000000000000e+01	1.60000000000000e+02	4.00000000000000e+01	4.00000000000000e+01	4.00000000000000e+01	4.00000000000000e+01	4.00000000000000e+01	8.00000000000000e+01	8.00000000000000e+01	1.23234338760376e+01	1.21286001205444e+01	3.03587213763321e-01	0.00000000000000e+00	6.49210124478648e-01	-9.06461000442505e-01	3.46037387847900e-04	-9.06461000442505e-01	0.00000000000000e+00	3.76991118430775e+00	1.35756224730833e+01	1.42920336836651e+02	5.38796976305523e+02	0.00000000000000e+00	-6.43258895874023e+01	1.00000000000000e+00	1.03477641000886e+00	2.11339206695557e+01	4.94557800292969e-02	2.25040779113770e+01	1
72	65	71	67	9.90898370742798e-01	-1.70654726028442e+00	-5.13799190521240e-01	-5.13799190521240e-01	-2.20199644565582e-01	-8.37981998920441e-01	-1.16828143596649e+00	-4.64865922927856e-01	-1.06429827213287e+00	-6.75890564918518e-01	-1.32731461524963e+00	-1.02759838104248e+00	-9.08323526382446e-01	-6.72832190990448e-01	-6.11665666103363e-01	-7.09532201290131e-01	-4.77099239826202e-01	-1.83499693870544e-01	-2.32432961463928e-01	-9.72548425197601e-01	4.00000000000000e+01	4.00000000000000e+01	8.00000000000000e+01	8.00000000000000e+01	8.00000000000000e+01	8.00000000000000e+01	8.00000000000000e+01	1.60000000000000e+02	1.60000000000000e+02	1.60000000000000e+02	1.60000000000000e+02	1.60000000000000e+02	4.00000000000000e+01	1.60000000000000e+02	4.00000000000000e+01	4.00000000000000e+01	4.00000000000000e+01	4.00000000000000e+01	4.00000000000000e+01	8.00000000000000e+01	8.00000000000000e+01	1.23007726669312e+01	1.20987997055054e+01	3.01949323370373e-01	0.00000000000000e+00	5.70115638587610e-01	-7.80485391616821e-01	5.18819808959961e-04	-7.80485391616821e-01	0.00000000000000e+00	5.54398703574669e+00	1.35322411240700e+01	9.39263926826489e+01	5.20726703347058e+02	0.00000000000000e+00	-4.50395736694336e+01	1.00000000000000e+00	1.03667471182485e+00	2.11339206695557e+01	4.87308731079102e-02	3.46248626708984e+01	1
72	65	71	68	5.30596876144409e+00	1.12448823451996e+00	-2.62605041265488e-01	-1.34669244289398e-02	3.90540838241577e-01	6.80079698562622e-01	5.42043745517731e-01	3.73707175254822e-01	-7.07013532519341e-02	-1.75070032477379e-01	4.71342414617538e-01	2.04697275161743e+00	2.15470790863037e-01	2.54524898529053e+00	2.39711284637451e+00	2.35671186447144e+00	1.80456793308258e+00	3.90540838241577e-01	6.46412372589111e-01	7.13747024536133e-01	4.00000000000000e+01	4.00000000000000e+01	8.00000000000000e+01	8.00000000000000e+01	8.00000000000000e+01	8.00000000000000e+01	8.00000000000000e+01	1.60000000000000e+02	1.60000000000000e+02	1.60000000000000e+02	1.60000000000000e+02	1.60000000000000e+02	4.00000000000000e+01	1.60000000000000e+02	4.00000000000000e+01	4.00000000000000e+01	4.00000000000000e+01	4.00000000000000e+01	4.00000000000000e+01	8.00000000000000e+01	8.00000000000000e+01	1.23234338760376e+01	1.20987997055054e+01	2.95090739629440e-01	0.00000000000000e+00	1.07806343724251e+00	6.40726447105408e-01	7.49972343444824e-04	6.40726447105408e-01	0.00000000000000e+00	6.85438397146864e+00	1.94865541747942e+01	5.90248104343447e+01	4.04578714560147e+02	0.00000000000000e+00	-9.75475845336914e+01	1.00000000000000e+00	1.09030242756117e+00	2.11339206695557e+01	4.42669754028320e-02	5.01501808166504e+01	1
72	65	71	69	4.52577733993530e+00	3.32054316997528e-01	8.97776484489441e-01	7.25600183010101e-01	8.73179852962494e-01	3.81247520446777e-01	4.91932295262814e-02	2.39817008376122e-01	-2.58264452219009e-01	-1.90623760223389e-01	-4.42739099264145e-01	2.01692247390747e+00	6.64108633995056e-01	8.60881567001343e-01	1.15604090690613e+00	1.79555296897888e+00	2.21369528770447e+00	3.51731586456299e+00	1.15604090690613e+00	9.59268033504486e-01	4.00000000000000e+01	4.00000000000000e+01	8.00000000000000e+01	8.00000000000000e+01	8.00000000000000e+01	8.00000000000000e+01	8.00000000000000e+01	1.60000000000000e+02	1.60000000000000e+02	1.60000000000000e+02	1.60000000000000e+02	1.60000000000000e+02	4.00000000000000e+01	1.60000000000000e+02	4.00000000000000e+01	4.00000000000000e+01	4.00000000000000e+01	4.00000000000000e+01	4.00000000000000e+01	8.00000000000000e+01	8.00000000000000e+01	1.23007726669312e+01	1.20987997055054e+01	2.96461782240620e-01	0.00000000000000e+00	7.86722422324097e-01	5.99610865116119e-01	7.52109527587891e-04	5.99610865116119e-01	0.00000000000000e+00	8.37758040957278e+00	1.47024283434825e+01	3.22249202428472e+01	2.69966860526522e+02	0.00000000000000e+00	-2.71172199249268e+01	1.00000000000000e+00	1.05177256694596e+00	2.06451606750488e+01	2.42366695404053e-02	5.01233444213867e+01	1
0
