nan
nan
nan
nan
nan
1.327828196149222322e+02
1.205452426393812715e+02
1.084189226453211745e+02
9.698483032389691516e+01
8.676956329554823810e+01
7.776555817683933469e+01
6.966206738545129440e+01
6.214486346372924430e+01
5.492704324989199449e+01
4.799257117048603050e+01
4.145130508526892754e+01
3.541063973970550194e+01
nan
nan
nan
nan
nan
nan
nan
nan
nan
nan
nan
nan
nan
nan
nan
nan
1.451438021836537473e+02
1.348679282942454449e+02
1.238748169273795696e+02
1.128916444218306765e+02
1.014939829933351234e+02
9.050759264588243980e+01
8.078313644868161703e+01
7.219600554314797591e+01
6.424822692314344863e+01
5.660486139563817432e+01
4.969247771837383709e+01
4.316019798924979511e+01
3.708654793523054138e+01
3.154274074194476896e+01
2.632543191006184102e+01
2.147255740731847240e+01
1.707950270784482427e+01
1.318195481619316389e+01
nan
nan
nan
nan
nan
nan
nan
nan
nan
nan
nan
1.433657372072776184e+02
1.343233923386096933e+02
1.250298259656250224e+02
1.148647565965463286e+02
1.042014724844938627e+02
9.401874155126408539e+01
8.364129943107090526e+01
7.440902654109132186e+01
6.604595629270851020e+01
5.805481478476359314e+01
5.084325010376862508e+01
4.429671673760461914e+01
3.817395288806056897e+01
3.252934863950226685e+01
2.719564725390490167e+01
2.216722295121267905e+01
1.748759110461470456e+01
1.320524094613677590e+01
9.235978430558278163e+00
5.748168439451973200e+00
2.641635465751515532e+00
-1.241556864932985699e-01
nan
nan
nan
nan
nan
nan
nan
1.390059969933713830e+02
1.311011807354827283e+02
1.230409109209467715e+02
1.144895583382224231e+02
1.052157591429126740e+02
9.541851685959450435e+01
8.549185500549373273e+01
7.602003021177769426e+01
6.717129158975740211e+01
5.904200563145708713e+01
5.165733369790576290e+01
4.489659615174851126e+01
3.870638636884833517e+01
3.293434612246009152e+01
2.747500263519515684e+01
2.232705956932007396e+01
1.749098899156181020e+01
1.298375069349029332e+01
8.879663278488312272e+00
5.140395265754726495e+00
1.592619566077499993e+00
-1.490568920047827817e+00
-4.224449669820005582e+00
-6.690148735306381766e+00
-8.925122508404781385e+00
-1.096467857283812819e+01
-1.284412451232942587e+01
nan
nan
1.315530305627956125e+02
1.243981935347562029e+02
1.174518470631394962e+02
1.103357733755187127e+02
1.027154234919586315e+02
9.423735247302411722e+01
8.519791790250792474e+01
7.602906376120910181e+01
6.728330615506304468e+01
5.905104734039287706e+01
5.161180699712878095e+01
4.483903458234743766e+01
3.864115602382452153e+01
3.279857013496491192e+01
2.719793804167431617e+01
2.191691911876069199e+01
1.695586419381154641e+01
1.231391749393909585e+01
7.993136885282254411e+00
4.010213032601530614e+00
4.721314670051643958e-01
-2.767475210406929786e+00
-5.877418775651211291e+00
-8.558922060142679200e+00
-1.091085107114344410e+01
-1.305660419216419044e+01
-1.504634096614162786e+01
-1.691536897679872098e+01
-1.869899580785842375e+01
-2.039640450127468441e+01
1.145825039369843239e+02
1.088945056712186243e+02
1.025163202595031322e+02
9.631046651212395204e+01
8.971899903214287519e+01
8.201343240052281658e+01
7.364658703954141572e+01
6.580614514011379867e+01
5.788212441571042177e+01
5.033155137293127979e+01
4.358993650597389546e+01
3.750836886930103731e+01
3.180709722258515981e+01
2.634810523807612981e+01
2.101665525226749409e+01
1.590948699183062054e+01
1.111879627824566974e+01
6.657120297919083995e+00
2.522260346355943206e+00
-1.284323699428931098e+00
-4.730095758562876895e+00
-7.769347730613221259e+00
-1.054594014305076044e+01
-1.320562949881727910e+01
-1.548587525069847004e+01
-1.751105318152744061e+01
-1.941943380712978851e+01
-2.124650703103353067e+01
-2.296254256441322639e+01
-2.447945737162086743e+01
9.710115471600136061e+01
9.246050001257020767e+01
8.753146494458394500e+01
8.189953218775950461e+01
7.609985529845511110e+01
6.921962604082315806e+01
6.236646046300073465e+01
5.523810174030358411e+01
4.810093875810468234e+01
4.133728330562741604e+01
3.532051406604270483e+01
2.968765066801268659e+01
2.435054685058893753e+01
1.926724140711406008e+01
1.432014403278106052e+01
9.485402733377842566e+00
4.874812167609693603e+00
5.680268853613973379e-01
-3.407648522306559791e+00
-7.037969043639863642e+00
-1.033253972256969710e+01
-1.325642652023847212e+01
-1.586450620042421455e+01
-1.821950785342459511e+01
-2.042350550761019079e+01
-2.234283482129429288e+01
-2.415801843443203367e+01
-2.582812731891745273e+01
-2.732205623752818369e+01
-2.870912257031339365e+01
7.997754056345569040e+01
7.609609372680760941e+01
7.201822325743344777e+01
6.754954162247261706e+01
6.249440057844451957e+01
5.678830441069095514e+01
5.070314127152461481e+01
4.443801746321286572e+01
3.819136483995423248e+01
3.220269892001763878e+01
2.658492342021522603e+01
2.129871161652130951e+01
1.631266508563294337e+01
1.159193564043543390e+01
7.050617869218270606e+00
2.581701723087025169e+00
-1.761293469264800571e+00
-5.874972876296013169e+00
-9.695619631383312509e+00
-1.319646628598977145e+01
-1.635248707255162870e+01
-1.914323574849949949e+01
-2.161056845736959886e+01
-2.380739158430356639e+01
-2.577823131377531141e+01
-2.756748506683353739e+01
-2.916930293368752913e+01
-3.060912958413209140e+01
-3.194099964332766106e+01
-3.321840962246459839e+01
6.393729710769807895e+01
6.079262355252362227e+01
5.748580801500091297e+01
5.374958539834827320e+01
4.931048060022203572e+01
4.431765006462798340e+01
3.905960521849384293e+01
3.361887713661887744e+01
2.818840192573475534e+01
2.265404474595292328e+01
1.737542776777253550e+01
1.241577839329393562e+01
7.756001556253947271e+00
3.369397260915723447e+00
-7.845323364534764199e-01
-4.829678834550769295e+00
-8.830582147985950314e+00
-1.268602991710814720e+01
-1.629328480482304187e+01
-1.961707513372036971e+01
-2.262848024857710172e+01
-2.524008911891252538e+01
-2.753476916150403753e+01
-2.956039602468747773e+01
-3.142540622778760451e+01
-3.312964626538264667e+01
-3.457921582498303081e+01
-3.586507324854540002e+01
-3.701557540664001067e+01
-3.811303602107845023e+01
4.899355729905902734e+01
4.647627917156124511e+01
4.372769638427826067e+01
4.041802384055095843e+01
3.640515983685278201e+01
3.184312282391096005e+01
2.733677739929008155e+01
2.260735582795348364e+01
1.783105830239291478e+01
1.283021693700077570e+01
7.743341347898837768e+00
3.128267924213771867e+00
-1.188282561619277589e+00
-5.269752952794226175e+00
-9.119726962952686478e+00
-1.276176145003359430e+01
-1.634673276976584688e+01
-1.987450280591742313e+01
-2.319895121071284194e+01
-2.626283504578201544e+01
-2.902891973540285164e+01
-3.143954733593799844e+01
-3.355881013551302061e+01
-3.553143945735745035e+01
-3.734994831937609661e+01
-3.892457828194323355e+01
-4.022694987970571390e+01
-4.137671001197838905e+01
-4.242207746658365863e+01
-4.336266147793750747e+01
3.493786158957572496e+01
3.285272091724898047e+01
3.037767326253416300e+01
2.741191159416638357e+01
2.375728305531830387e+01
1.956740875636003096e+01
1.553341074848372827e+01
1.141569213181831088e+01
7.187402352216221146e+00
2.675761543508535567e+00
-2.056275548878033099e+00
-6.520433592390759259e+00
-1.052757815236263994e+01
-1.426143659141463260e+01
-1.778345690382113276e+01
-2.112961133483060294e+01
-2.431959803329464620e+01
-2.744908547736126536e+01
-3.038914285564560558e+01
-3.309222774771080111e+01
-3.561400201953185984e+01
-3.787681949928614955e+01
-3.992839434757210171e+01
-4.180661128505030177e+01
-4.347636943993321523e+01
-4.491530393207861493e+01
-4.611052820289182819e+01
-4.713264855741226000e+01
-4.804267495618543649e+01
-4.889463092024074342e+01
2.155372867449473517e+01
1.962970137344617072e+01
1.736000055117364127e+01
1.467011933587236427e+01
1.135952637009658694e+01
7.536912030153644082e+00
3.795658914493194036e+00
1.125177665142811367e-01
-3.655522268768321315e+00
-7.750033365055939427e+00
-1.206072086708563873e+01
-1.630800465622119333e+01
-2.011664421990650808e+01
-2.356395679978473368e+01
-2.678069752122843994e+01
-2.980789387754409248e+01
-3.268151811398016804e+01
-3.544068497331164025e+01
-3.802987908349466295e+01
-4.042476470461546256e+01
-4.263833970549210051e+01
-4.466251891729169898e+01
-4.656784587038188761e+01
-4.828155350866477846e+01
-4.978669283834809534e+01
-5.106418836981561071e+01
-5.214744766795127617e+01
-5.306454991529659537e+01
-5.386546300351174921e+01
-5.463287480018239251e+01
8.638591302763591884e+00
6.766688468401915735e+00
4.648275098005473005e+00
2.176294743767886786e+00
-7.954341043345530826e-01
-4.247662436563699018e+00
-7.701929440360076207e+00
-1.118601406249653962e+01
-1.461067190453387177e+01
-1.836235884842438537e+01
-2.232199974994366087e+01
-2.619481668153078857e+01
-2.983461520098449071e+01
-3.303861680447865012e+01
-3.599072949051433312e+01
-3.873913536526225698e+01
-4.119293422301459628e+01
-4.363889365226054196e+01
-4.613141591740672709e+01
-4.831216106616955130e+01
-5.023836713223185058e+01
-5.195364013053540475e+01
-5.345724585598044598e+01
-5.496151931986846506e+01
-5.628133593864949091e+01
-5.734604638865781823e+01
-5.823398511560520774e+01
-5.900583162676434057e+01
-5.975598896453414000e+01
-6.047965805658989069e+01
-3.793731826830771148e+00
-5.682620699466117031e+00
-7.727101276516576078e+00
-1.003347179798895894e+01
-1.271492225349727612e+01
-1.579678728855841641e+01
-1.898557623870473421e+01
-2.231011425195401188e+01
-2.559100289905350323e+01
-2.907400901784981784e+01
-3.272937746780387158e+01
-3.627885569699781598e+01
-3.964577905522640577e+01
-4.264301314240777430e+01
-4.536065849572835873e+01
-4.772650104542935168e+01
-4.984785366501534298e+01
-5.200628799032536875e+01
-5.423750741022107036e+01
-5.637927025645369383e+01
-5.816811978790463655e+01
-5.966277061582280083e+01
-6.089678500436316710e+01
-6.189119765582967148e+01
-6.292068173978628920e+01
-6.376914785272984432e+01
-6.445512607537537519e+01
-6.511173687013148026e+01
-6.575943712828299681e+01
-6.637699700891614896e+01
-1.569403842999238918e+01
-1.762224039381633389e+01
-1.967284047701316751e+01
-2.191138499513995086e+01
-2.440431511752257876e+01
-2.718961090268589942e+01
-3.017424975885747074e+01
-3.329489621786521525e+01
-3.648654576095803748e+01
-3.974794964497760930e+01
-4.310841409942815261e+01
-4.641979134967199627e+01
-4.953661025575524945e+01
-5.232811697254414440e+01
-5.472424710208336052e+01
-5.681958782555997800e+01
-5.873693472382727521e+01
-6.062009853855396813e+01
-6.256440297888544677e+01
-6.445921857654410303e+01
-6.617729235719691872e+01
-6.758042953947358455e+01
-6.859255144421318562e+01
-6.929482497489701132e+01
-6.982679099143066992e+01
-7.033336389037566505e+01
-7.082893800111708060e+01
-7.131623973943770523e+01
-7.179821968763843643e+01
-7.227672992419260822e+01
-2.704442891515267178e+01
-2.905451058104442907e+01
-3.113937335870364365e+01
-3.334809696617683983e+01
-3.578378678866672402e+01
-3.847378546742248773e+01
-4.132516339992416476e+01
-4.428766829596118981e+01
-4.725476215441842243e+01
-5.030406943500388195e+01
-5.330303888100633003e+01
-5.640556243553332649e+01
-5.936799265941823478e+01
-6.195469848128727364e+01
-6.407583732031929458e+01
-6.596531424278832390e+01
-6.780068803045044490e+01
-6.952408117020691236e+01
-7.126181462090615071e+01
-7.294364862766080648e+01
-7.434530124970982001e+01
-7.533494350544991391e+01
-7.600211814923054021e+01
-7.637796079808293825e+01
-7.670961684905444145e+01
-7.701057011099827321e+01
-7.724989754917110929e+01
-7.754240140806153647e+01
-7.783455514482668036e+01
-7.813803371344417315e+01
-3.788036102293870044e+01
-3.995783236324976428e+01
-4.211700626896593036e+01
-4.437615965263619699e+01
-4.677144302264105136e+01
-4.941943204236865483e+01
-5.215364997581217921e+01
-5.492397455278062779e+01
-5.783226297747470568e+01
-6.079700524172992715e+01
-6.362841975347939893e+01
-6.632673599930828345e+01
-6.911307351870087246e+01
-7.152379572636192506e+01
-7.346983686211400766e+01
-7.535778933158789528e+01
-7.702453364368727762e+01
-7.856510508108810598e+01
-8.011278042186650339e+01
-8.140676389853577177e+01
-8.231675290424129798e+01
-8.294388283142737350e+01
-8.327061733197140825e+01
-8.355300650724433353e+01
-8.375078657154587347e+01
-8.374307695186683986e+01
-8.368144726727069838e+01
-8.371803106973835895e+01
-8.382758442875395133e+01
-8.396586751416096206e+01
-4.820744361814052326e+01
-5.035831304896587568e+01
-5.256104891698618786e+01
-5.485241090260284835e+01
-5.727901182963910998e+01
-5.986036422926841283e+01
-6.255111406329207568e+01
-6.535234143436913712e+01
-6.819995044774458393e+01
-7.107955143087659167e+01
-7.385853970765349175e+01
-7.650039275250293258e+01
-7.894522802095657710e+01
-8.119063289815906614e+01
-8.316648157321485257e+01
-8.486869517397062168e+01
-8.634559835446771103e+01
-8.768337781566822287e+01
-8.884592088016420064e+01
-8.968272923448277822e+01
-9.028741018324035394e+01
-9.065612948236812940e+01
-9.086950212838101493e+01
-9.093037933736579248e+01
-9.079332714699472717e+01
-9.047004786657110742e+01
-9.013467556163817562e+01
-8.992083950321597285e+01
-8.981389951920094461e+01
-8.978281333946787868e+01
-5.803031067419507849e+01
-6.021783405666626265e+01
-6.244904708658334158e+01
-6.476494644954195223e+01
-6.720704658283676736e+01
-6.981485010682172287e+01
-7.257429801713928441e+01
-7.541978566486341151e+01
-7.830219030822046022e+01
-8.117711626610227427e+01
-8.395351236272931317e+01
-8.659354308445259107e+01
-8.903215107975451303e+01
-9.117941863166538496e+01
-9.295655253499128889e+01
-9.445729550662315432e+01
-9.573239277214747744e+01
-9.679112790368310471e+01
-9.759575262746862734e+01
-9.815681556632239335e+01
-9.850449954322223789e+01
-9.869624016086139306e+01
-9.860170455314387539e+01
-9.830050078123460366e+01
-9.781194922212745269e+01
-9.712774391472180469e+01
-9.656133319040199581e+01
-9.613079215126556676e+01
-9.582078531418983403e+01
-9.560649430621987221e+01
-6.733681248755567594e+01
-6.950689181235321712e+01
-7.173118024958864680e+01
-7.405589329558786460e+01
-7.652046909441212108e+01
-7.935632332542510881e+01
-8.212569469572702019e+01
-8.507845848437303005e+01
-8.815629433566301998e+01
-9.123673581510395536e+01
-9.409906698171924688e+01
-9.681864714349303824e+01
-9.943728449262032143e+01
-1.015928392751645788e+02
-1.031748009238006460e+02
-1.044182021697656921e+02
-1.054137716453836475e+02
-1.060935431182412714e+02
-1.065448693301370895e+02
-1.068310727905308397e+02
-1.071344722971418406e+02
-1.070859195384057330e+02
-1.066072152003899021e+02
-1.058628167810961003e+02
-1.047364047923558985e+02
-1.035924951550090611e+02
-1.029005578703393695e+02
-1.022856184055916628e+02
-1.017795953308188501e+02
-1.013744402184505589e+02
-7.608762737584501679e+01
-7.822148265937839540e+01
-8.041946237085731752e+01
-8.272187346278658993e+01
-8.540696595923799350e+01
-8.846876274004915786e+01
-9.164114753929229096e+01
-9.474983467419804128e+01
-9.801053535559779561e+01
-1.013034512086687755e+02
-1.044129857427908519e+02
-1.075518071567593381e+02
-1.102934322479767388e+02
-1.124574195667368031e+02
-1.139547581850367237e+02
-1.148680305663151415e+02
-1.154893856084301973e+02
-1.157879261760255645e+02
-1.159094514714597466e+02
-1.160983744121567156e+02
-1.160726513794256078e+02
-1.155060542842757343e+02
-1.144906477077062164e+02
-1.130079015947178220e+02
-1.113472319847064256e+02
-1.099484017022255387e+02
-1.089708339682920837e+02
-1.082880256498009999e+02
-1.076297886038738199e+02
-1.070418300579194835e+02
-8.424095558619944768e+01
-8.632123389336142338e+01
-8.857486382754736098e+01
-9.111864086750480851e+01
-9.404843222074603659e+01
-9.734708838218759297e+01
-1.008412138665479034e+02
-1.044452660509301012e+02
-1.080651860585431905e+02
-1.116943278230677095e+02
-1.153474635830529280e+02
-1.187395692644678462e+02
-1.216121298219621281e+02
-1.237811348635397906e+02
-1.251889344320934896e+02
-1.259277571161104134e+02
-1.261375236502453561e+02
-1.260293862121256439e+02
-1.258883483443769933e+02
-1.255421955435765966e+02
-1.248254472587189241e+02
-1.235844727336782114e+02
-1.218336407638667680e+02
-1.198925083983576769e+02
-1.179854321523721410e+02
-1.163269995944890951e+02
-1.150472186808549822e+02
-1.140745891685282487e+02
-1.132961990818125884e+02
-1.125832882110512259e+02
-9.170512648128868705e+01
-9.406086714425944706e+01
-9.659369572194336229e+01
-9.936293834968245164e+01
-1.025054823836960480e+02
-1.061195455392667384e+02
-1.101107266891912957e+02
-1.141943554988236400e+02
-1.183352487275615772e+02
-1.223870430879064486e+02
-1.262625384387059739e+02
-1.300163511139577110e+02
-1.332596942360050605e+02
-1.356945826775299224e+02
-1.369982461837240635e+02
-1.376148507095215336e+02
-1.375948458383601292e+02
-1.367648998092706734e+02
-1.356799420544083716e+02
-1.345952794395810201e+02
-1.331531887502648885e+02
-1.312510064869185555e+02
-1.293722150901282646e+02
-1.271010916370352959e+02
-1.248248980210816086e+02
-1.228142519429834749e+02
-1.212783053691300665e+02
-1.200697413155148467e+02
-1.189789365210058918e+02
-1.178666969605181265e+02
-9.832626750892292478e+01
-1.009298995676418258e+02
-1.038004327519725081e+02
-1.069935560773120500e+02
-1.104066362601687104e+02
-1.142861919899245748e+02
-1.187232342432976395e+02
-1.235772460719518619e+02
-1.283831218245136370e+02
-1.331283510572723117e+02
-1.376783088144051703e+02
-1.416511909481077964e+02
-1.453788412844680522e+02
-1.482655664691068012e+02
-1.497888448092430451e+02
-1.504653412417171978e+02
-1.497417276200416723e+02
-1.482802466180598913e+02
-1.461561231799536245e+02
-1.438352686904964344e+02
-1.415672665130085477e+02
-1.388858859923915077e+02
-1.363705483393735847e+02
-1.341531794973502656e+02
-1.315854935802088619e+02
-1.291852550666483239e+02
-1.273871617180504927e+02
-1.257167499770120429e+02
-1.240881358955679445e+02
-1.226153571344356834e+02
-1.040545931785783864e+02
-1.069855787243242133e+02
-1.100899131167788454e+02
-1.135358123522822638e+02
-1.174358874166088924e+02
-1.217268594344982660e+02
-1.265376990289187518e+02
-1.318535641002366106e+02
-1.375956803818967842e+02
-1.432739581470351595e+02
-1.488146808456198755e+02
-1.538744636425116141e+02
-1.580262474024538051e+02
-1.613747316782867927e+02
-1.633692481726055235e+02
-1.637452784507685521e+02
-1.626317481438356367e+02
-1.605469501848273808e+02
-1.576844731483431588e+02
-1.541380158859891196e+02
-1.504603080692725712e+02
-1.468424165147432063e+02
-1.433984102460166241e+02
-1.403801842824826736e+02
-1.377414901334161357e+02
-1.350642862021351789e+02
-1.327634440572297763e+02
-1.306227903001259278e+02
-1.286477848556506842e+02
-1.267653105129787718e+02
-1.088449639002152765e+02
-1.120578225624165043e+02
-1.154367898788814131e+02
-1.191319262851619385e+02
-1.233197013165319049e+02
-1.280914935723079964e+02
-1.333878310306441790e+02
-1.391815468994845162e+02
-1.454716778100367094e+02
-1.523214420598125969e+02
-1.591636317098472659e+02
-1.655338771515351652e+02
-1.710319000799053413e+02
-1.751106117056359608e+02
-1.770908975112541555e+02
-1.773845782717813222e+02
-1.761747451419697938e+02
-1.735019663203953542e+02
-1.696688959426433883e+02
-1.651343197281406390e+02
-1.602582429459257582e+02
-1.553627096774945358e+02
-1.508894892196572357e+02
-1.468453011173066614e+02
-1.432198964927427198e+02
-1.400762491807716117e+02
-1.373486293411069141e+02
-1.348582148950439432e+02
-1.325180809589786861e+02
-1.302613700332633186e+02
-1.127466355271221943e+02
-1.160786940930653373e+02
-1.196788933630912766e+02
-1.238031505622777075e+02
-1.283209233639873617e+02
-1.333617208729838808e+02
-1.391069491721024178e+02
-1.454427584156613023e+02
-1.524461918536237874e+02
-1.605485674011352728e+02
-1.688740425830610832e+02
-1.767193522336541776e+02
-1.845296386203564794e+02
-1.901524625477403845e+02
-1.925120432429842197e+02
-1.925460517588817311e+02
-1.908866104613867947e+02
-1.870737379970238123e+02
-1.820319332662537590e+02
-1.763584760243070662e+02
-1.702124077973797398e+02
-1.631502776435739008e+02
-1.573758082238408633e+02
-1.521421281485487782e+02
-1.475171042071385159e+02
-1.441884517553392016e+02
-1.411728972912939639e+02
-1.382276365728014866e+02
-1.355767141174673043e+02
-1.331218972509017533e+02
-1.159952924379754791e+02
-1.195224111379637861e+02
-1.235678346960647787e+02
-1.279996694443517526e+02
-1.326864277261571772e+02
-1.380386616579909855e+02
-1.442351019808101569e+02
-1.510908602943334529e+02
-1.591073404931560731e+02
-1.686418147933910063e+02
-1.784701292966885262e+02
-1.886085142538842945e+02
-1.991497736124210292e+02
-2.060737885637138049e+02
-2.092113356672338966e+02
-2.090037830053926200e+02
-2.065006104457170295e+02
-2.014942273906844719e+02
-1.952135820536384188e+02
-1.882567313295368479e+02
-1.785343213978222252e+02
-1.696836201471822392e+02
-1.624259577126270528e+02
-1.558894213053009707e+02
-1.511703996046278462e+02
-1.476281873151097557e+02
-1.444175616736503400e+02
-1.412675742218146411e+02
-1.382009865635978088e+02
-1.355105109977859854e+02
-1.188484773290119989e+02
-1.227694600350696419e+02
-1.270617059110624041e+02
-1.315995169621286323e+02
-1.365927982314279348e+02
-1.423328643439380699e+02
-1.488325101559350401e+02
-1.564354667372707581e+02
-1.658404589615221028e+02
-1.769717265233596777e+02
-1.890128098216106025e+02
-2.022502052765257758e+02
-2.143378143758218641e+02
-2.225630203510236527e+02
-2.266704010403726102e+02
-2.265740961550876023e+02
-2.230341908587371620e+02
-2.168297959128326511e+02
-2.090807901970831040e+02
-1.979230422700475742e+02
-1.855400125951531436e+02
-1.748787125731337539e+02
-1.660251628207711008e+02
-1.592179302404353223e+02
-1.544039096371081996e+02
-1.506198069873657630e+02
-1.471164085657697740e+02
-1.438482339086765478e+02
-1.406461758678366039e+02
-1.376078612853087861e+02
-1.215637328964685224e+02
-1.257164778548349773e+02
-1.301025761108916186e+02
-1.348827419643464793e+02
-1.402176897149076922e+02
-1.462816617470447511e+02
-1.534463894351251838e+02
-1.621990675014229453e+02
-1.730276278732073365e+02
-1.864078724908194431e+02
-2.016141578283233002e+02
-2.167558914047185112e+02
-2.299116410733218459e+02
-2.392268746608644108e+02
-2.439707714544465489e+02
-2.443449304345666349e+02
-2.405791740801136314e+02
-2.327365066385488888e+02
-2.204449066684591116e+02
-2.057260705706343629e+02
-1.910184584570517643e+02
-1.787112485861527205e+02
-1.695261064394939865e+02
-1.627152381405545896e+02
-1.575713667502061242e+02
-1.533875225321637288e+02
-1.496127939845076469e+02
-1.461057685399455863e+02
-1.427913889896673822e+02
-1.395945981248627561e+02
