Rhizo_inv_TL

1	0	1	<< job_type, singularity_type, res_matrix

0	<< num_regions
Start_res.dat

1	0	<< inverse_type, target_decrease
1	2	<< data_type, reg_mode

1.0	10	2	1	<< tolerance, max_iterations, error_mod, alpha_aniso

0.01	0.1	-10000000000.0	10000000000.0	<<  a_wgt, b_wgt, rho_min, rho_max

-inf	10.5	<<zmin, zmax
0	<< num_poly

72	<< num_electrodes
1 1	1
1 2	2
1 3	3
1 4	4
1 5	5
1 6	6
1 7	7
1 8	8
1 9	9
1 10	10
1 11	11
1 12	12
1 13	13
1 14	14
1 15	15
1 16	16
1 17	17
1 18	18
1 19	19
1 20	20
1 21	21
1 22	22
1 23	23
1 24	24
1 25	25
1 26	26
1 27	27
1 28	28
1 29	29
1 30	30
1 31	31
1 32	32
1 33	33
1 34	34
1 35	35
1 36	36
1 37	37
1 38	38
1 39	39
1 40	40
1 41	41
1 42	42
1 43	43
1 44	44
1 45	45
1 46	46
1 47	47
1 48	48
1 49	49
1 50	50
1 51	51
1 52	52
1 53	1467
1 54	1841
1 55	1840
1 56	2724
1 57	53
1 58	54
1 59	55
1 60	56
1 61	57
1 62	58
1 63	59
1 64	60
1 65	61
1 66	62
1 67	63
1 68	64
1 69	65
1 70	66
1 71	67
1 72	68

