-3.604187
-4.379252
-2.587659
-3.840466
-4.298507
-3.505487
-3.878354
-3.919036
-0.883184
-1.210172
-1.338662
-1.502866
-3.121272
-3.209235
-1.631628
-1.532918
-0.596410
-0.623490
-0.841112
-1.212824
-1.133765
-1.325335
-1.249575
-1.311894
-0.881344
-0.555996
-0.556822
-0.762195
-0.807196
-1.019894
-1.332815
-1.452983
-0.099352
1.391909
-0.495470
-0.528405
-0.759367
-1.028564
-1.437788
-1.354731
0.595302
-0.429389
-0.640845
-0.464013
-1.296975
-0.678603
-0.472240
-1.518389
-2.723423
-2.602860
-0.620071
-0.968678
-0.451239
-0.518997
-0.514804
-0.475655
0.225816
-0.843898
-0.890875
1.459660
0.075816
0.547373
-0.765532
-0.444889
-0.477099
-0.129389
-1.253342
-1.456829
-0.871567
1.781422
