-3.095179
-3.613945
-1.772567
-2.679193
-1.912328
-1.695589
-1.670768
-1.521583
-0.793026
-0.888480
-0.824250
-1.140256
-1.456771
-1.503773
-1.526492
-1.474326
-0.421274
-0.487307
-0.701523
-0.846059
-0.874143
-1.097291
-0.984222
-1.066743
-0.665557
-0.444289
-0.501787
-0.617212
-0.546486
-0.469839
-1.033013
-1.052870
-0.105721
0.967775
-0.440614
-0.528405
-0.733282
-1.185797
-0.775155
-0.973713
-0.170564
-0.703721
-0.317899
-0.551016
-0.813029
-0.654612
-0.619388
-1.023262
-1.014895
-2.838058
-0.675719
-0.698349
-0.622980
-0.581335
-0.271316
-0.349708
-0.078307
-0.834235
-0.738233
-0.751946
-0.292926
0.543818
-0.473764
-0.509190
-0.807399
-0.535670
-1.862606
-0.509548
-0.389211
-1.298506
