-2.974354
-3.531569
-1.739550
-2.481298
-2.103319
-1.643878
-1.556167
-1.336180
-0.662388
-0.691253
-0.778569
-0.961135
-1.496719
-1.414792
-1.517017
-1.429549
-0.528565
-0.584112
-0.635308
-0.841891
-0.952744
-0.807542
-0.977950
-1.045336
-0.526466
-0.338929
-0.585958
-0.929961
-0.706923
-0.664650
-0.952631
-0.977992
-0.164313
0.780313
-0.337981
-0.409885
-0.857911
-0.897537
-0.775155
-0.622004
-0.294307
-0.727576
-0.267439
-0.799134
-0.916271
-0.771140
-0.578323
-0.861220
-1.011244
-2.610700
-0.266313
-0.380713
-0.437769
-0.327635
0.222618
-0.424509
0.003642
-0.502474
-0.895038
-0.243277
-0.237787
0.991669
-0.486492
-0.147717
-0.360883
-0.414044
-1.162823
0.136791
-1.061183
-1.395089
