-2.992350
-3.624575
-1.980983
-2.916232
-2.091231
-1.929651
-1.951240
-1.703790
-0.680788
-0.737209
-0.879862
-1.004823
-1.613900
-1.646142
-1.575676
-1.483853
-0.460719
-0.490589
-0.928803
-1.129468
-0.993236
-1.019488
-1.059968
-1.137077
-0.608361
-0.396052
-0.472651
-0.793263
-0.759566
-0.730542
-1.096015
-1.137465
-0.217810
0.964651
-0.569790
-0.506183
-0.843420
-1.031840
-0.909557
-0.810885
-0.113709
-0.647066
-0.582815
-1.040807
-1.106623
-0.805412
-0.824710
-0.675173
-1.540596
-2.783179
-0.345809
-0.628514
-0.692012
-0.617577
0.073047
-0.374642
-0.189394
-0.921202
-0.802065
-0.895701
-0.530712
0.796178
-0.509400
-0.526568
-0.813515
-0.614597
-1.824309
-0.687377
-0.718544
-1.781422
