-4.133761
-4.623724
-2.426704
-3.270703
-6.836995
-5.290890
-6.188478
-5.562090
-1.170219
-1.922488
-1.898754
-2.647491
-3.366286
-3.772779
-1.844606
-1.594845
-0.454408
-0.761315
-0.959226
-1.592091
-1.953125
-1.899468
-1.377910
-1.402616
-0.774750
-0.573767
-0.511499
-0.994168
-1.133082
-1.111570
-1.468595
-1.641608
0.096804
2.002724
-0.594564
-0.691372
-1.576702
-1.664046
-1.575315
-2.344727
0.923052
-0.095420
-0.787179
-1.095587
-1.871258
-1.864444
-1.888962
-2.880738
-3.387850
-2.320622
-2.384889
-1.973400
-0.653287
-0.678465
-1.210485
-0.634206
0.014569
-1.726448
-0.754885
0.751946
0.261910
0.781961
-0.958347
-0.521355
-0.513799
-0.414044
-2.423128
-0.848107
-2.474984
-3.648695
