-3.465367
-4.219813
-2.571151
-4.092728
-3.848832
-3.015590
-3.444074
-3.100706
-0.868464
-0.838695
-1.096352
-1.537816
-2.689833
-2.966021
-1.627115
-1.498620
-0.473341
-0.626772
-0.791003
-1.233662
-1.105183
-1.303872
-1.211944
-1.344514
-0.675957
-0.467138
-0.446752
-0.737341
-0.907468
-0.985515
-1.319780
-1.391251
-0.135017
1.359103
-0.583947
-0.735817
-1.159340
-1.362683
-1.319014
-1.302626
0.341128
-0.632156
-0.706443
-0.509126
-1.303428
-1.103586
-1.006077
-1.542395
-2.716121
-2.508781
-1.081150
-1.076809
-0.350215
-0.400121
-0.459150
-0.489720
0.142045
-0.489590
-1.173957
0.862527
-0.013785
0.668221
-0.711442
-0.403181
-0.446516
-0.307946
-1.984459
-0.471930
-1.563498
-2.081903
