-4.411402
-5.027637
-2.443212
-3.583855
-9.061195
-7.087181
-7.382745
-7.045315
-1.398375
-2.182904
-2.875938
-4.176569
-3.408897
-3.369400
-1.936655
-1.743468
-0.050490
-0.721936
-1.267037
-2.350627
-2.820122
-2.951151
-1.584404
-1.665606
-0.712354
-0.370664
-0.776960
-1.366980
-1.123055
-1.512651
-1.596771
-1.851954
0.438167
2.383898
-0.714892
-0.819769
-1.727416
-2.292977
-2.513003
-2.553147
3.397902
1.204676
-0.242209
-0.476902
-1.716395
-1.603970
-2.545992
-2.532649
-3.898949
-1.881585
-2.098703
-2.216696
-0.713901
-0.956810
-1.725289
-1.186579
-0.189394
-2.293342
-1.015764
-2.609696
-0.758161
0.654004
-0.944347
-0.729897
-1.137698
-0.382991
-3.425802
-1.901401
-2.288695
-3.176511
