-4.349704
-4.868197
-2.319401
-3.027140
-7.920084
-6.227138
-7.093225
-6.725654
-1.354216
-1.907169
-2.558154
-3.608626
-3.121272
-3.416857
-1.931241
-1.711076
-0.340806
-0.984459
-1.131027
-1.733796
-2.705793
-2.672133
-1.509140
-1.584059
-0.774750
-0.522991
-0.692790
-1.110154
-1.534173
-1.890814
-1.572874
-1.760499
0.152849
2.158943
-0.502548
-0.464207
-1.159340
-1.611635
-1.712843
-2.110254
1.966503
0.405534
-0.292669
-0.657352
-2.310035
-2.042663
-1.683640
-2.460630
-4.424649
-2.289262
-1.892012
-2.126586
-0.484914
-0.811839
-1.572240
-0.859247
-0.094697
-1.468769
-0.899201
0.486553
-0.041354
0.767743
-1.018164
-0.354521
-0.685066
-0.170793
-2.520611
-0.793390
-2.142325
-4.721841
