-0.648134
-0.214679
-18.466475
19.788988
-31.642759
-4.619216
-0.603865
3.124101
2.012575
0.442454
-0.219045
-0.521388
2.993171
0.145830
-0.144286
1.398224
-0.923361
-8.729545
0.282556
0.148617
-0.786303
-1.041310
18.069815
-1.358373
0.569714
-4.879012
0.016302
-12.517814
12.441154
2.037793
-2.807620
12.349522
2.395401
-7.537823
6.507137
15.224360
-15.823873
35.136940
19.508089
12.437812
-30.162804
0.747531
0.553106
-4.833910
-0.542740
2.878778
0.292736
0.379601
-5.152898
-2.107537
-10.218728
-2.657671
-0.457965
-2.522561
9.932322
13.055816
-0.531632
2.142165
4.215004
-2.040958
-2.325611
-2.219121
0.928766
0.738328
4.520697
4.206277
0.492348
-0.825711
1.246624
7.168684
0.747365
-0.364249
-1.430710
1.499897
-0.138387
2.553389
-0.976254
-1.394508
0.641172
-1.625425
0.029649
0.595301
-0.887846
0.725348
1.288660
-0.740121
0.502604
-13.333335
0.675166
-2.854345
-2.868721
1.454300
-1.838793
-3.141868
0.940041
-0.040329
11.655128
-21.894594
-0.076652
-2.874888
-1.049192
16.438246
-0.112875
-1.439813
0.610347
0.030899
0.824072
0.977322
0.809195
8.220721
-1.289885
3.504703
0.659621
-1.548537
0.223717
1.434444
2.826669
1.700662
-3.114434
2.617209
-17.290125
4.372643
1.028968
-2.719151
-0.619280
0.159284
-1.637834
0.465904
0.378622
-0.816993
22.697477
0.057340
2.334387
6.153890
1.734923
-2.991343
0.446404
-8.490453
4.871916
-7.592390
-1.823406
0.672511
-1.993865
-0.077143
-0.247345
-3.840901
-3.959713
-5.599861
0.669482
-7.774905
17.267267
-0.692894
-0.141614
11.306844
9.241570
4.820785
6.333766
-1.059795
-1.454702
3.726485
-0.082473
-0.380188
0.279815
0.010042
0.147990
-0.484101
-1.196172
-0.840270
-2.808757
6.612298
0.007915
-6.576471
-1.216186
-0.036094
-1.302069
-0.334169
-9.764518
-0.255966
6.667015
-10.513787
4.152321
-1.753790
277.261444
11.607842
-1.838971
2.122817
0.551394
29.545557
16.937063
-2.091793
-0.646405
-4.070694
-1.983369
0.273667
-0.156055
-0.588413
-5.779226
0.201121
1.328147
-0.668577
47.486866
3.891166
-1.318775
-1.617448
0.017667
-0.621377
0.124047
-80.070656
20.258629
-4.931236
-2.792428
-2.505948
0.558465
-0.504937
-1.140583
-0.207221
-11.423786
-1.038764
0.660085
0.455182
-1.135995
-0.951022
-0.655953
0.838264
-1.139163
-0.184319
-6.944445
-0.117304
0.224949
-4.033584
-0.911085
-0.355632
1.292380
0.174982
-0.034842
-0.930254
0.402999
-0.817312
-0.562665
-16.981133
-0.223842
0.878992
-1.001453
-0.511286
-0.273190
0.212224
-0.128621
0.369877
0.567391
0.000000
-0.788138
