-142.470857
-163.649819
-203.420964
-275.867496
-260.410507
-206.150219
-174.935666
-158.158714
-128.251859
-144.777847
-170.072986
-196.431125
-196.997025
-175.549967
-159.644793
-147.987807
-102.051749
-114.094407
-129.668491
-143.772719
-148.376402
-143.184008
-135.731107
-130.363485
-65.650834
-76.624948
-88.847935
-101.375613
-108.230596
-111.447919
-108.903315
-108.241182
-21.630607
-32.345794
-46.832293
-61.565839
-71.564535
-79.154475
-82.193994
-84.345222
30.564130
16.651456
-21.750849
-36.633074
-48.285841
-56.401221
-60.300578
90.799311
69.515480
40.963575
14.082612
-22.084506
-32.317127
-38.662961
160.790687
122.998353
78.881467
45.281892
19.018556
-13.388826
-21.437718
164.448839
107.463614
68.112338
37.529213
14.966617
