nan
nan
nan
nan
nan
-1.304320742659446708e+01
-1.182135992435990346e+01
-1.061707125237826332e+01
-9.488525970926742659e+00
-8.488392510724629858e+00
-7.615148845146568313e+00
-6.836515008576626862e+00
-6.119858003091398047e+00
-5.434367159401625180e+00
-4.771446945886151703e+00
-4.136523153354701776e+00
-3.535165998935320353e+00
-2.973073238553768149e+00
-2.455168585287841321e+00
-1.982575852467911348e+00
-1.555923160118490634e+00
nan
nan
nan
nan
nan
nan
nan
nan
nan
nan
nan
nan
-1.429777458297280646e+01
-1.325876797608087188e+01
-1.215014772186214742e+01
-1.105029914524955004e+01
-9.920522935556915556e+00
-8.839815160707340524e+00
-7.896059954168597628e+00
-7.072088025811137157e+00
-6.317049753142702784e+00
-5.599934992461291117e+00
-4.938632444020179868e+00
-4.294576383407238573e+00
-3.679270652194804203e+00
-3.095428603248330024e+00
-2.559990196027955189e+00
-2.068598083567940282e+00
-1.621818623778149115e+00
-1.215423379926172442e+00
-8.469339344546392701e-01
-5.183038378251709766e-01
-2.336321133561219399e-01
nan
nan
nan
nan
nan
nan
nan
nan
-1.414131702760199794e+01
-1.322314780038908744e+01
-1.228113109992357899e+01
-1.125533621783403149e+01
-1.018350674515092003e+01
-9.173562101808238722e+00
-8.159763819314864719e+00
-7.272367114374897135e+00
-6.479135682899180182e+00
-5.734174389274670602e+00
-5.055909022916404538e+00
-4.417246246743109950e+00
-3.792443027668661593e+00
-3.196434530281501374e+00
-2.641900368425210477e+00
-2.133076013192904963e+00
-1.666190059040565163e+00
-1.235718485421862800e+00
-8.372283291449944542e-01
-4.802990562364244931e-01
-1.618310883623908236e-01
1.208530954733797180e-01
3.635126919968290071e-01
5.789997426002629899e-01
nan
nan
nan
nan
nan
-1.373025989836600047e+01
-1.292708334869683995e+01
-1.210776062093864702e+01
-1.124086458432704561e+01
-1.030469622868585411e+01
-9.322502095561244317e+00
-8.339752119233905248e+00
-7.419866201435329600e+00
-6.578932903562196621e+00
-5.821975631412832364e+00
-5.127892117787301807e+00
-4.473394073187815678e+00
-3.850122833011167867e+00
-3.253769490699130795e+00
-2.694111668503754498e+00
-2.168587437231483950e+00
-1.682231051802494770e+00
-1.230892386154639473e+00
-8.095102198652097680e-01
-4.202537793946120592e-01
-7.558493167812822822e-02
2.333695330496952658e-01
5.093127267920759538e-01
7.487009397242150310e-01
9.505223651485432690e-01
1.134624950299187196e+00
1.309876676350872682e+00
nan
nan
-1.300946369277228953e+01
-1.228980027849166135e+01
-1.158411378666277791e+01
-1.086089468021666349e+01
-1.008842578531196388e+01
-9.234665191461182587e+00
-8.333388260057191133e+00
-7.431555485450469511e+00
-6.588811607220193878e+00
-5.800888189778107495e+00
-5.088161415044312186e+00
-4.435744937661505460e+00
-3.822500414993437623e+00
-3.229460796093031050e+00
-2.669137229348723217e+00
-2.143253159624111337e+00
-1.652441028681968849e+00
-1.194512767275250908e+00
-7.542964531418634433e-01
-3.436081180949734915e-01
3.485611815979729189e-02
3.672645406841946181e-01
6.669298968344697931e-01
9.369493060730931244e-01
1.172855876410008547e+00
1.367998597877329248e+00
1.542602564636685880e+00
1.708252902537440443e+00
1.865507551925181140e+00
2.016071047248979120e+00
-1.132304154934426421e+01
-1.075763897354238452e+01
-1.012251892397834574e+01
-9.491732839409891653e+00
-8.820185519517394823e+00
-8.044209591889297073e+00
-7.213699910684091776e+00
-6.446543683759305310e+00
-5.689900092931933884e+00
-4.973180784412489785e+00
-4.279223157268023492e+00
-3.653639597778315373e+00
-3.086348246604591505e+00
-2.526839584866522603e+00
-1.997612349112406038e+00
-1.511597334136580040e+00
-1.062307241841324190e+00
-6.388326544549770558e-01
-2.307497288962596926e-01
1.637536108481546793e-01
5.281574649821777490e-01
8.483054623144891115e-01
1.138155129799300447e+00
1.400449894730506850e+00
1.622394048703662550e+00
1.801897819665260858e+00
1.966868129290903600e+00
2.126931000419491458e+00
2.280087723037844238e+00
2.415089065495350962e+00
-9.583929186916291698e+00
-9.123321348504211059e+00
-8.635106574878605556e+00
-8.073100411648258756e+00
-7.481727760507778768e+00
-6.788286498756205489e+00
-6.108489460012943795e+00
-5.418380542872291095e+00
-4.736804769715490693e+00
-4.092439547955434520e+00
-3.458075148909189878e+00
-2.845194217300457851e+00
-2.293036295020786763e+00
-1.767057893239702082e+00
-1.277704140973054514e+00
-8.256585767220615546e-01
-4.027158423108222474e-01
-7.362922512228650164e-03
3.640007520742685743e-01
7.188166372977462526e-01
1.060746446547306210e+00
1.367593934676702538e+00
1.645699640451617096e+00
1.884679535907200831e+00
2.086170094144198739e+00
2.258003424459689157e+00
2.418567885736818468e+00
2.569755808424035504e+00
2.704059464002687818e+00
2.829540688786763347e+00
-7.883732358695874964e+00
-7.495628039140358467e+00
-7.086515190615106263e+00
-6.635547946581210610e+00
-6.121774800263441563e+00
-5.544788828622551513e+00
-4.941956415388952806e+00
-4.333336020755393037e+00
-3.739295135589852048e+00
-3.166725433077564933e+00
-2.589773884673882698e+00
-2.022446053308904812e+00
-1.481989960105846382e+00
-9.829348835478562973e-01
-5.208861263688210341e-01
-9.240228059600623378e-02
3.052189034656143107e-01
6.746796755110608945e-01
1.018682285235360752e+00
1.339928982333535412e+00
1.641122016500606851e+00
1.924166297122929192e+00
2.174596918544941637e+00
2.391830796641122525e+00
2.581269555941098304e+00
2.748324351845059077e+00
2.896630766955984093e+00
3.030014553231890062e+00
3.153453625294296625e+00
3.271883531111930310e+00
-6.298178742218319748e+00
-5.974908099112334448e+00
-5.635343383723537158e+00
-5.244791069767087421e+00
-4.785748970786418255e+00
-4.270374274341116383e+00
-3.741268501181763018e+00
-3.220162998727170489e+00
-2.711817647415951438e+00
-2.192194004170044064e+00
-1.677327608930191394e+00
-1.156311128802796739e+00
-6.521856474733851439e-01
-1.906671074404933941e-01
2.335749474142091997e-01
6.316293098805503270e-01
1.001272316960515996e+00
1.343122900903636729e+00
1.659921285783885425e+00
1.958310114566757409e+00
2.245562363571656395e+00
2.511559124483938810e+00
2.740974675241196312e+00
2.940564608055939999e+00
3.118716961173915170e+00
3.283713480188834577e+00
3.415901471561018088e+00
3.538918836785925226e+00
3.648865163394527045e+00
3.752076894097350568e+00
-4.823839728878765776e+00
-4.551652018236119090e+00
-4.246521570300424209e+00
-3.888844489248934888e+00
-3.485124926899670683e+00
-3.030622763079487303e+00
-2.578147799738554014e+00
-2.125884444665340212e+00
-1.654142435815883605e+00
-1.175961164986755625e+00
-7.058882217533998249e-01
-2.482750586862843833e-01
2.115038446434876207e-01
6.363414988870360611e-01
1.014599174154544370e+00
1.374603348563029792e+00
1.713385010309188328e+00
2.027773849875420531e+00
2.324988725595472872e+00
2.611972601063037303e+00
2.884930971577388092e+00
3.127117373957407409e+00
3.335966193505354394e+00
3.524537158835677975e+00
3.708323866372824185e+00
3.861970176197775828e+00
3.977408367037002623e+00
4.078812746679375323e+00
4.179650685258576637e+00
4.267625349125919065e+00
-3.432668629401894211e+00
-3.180355011101412277e+00
-2.893347347867648800e+00
-2.577024263082199340e+00
-2.223004953329728917e+00
-1.832493377622485209e+00
-1.427768200394611053e+00
-1.002948670924221464e+00
-5.689444736544628789e-01
-1.326899664143603441e-01
2.990451964221961800e-01
7.191300876799798791e-01
1.120797793952468480e+00
1.503670065990672100e+00
1.848657082298928778e+00
2.169917236103036995e+00
2.475960019723838279e+00
2.766677777736783916e+00
3.045704770876810574e+00
3.309303047657404129e+00
3.554418257924503166e+00
3.773547613390886735e+00
3.970053276999873315e+00
4.158036717361002665e+00
4.325881944370657983e+00
4.465734700551698744e+00
4.573633672474847423e+00
4.660257021945866995e+00
4.735444420967755086e+00
4.812159971226470212e+00
-2.096029240360988144e+00
-1.860834321440536288e+00
-1.605207826006464389e+00
-1.320670246608629528e+00
-1.001555354742760473e+00
-6.485986984002242162e-01
-2.718746876869752027e-01
1.208575972214140648e-01
5.226098464740379645e-01
9.266124056970062028e-01
1.326095620516429152e+00
1.714289836558415825e+00
2.081578192292380614e+00
2.425211851564345267e+00
2.738996618050756116e+00
3.029137101376753183e+00
3.302703122644823797e+00
3.565743717862319695e+00
3.815639721279300733e+00
4.048070217944074400e+00
4.260561313375271553e+00
4.453424347598585520e+00
4.635775651106144757e+00
4.805338854433959916e+00
4.954686638177406621e+00
5.077691620026590691e+00
5.174750104675693407e+00
5.251057916025194672e+00
5.314748672754803671e+00
5.378690389651521464e+00
-7.929925036666469751e-01
-5.751631280539502011e-01
-3.392122557877823574e-01
-8.304400692179871035e-02
2.044988448216225885e-01
5.277259525049170508e-01
8.740615803090642233e-01
1.238759885088885682e+00
1.616320697876393098e+00
1.996893003481552631e+00
2.367546529651085585e+00
2.717310811877834187e+00
3.053271108899118236e+00
3.369849368810530432e+00
3.652173956794376508e+00
3.912623366464163865e+00
4.152739831449725472e+00
4.386334959433655811e+00
4.606984380823860192e+00
4.808147673925028620e+00
4.999271703961668756e+00
5.170719827747589648e+00
5.313329771733901197e+00
5.455619833923728734e+00
5.587113018621820970e+00
5.689916106818130537e+00
5.766506720374152017e+00
5.827889235014976244e+00
5.892463235841067792e+00
5.955938395317212475e+00
4.687508948312480994e-01
6.783658647106486361e-01
8.960931191741521307e-01
1.134010030717006012e+00
1.395381481130608226e+00
1.690424142279282282e+00
2.010468971690560824e+00
2.346328244802479812e+00
2.696896612591016318e+00
3.052043070009644588e+00
3.389956615093924430e+00
3.719628145433353517e+00
4.030842009681419924e+00
4.318020588668054494e+00
4.573035960389515431e+00
4.802937953075431032e+00
5.013478238234671203e+00
5.220054836512409757e+00
5.411896380634804160e+00
5.597478340708731182e+00
5.772361687241416739e+00
5.917899532789868466e+00
6.033428005898660906e+00
6.129480003576363245e+00
6.226508666428856031e+00
6.308596420027161145e+00
6.365896811588194204e+00
6.424088853319915415e+00
6.482765643266850120e+00
6.539230709653585549e+00
1.677634931769013127e+00
1.882894858368141744e+00
2.094444275298091185e+00
2.318426985661543149e+00
2.561293177678545696e+00
2.831079694933490210e+00
3.123709346327894210e+00
3.434138825134836814e+00
3.757736740333051273e+00
4.087532727838518731e+00
4.411462711201683540e+00
4.721157367065025312e+00
5.008536928522212328e+00
5.266803077391969623e+00
5.494576376799016337e+00
5.698732661991438242e+00
5.887453497796840907e+00
6.069159268966761722e+00
6.248072125853185277e+00
6.416523270486487185e+00
6.565029231414897026e+00
6.684094066633785580e+00
6.772767426960621506e+00
6.839208661532049760e+00
6.891973755175169636e+00
6.939785445234545769e+00
6.985325031830327269e+00
7.031660872467457857e+00
7.078541039370389143e+00
7.125620380289463540e+00
2.823894382940267622e+00
3.022642379526667700e+00
3.227478299598799172e+00
3.446698932262506343e+00
3.692750717053131293e+00
3.942575384637728053e+00
4.208798759294808178e+00
4.495651122740794037e+00
4.798368684361481229e+00
5.109535726897363794e+00
5.411208724345016208e+00
5.704554072614820726e+00
5.976001205964987406e+00
6.216093762894389307e+00
6.419466040046981625e+00
6.603358059270630243e+00
6.774088910367311200e+00
6.935118035840359241e+00
7.097379209706341285e+00
7.244239332090411487e+00
7.365040304940024818e+00
7.456313842786968848e+00
7.512210612985771974e+00
7.545393565279626458e+00
7.567947137801514401e+00
7.579736709207682388e+00
7.610049459369501612e+00
7.643339281279941666e+00
7.677143256022914919e+00
7.712031075310227024e+00
3.908998311960397043e+00
4.102798442302235671e+00
4.307179253552058107e+00
4.539753568918977855e+00
4.786802711336165750e+00
5.032014989293649876e+00
5.277640850722662869e+00
5.543387079563302677e+00
5.828074393972379141e+00
6.123559993518485456e+00
6.413999997568934575e+00
6.683851689536387752e+00
6.941708400312614380e+00
7.167699597164357783e+00
7.355550312760159137e+00
7.525116458256872143e+00
7.667217814977249191e+00
7.809602595584125062e+00
7.950950549787878074e+00
8.069886667593657137e+00
8.167446422452030674e+00
8.229034360196608944e+00
8.252544886740778907e+00
8.258798520519119890e+00
8.238829050500088513e+00
8.218076538431878575e+00
8.223336384230940155e+00
8.245130397215227447e+00
8.269179790522374063e+00
8.294579315485663074e+00
4.938740170464003043e+00
5.134679310610977154e+00
5.356260591606029742e+00
5.591813371749296380e+00
5.833848740532419974e+00
6.076595036837199260e+00
6.320394124557328297e+00
6.571662795677363000e+00
6.840464547624824476e+00
7.122768079655521944e+00
7.402407641673898198e+00
7.669845011852439498e+00
7.910152847509560381e+00
8.122624547901024172e+00
8.300060265267825699e+00
8.443449474634110885e+00
8.569539753147990879e+00
8.693142916088072880e+00
8.806807308324748007e+00
8.901564083351683365e+00
8.969938121449269275e+00
9.000869107029135563e+00
8.997176117455813582e+00
8.962761726379682159e+00
8.910253436579024466e+00
8.859848505852806255e+00
8.836084796282268172e+00
8.835515654183446088e+00
8.850330148228776395e+00
8.869070923696291686e+00
5.918888167404434242e+00
6.121029856027907279e+00
6.345090219457942382e+00
6.581345085975166320e+00
6.823678660477774827e+00
7.066672664857916786e+00
7.311254701639830600e+00
7.563058564516957460e+00
7.827701242700029205e+00
8.103945137320700098e+00
8.379689193826456162e+00
8.643330376845151264e+00
8.883498321515954643e+00
9.088847153845700078e+00
9.246136888069049320e+00
9.373097504435865090e+00
9.482718399849613178e+00
9.583211840158398331e+00
9.671951696348662253e+00
9.737537320549158437e+00
9.772187437816356237e+00
9.770044993706468617e+00
9.726590575970927688e+00
9.659108407354681347e+00
9.582120633288466749e+00
9.509313846612748478e+00
9.456528633914475179e+00
9.430375385280541423e+00
9.424330127390000200e+00
9.431014064999322599e+00
6.851443700311410367e+00
7.048692441927015828e+00
7.259712558349485256e+00
7.502349939510979837e+00
7.756056415276321836e+00
8.007095450348552745e+00
8.253022372589141398e+00
8.516539344301826020e+00
8.791007962307453738e+00
9.074563697776129700e+00
9.358521786115819197e+00
9.629294677794922208e+00
9.861768082338491226e+00
1.007292922112761779e+01
1.024702314251078938e+01
1.035340485272021382e+01
1.043342449956030471e+01
1.049285187457318180e+01
1.054515632342770282e+01
1.057601427221304569e+01
1.057688335617990916e+01
1.053533105037740647e+01
1.045335274917341550e+01
1.035448431937794922e+01
1.025445874191910356e+01
1.015854706875896518e+01
1.008400349222501724e+01
1.002669518822509964e+01
9.994681459790678346e+00
9.975183905741191737e+00
7.731484910709702341e+00
7.939804023054500171e+00
8.153819260895197374e+00
8.386134514026807096e+00
8.649790465307795273e+00
8.909863513562621407e+00
9.179244677931793106e+00
9.463352597857793924e+00
9.758297611680958994e+00
1.006241760095464599e+01
1.036462715651816424e+01
1.063672137149465691e+01
1.087316216867228391e+01
1.108412142798016120e+01
1.126302567042613489e+01
1.137788947877646173e+01
1.142452224984137921e+01
1.144256218279924475e+01
1.145299015683326616e+01
1.143223526913261523e+01
1.137933823484102192e+01
1.129281904248741419e+01
1.117368487996502857e+01
1.104733052902576773e+01
1.092041721749847483e+01
1.080367059247802253e+01
1.070652261034374320e+01
1.062539740604487015e+01
1.055644107574620172e+01
1.050622738419330204e+01
8.553358662891502817e+00
8.777461656663028577e+00
9.010537795745335643e+00
9.257645593600738465e+00
9.523576313851554787e+00
9.807851572353444070e+00
1.011120246053107330e+01
1.043041037122079295e+01
1.076057216071675171e+01
1.109504630063349495e+01
1.141145579941625954e+01
1.169906102361314737e+01
1.194964480769607817e+01
1.215998827881814570e+01
1.232189601470799190e+01
1.242539125984492010e+01
1.246433168438202266e+01
1.244090822229795101e+01
1.238037178700499119e+01
1.228826920429374958e+01
1.217234059619387310e+01
1.203704525719133400e+01
1.188557350052949602e+01
1.173202562052742159e+01
1.158309834677190331e+01
1.144516948359678743e+01
1.132357113885350408e+01
1.121569502400941154e+01
1.111888222674790860e+01
1.103103060253169154e+01
9.312113349665787965e+00
9.557691950452595009e+00
9.821252605646508371e+00
1.009280444746671712e+01
1.038021369678711459e+01
1.070368805764309705e+01
1.106536900200074669e+01
1.143409775384287386e+01
1.181191782846437022e+01
1.218325293531957776e+01
1.252296107443591211e+01
1.283267315665525921e+01
1.310636586863231834e+01
1.333630338292731210e+01
1.348954027792548516e+01
1.358237790368649556e+01
1.358621935275851733e+01
1.348619732537686211e+01
1.333827899338192857e+01
1.316912625580189555e+01
1.297591616849068963e+01
1.277131569155043955e+01
1.260483844231737827e+01
1.242533225715071943e+01
1.224809778193080412e+01
1.207979629013868461e+01
1.192970443981896800e+01
1.179469115859091310e+01
1.166643968276281385e+01
1.154066251042437585e+01
9.996945315805689347e+00
1.025229918695895570e+01
1.053722405016881680e+01
1.085423023288951505e+01
1.117544782161243866e+01
1.152994138524582901e+01
1.194119759271140246e+01
1.239638577238051020e+01
1.284088800031927491e+01
1.327733805795261013e+01
1.368984756486100807e+01
1.403748095169958532e+01
1.434303060310309874e+01
1.460890254657697795e+01
1.478172400352892879e+01
1.484919785599775288e+01
1.479058226450566949e+01
1.461982956591531924e+01
1.434223625782006017e+01
1.407370544259921097e+01
1.380097971337009888e+01
1.351646377568945212e+01
1.328691299445078045e+01
1.309837392039690940e+01
1.289327075857362459e+01
1.268895887695833835e+01
1.250913500159991898e+01
1.233330538189485281e+01
1.216043704848080687e+01
1.199916418506760429e+01
1.058968399961156770e+01
1.086974586347192506e+01
1.116740967897235670e+01
1.149896652127325147e+01
1.187421837667833735e+01
1.227641793000139536e+01
1.272662478396867769e+01
1.322507225425683508e+01
1.377028051530212416e+01
1.430262014363420064e+01
1.481528936366867910e+01
1.527482632724192690e+01
1.563900219516187207e+01
1.594085019425034844e+01
1.612366088615845428e+01
1.615849119700680347e+01
1.604100662191580540e+01
1.579964107818082297e+01
1.545400388348224041e+01
1.504387023718232008e+01
1.465250698343819025e+01
1.428622283661559145e+01
1.397006505289731848e+01
1.370770844318354165e+01
1.348005440941038735e+01
1.324494000265352156e+01
1.302134660115297926e+01
1.280571785808581353e+01
1.259852967767669440e+01
1.239718387992058091e+01
1.107212508705222298e+01
1.137600342758514849e+01
1.169612752737752714e+01
1.204697009041983513e+01
1.244594422531143074e+01
1.289820294237561171e+01
1.339607724732534599e+01
1.394075398340577543e+01
1.453679618501004178e+01
1.519252421289888133e+01
1.584154518479834373e+01
1.643808500084709578e+01
1.694391344772792962e+01
1.729983007071536960e+01
1.745931994189623282e+01
1.745614163580596312e+01
1.729956470855659489e+01
1.698856319661992487e+01
1.655747011489298259e+01
1.606114521649319826e+01
1.555110873486555434e+01
1.508118968208912136e+01
1.467424438866301273e+01
1.432038889751678390e+01
1.400558385796550098e+01
1.371944958693766203e+01
1.345752766556605096e+01
1.320754156358982989e+01
1.296476805741684757e+01
1.272656237392675038e+01
1.144195641950801701e+01
1.175376499565479627e+01
1.209308092094313558e+01
1.248619890800260634e+01
1.291469859618549165e+01
1.338295091433380790e+01
1.391992615297783864e+01
1.451696839722630372e+01
1.517777709990619073e+01
1.597375800772534049e+01
1.678410450223676520e+01
1.754353618469986031e+01
1.832938306779730198e+01
1.877824660323419081e+01
1.887443157980713693e+01
1.881778991975099302e+01
1.859523900057310897e+01
1.815386080564115190e+01
1.759726482304560591e+01
1.699020747592218328e+01
1.641370265570332521e+01
1.580813400582410821e+01
1.529855961164953371e+01
1.484749102042875712e+01
1.443462317996075228e+01
1.409956757787351833e+01
1.380736238913827663e+01
1.351439402138093548e+01
1.324178688464287923e+01
1.298720635124403699e+01
1.172825261788368145e+01
1.205857098937492289e+01
1.244415909210581539e+01
1.286814514643135432e+01
1.330346010200166340e+01
1.379154760169516081e+01
1.436754985938597784e+01
1.500126513175621312e+01
1.576599606693979005e+01
1.673098842751837978e+01
1.771850623119353330e+01
1.877618608658294264e+01
1.987794711988284035e+01
2.041868194939714698e+01
2.042688253750804961e+01
2.024393189278061200e+01
1.991607031153412422e+01
1.933914722057643232e+01
1.864756572282630742e+01
1.796664604266115717e+01
1.717122084321614395e+01
1.643301765889746591e+01
1.581128041136980933e+01
1.524395336818950852e+01
1.477756194949610880e+01
1.440605296185514916e+01
1.408623518173017608e+01
1.377745090512813597e+01
1.346874239669621254e+01
1.319495258559915207e+01
1.196376835784651149e+01
1.233684036524992855e+01
1.274890622236189586e+01
1.317647174923800968e+01
1.363200196610908854e+01
1.414878243999059748e+01
1.473196190566720354e+01
1.542896510693725709e+01
1.635917800247655407e+01
1.751973283863025088e+01
1.881183035784678026e+01
2.026387116564265156e+01
2.150879980429262162e+01
2.214140592788436379e+01
2.217419406739550070e+01
2.180542639684566453e+01
2.128215715980605083e+01
2.056903698893758659e+01
1.976317969436625432e+01
1.880947368775174766e+01
1.782366856691434975e+01
1.695161630317786461e+01
1.620147710802881491e+01
1.557025140374470418e+01
1.507164417844370874e+01
1.466347218457129564e+01
1.430474553706198115e+01
1.398179220527449118e+01
1.366931888142805462e+01
1.336750563677610337e+01
1.218125831506379519e+01
1.258063163103364168e+01
1.299773274733018980e+01
1.344134483765967758e+01
1.392025107572833775e+01
1.444701790351039961e+01
1.508106952628035557e+01
1.590797784548374239e+01
1.701347139067831193e+01
1.847912196801152263e+01
2.019242635486982351e+01
2.186233573623142590e+01
2.319327861738800323e+01
2.390424513799320394e+01
2.395881552928112512e+01
2.352352299035388583e+01
2.277104392017909973e+01
2.185155158088118910e+01
2.074149014155307214e+01
1.953542555783035439e+01
1.836573627610438209e+01
1.736133014027923238e+01
1.654929300356480582e+01
1.588945717798788237e+01
1.534932627189942878e+01
1.489641273793593790e+01
1.450272182987401770e+01
1.415204794337045335e+01
1.383009578580537280e+01
1.352257006455888977e+01
