72
# x y z
1	0	0
2	0	0
3	0	0
4	0	0
5	0	0
6	0	0
7	0	0
8	0	0
9	0	0
10	0	0
11	0	0
12	0	0
13	0	0
14	0	0
15	0	0
16	0	0
17	0	0
18	0	0
19	0	0
20	0	0
21	0	0
22	0	0
23	0	0
24	0	0
25	0	0
26	0	0
27	0	0
28	0	0
29	0	0
30	0	0
31	0	0
32	0	0
33	0	0
34	0	0
35	0	0
36	0	0
37	0	0
38	0	0
39	0	0
40	0	0
41	0	0
42	0	0
43	0	0
44	0	0
45	0	0
46	0	0
47	0	0
48	0	0
49	0	0
50	0	0
51	0	0
52	0	0
53	0	0
54	0	0
55	0	0
56	0	0
57	0	0
58	0	0
59	0	0
60	0	0
61	0	0
62	0	0
63	0	0
64	0	0
65	0	0
66	0	0
67	0	0
68	0	0
69	0	0
70	0	0
71	0	0
72	0	0
66
# a b m n M1 M10 M11 M12 M13 M14 M15 M16 M17 M18 M19 M2 M20 M3 M4 M5 M6 M7 M8 M9 TM0 TM1 TM10 TM11 TM12 TM13 TM14 TM15 TM16 TM17 TM18 TM19 TM2 TM20 TM3 TM4 TM5 TM6 TM7 TM8 TM9 bat_rx bat_tx err fit gm i ip iperr k m0 r rhoa rs_check sp stacks tau temp u vab valid 
72	65	71	1	-2.83746981620789e+00	-2.33303070068359e+00	-1.95470142364502e+00	-1.97992324829102e+00	-1.78445303440094e+00	-1.53223359584808e+00	-1.53223359584808e+00	-1.53538632392883e+00	-1.43134582042694e+00	-1.40927660465240e+00	-1.31469428539276e+00	-3.64457201957703e+00	-1.07508575916290e+00	-3.50585126876831e+00	-3.19057679176331e+00	-3.21579909324646e+00	-2.82485866546631e+00	-2.61047196388245e+00	-2.37086343765259e+00	-2.35825252532959e+00	4.00000000000000e+01	4.00000000000000e+01	8.00000000000000e+01	8.00000000000000e+01	8.00000000000000e+01	8.00000000000000e+01	8.00000000000000e+01	1.60000000000000e+02	1.60000000000000e+02	1.60000000000000e+02	1.60000000000000e+02	1.60000000000000e+02	4.00000000000000e+01	1.60000000000000e+02	4.00000000000000e+01	4.00000000000000e+01	4.00000000000000e+01	4.00000000000000e+01	4.00000000000000e+01	8.00000000000000e+01	8.00000000000000e+01	1.21648092269897e+01	1.12941999435425e+01	0.00000000000000e+00	1.05533019099008e-01	-1.85885787010193e+00	3.31797838211060e-04	-1.85885787010193e+00	0.00000000000000e+00	7.52591003492418e+00	3.27278044670922e+00	-1.42470857486126e+02	-1.07222285603909e+03	0.00000000000000e+00	-1.08449790954590e+02	1.00000000000000e+00	1.51936925835273e+00	2.01564025878906e+01	-4.72715225219727e-02	1.59251642227173e+01	1
72	65	71	2	-1.16810941696167e+00	-1.28492033481598e+00	-1.16196155548096e+00	-9.03747797012329e-01	-9.89819049835205e-01	-1.10048198699951e+00	-9.37561511993408e-01	-9.09895777702332e-01	-8.88377964496613e-01	-8.39194416999817e-01	-6.85495793819427e-01	-2.18866825103760e+00	-7.13161528110504e-01	-1.79519975185394e+00	-1.51239430904388e+00	-1.59846556186676e+00	-1.48780250549316e+00	-1.42632305622101e+00	-1.30336415767670e+00	-1.25418066978455e+00	4.00000000000000e+01	4.00000000000000e+01	8.00000000000000e+01	8.00000000000000e+01	8.00000000000000e+01	8.00000000000000e+01	8.00000000000000e+01	1.60000000000000e+02	1.60000000000000e+02	1.60000000000000e+02	1.60000000000000e+02	1.60000000000000e+02	4.00000000000000e+01	1.60000000000000e+02	4.00000000000000e+01	4.00000000000000e+01	4.00000000000000e+01	4.00000000000000e+01	4.00000000000000e+01	8.00000000000000e+01	8.00000000000000e+01	1.21648092269897e+01	1.12941999435425e+01	0.00000000000000e+00	1.31417959188179e-01	-1.04597020149231e+00	2.96259880065918e-04	-1.04597020149231e+00	0.00000000000000e+00	7.52548810555730e+00	1.64928950617241e+00	-1.63649819250542e+02	-1.23154476824655e+03	0.00000000000000e+00	-8.86579437255859e+01	1.00000000000000e+00	1.90814325747963e+00	2.06451606750488e+01	-4.84828758239746e-02	1.39295186996460e+01	1
72	65	71	3	-1.55945408344269e+00	-1.34015583992004e+00	-1.40716361999512e+00	-1.03557503223419e+00	-1.10258293151855e+00	-1.03557503223419e+00	-1.12085771560669e+00	-9.19834256172180e-01	-1.03862082958221e+00	-7.58406460285187e-01	-8.19322645664215e-01	-2.36354780197144e+00	-8.68055582046509e-01	-2.08333325386047e+00	-2.01023387908936e+00	-1.97368407249451e+00	-1.99805068969727e+00	-1.60818707942963e+00	-1.43153023719788e+00	-1.52290451526642e+00	4.00000000000000e+01	4.00000000000000e+01	8.00000000000000e+01	8.00000000000000e+01	8.00000000000000e+01	8.00000000000000e+01	8.00000000000000e+01	1.60000000000000e+02	1.60000000000000e+02	1.60000000000000e+02	1.60000000000000e+02	1.60000000000000e+02	4.00000000000000e+01	1.60000000000000e+02	4.00000000000000e+01	4.00000000000000e+01	4.00000000000000e+01	4.00000000000000e+01	4.00000000000000e+01	8.00000000000000e+01	8.00000000000000e+01	1.21421489715576e+01	1.12941999435425e+01	0.00000000000000e+00	1.37940244149991e-01	-1.18773007392883e+00	2.40541458129883e-04	-1.18773007392883e+00	0.00000000000000e+00	7.52504668088305e+00	1.98481206800892e+00	-2.03420963738869e+02	-1.53075224800521e+03	0.00000000000000e+00	9.37227554321289e+01	1.00000000000000e+00	1.68302321265982e+00	2.06451606750488e+01	-4.89311752319336e-02	1.11610965728760e+01	1
72	65	71	4	-2.15393468737602e-01	-6.94045603275299e-01	-8.73540103435516e-01	-9.27388548851013e-01	-7.47893989086151e-01	-6.76096141338348e-01	-8.19691777229309e-01	-7.65843391418457e-01	-7.62851834297180e-01	-7.29944527149200e-01	-7.56868660449982e-01	-1.48382151126862e+00	-7.00028717517853e-01	-1.66331613063812e+00	-1.23252916336060e+00	-1.07696723937988e+00	-1.04106843471527e+00	-1.20859658718109e+00	-1.22654604911804e+00	-8.79523277282715e-01	4.00000000000000e+01	4.00000000000000e+01	8.00000000000000e+01	8.00000000000000e+01	8.00000000000000e+01	8.00000000000000e+01	8.00000000000000e+01	1.60000000000000e+02	1.60000000000000e+02	1.60000000000000e+02	1.60000000000000e+02	1.60000000000000e+02	4.00000000000000e+01	1.60000000000000e+02	4.00000000000000e+01	4.00000000000000e+01	4.00000000000000e+01	4.00000000000000e+01	4.00000000000000e+01	8.00000000000000e+01	8.00000000000000e+01	1.21421489715576e+01	1.12941999435425e+01	0.00000000000000e+00	3.96509128587500e-01	-8.46948266029358e-01	1.80587530136108e-04	-8.46948266029358e-01	0.00000000000000e+00	7.52458454071242e+00	9.86468591030084e-01	-2.75867495600306e+02	-2.07578829267911e+03	0.00000000000000e+00	1.67939804077148e+02	1.00000000000000e+00	5.02204651867397e+00	2.06451606750488e+01	-4.98182296752930e-02	8.44156932830811e+00	1
72	65	71	5	-1.47143971920013e+00	-1.92975685000420e-01	2.59311079978943e-01	4.10073310136795e-01	2.05036655068398e-01	4.76408720016479e-01	6.12094759941101e-01	4.58317279815674e-01	6.72399640083313e-01	7.89994239807129e-01	9.70908939838409e-01	-1.89357399940491e+00	1.14579319953918e+00	-1.45937860012054e+00	-1.01312232017517e+00	-8.08085680007935e-01	-9.40756499767303e-01	-8.32207679748535e-01	-4.46256309747696e-01	-2.95494019985199e-01	4.00000000000000e+01	4.00000000000000e+01	8.00000000000000e+01	8.00000000000000e+01	8.00000000000000e+01	8.00000000000000e+01	8.00000000000000e+01	1.60000000000000e+02	1.60000000000000e+02	1.60000000000000e+02	1.60000000000000e+02	1.60000000000000e+02	4.00000000000000e+01	1.60000000000000e+02	4.00000000000000e+01	4.00000000000000e+01	4.00000000000000e+01	4.00000000000000e+01	4.00000000000000e+01	8.00000000000000e+01	8.00000000000000e+01	1.21648092269897e+01	1.12941999435425e+01	0.00000000000000e+00	6.38903244165098e-01	2.44703933596611e-01	1.89804792404175e-04	2.44703933596611e-01	0.00000000000000e+00	7.52410036784687e+00	6.97537712774891e-01	-2.60410506733459e+02	-1.95935478950441e+03	0.00000000000000e+00	-1.73815353393555e+02	1.00000000000000e+00	7.28466753672199e+00	2.06451606750488e+01	-4.94271621704102e-02	8.79592418670654e+00	1
72	65	71	6	-1.31153166294098e+00	-1.58732092380524e+00	-1.30540299415588e+00	-1.42184734344482e+00	-1.06025683879852e+00	-1.11541473865509e+00	-1.24105215072632e+00	-1.15218663215637e+00	-9.59134101867676e-01	-9.16233599185944e-01	-9.00911867618561e-01	-2.31663060188293e+00	-7.13988065719604e-01	-2.26760149002075e+00	-2.01019811630249e+00	-2.21857237815857e+00	-1.97342610359192e+00	-1.83859574794769e+00	-1.69150805473328e+00	-1.42184734344482e+00	4.00000000000000e+01	4.00000000000000e+01	8.00000000000000e+01	8.00000000000000e+01	8.00000000000000e+01	8.00000000000000e+01	8.00000000000000e+01	1.60000000000000e+02	1.60000000000000e+02	1.60000000000000e+02	1.60000000000000e+02	1.60000000000000e+02	4.00000000000000e+01	1.60000000000000e+02	4.00000000000000e+01	4.00000000000000e+01	4.00000000000000e+01	4.00000000000000e+01	4.00000000000000e+01	8.00000000000000e+01	8.00000000000000e+01	1.21421489715576e+01	1.12941999435425e+01	0.00000000000000e+00	1.43304658485898e-01	-1.25950634479523e+00	2.35922574996948e-04	-1.25950634479523e+00	0.00000000000000e+00	7.52359273867076e+00	2.08135639581252e+00	-2.06150218638931e+02	-1.55099028802725e+03	0.00000000000000e+00	6.10256614685059e+01	1.00000000000000e+00	1.69572398471416e+00	2.06451606750488e+01	-4.86354904174805e-02	1.11733331680298e+01	1
72	65	71	7	-1.47608733177185e+00	-1.19317054748535e+00	-9.65607106685638e-01	-1.34077930450439e+00	-1.07016336917877e+00	-1.07631373405457e+00	-1.09168958663940e+00	-9.90208566188812e-01	-8.94877970218658e-01	-6.73464834690094e-01	-8.76426875591278e-01	-2.42324352264404e+00	-6.94991111755371e-01	-2.10342454910278e+00	-1.99271786212921e+00	-1.72210192680359e+00	-1.67289888858795e+00	-1.66059827804565e+00	-1.61139535903931e+00	-1.31002748012543e+00	4.00000000000000e+01	4.00000000000000e+01	8.00000000000000e+01	8.00000000000000e+01	8.00000000000000e+01	8.00000000000000e+01	8.00000000000000e+01	1.60000000000000e+02	1.60000000000000e+02	1.60000000000000e+02	1.60000000000000e+02	1.60000000000000e+02	4.00000000000000e+01	1.60000000000000e+02	4.00000000000000e+01	4.00000000000000e+01	4.00000000000000e+01	4.00000000000000e+01	4.00000000000000e+01	8.00000000000000e+01	8.00000000000000e+01	1.21421489715576e+01	1.12941999435425e+01	0.00000000000000e+00	1.46187204998503e-01	-1.13494718074799e+00	2.77037858963013e-04	-1.13494718074799e+00	0.00000000000000e+00	7.52306011266156e+00	1.92730834294002e+00	-1.74935665901594e+02	-1.31605153042617e+03	0.00000000000000e+00	2.97764801025391e+02	1.00000000000000e+00	1.61205448581404e+00	2.06451606750488e+01	-4.84638023376465e-02	1.31377239227295e+01	1
72	65	71	8	-1.67256975173950e+00	-1.23597991466522e+00	-1.30362069606781e+00	-1.18063747882843e+00	-9.46969687938690e-01	-1.04535615444183e+00	-8.67030739784241e-01	-9.13149356842041e-01	-6.82556092739105e-01	-7.19450950622559e-01	-5.16528904438019e-01	-2.23829197883606e+00	-5.34976422786713e-01	-2.10301065444946e+00	-2.02922081947327e+00	-1.95543098449707e+00	-1.85704445838928e+00	-1.51269185543060e+00	-1.39585793018341e+00	-1.29747152328491e+00	4.00000000000000e+01	4.00000000000000e+01	8.00000000000000e+01	8.00000000000000e+01	8.00000000000000e+01	8.00000000000000e+01	8.00000000000000e+01	1.60000000000000e+02	1.60000000000000e+02	1.60000000000000e+02	1.60000000000000e+02	1.60000000000000e+02	4.00000000000000e+01	1.60000000000000e+02	4.00000000000000e+01	4.00000000000000e+01	4.00000000000000e+01	4.00000000000000e+01	4.00000000000000e+01	8.00000000000000e+01	8.00000000000000e+01	1.21648092269897e+01	1.12941999435425e+01	0.00000000000000e+00	1.05124000532537e-01	-1.04699587821960e+00	3.06485414505005e-04	-1.04699587821960e+00	0.00000000000000e+00	7.52250082067316e+00	2.08926807891919e+00	-1.58158714205367e+02	-1.18974905740649e+03	0.00000000000000e+00	3.09868835449219e+02	1.00000000000000e+00	1.20917830994774e+00	2.06451606750488e+01	-4.84733390808105e-02	1.43454189300537e+01	1
72	65	71	9	-1.09735655784607e+00	-8.44594597816467e-01	-6.71976685523987e-01	-5.54843127727509e-01	-6.84306561946869e-01	-5.73337912559509e-01	-5.85667788982391e-01	-5.33265888690948e-01	-3.72977882623672e-01	-2.77421563863754e-01	-4.25379753112793e-01	-1.89879655838013e+00	-5.61008095741272e-01	-1.50424146652222e+00	-1.38094294071198e+00	-1.67685925960541e+00	-1.18366539478302e+00	-8.01440119743347e-01	-7.70615518093109e-01	-8.81584107875824e-01	4.00000000000000e+01	4.00000000000000e+01	8.00000000000000e+01	8.00000000000000e+01	8.00000000000000e+01	8.00000000000000e+01	8.00000000000000e+01	1.60000000000000e+02	1.60000000000000e+02	1.60000000000000e+02	1.60000000000000e+02	1.60000000000000e+02	4.00000000000000e+01	1.60000000000000e+02	4.00000000000000e+01	4.00000000000000e+01	4.00000000000000e+01	4.00000000000000e+01	4.00000000000000e+01	8.00000000000000e+01	8.00000000000000e+01	1.21421489715576e+01	1.12941999435425e+01	0.00000000000000e+00	2.59048573032299e-01	-6.78415536880493e-01	3.76987457275391e-04	-6.78415536880493e-01	0.00000000000000e+00	7.52191305182544e+00	1.34795559205477e+00	-1.28251859347331e+02	-9.64699334745571e+02	0.00000000000000e+00	-7.21472473144531e+01	1.00000000000000e+00	1.19660951776002e+00	2.06451606750488e+01	-4.83493423461914e-02	1.81157722473145e+01	1
72	65	71	10	-1.07821989059448e+00	-7.78033673763275e-01	-7.22897469997406e-01	-6.92266166210175e-01	-6.06498718261719e-01	-6.49382472038269e-01	-4.19648110866547e-01	-5.08478701114655e-01	-3.79827469587326e-01	-3.95143121480942e-01	-4.25774335861206e-01	-1.80111730098724e+00	-2.29734346270561e-01	-1.50705742835999e+00	-9.92452383041382e-01	-1.26200735569000e+00	-1.17623984813690e+00	-1.18849241733551e+00	-1.12110364437103e+00	-1.02308368682861e+00	4.00000000000000e+01	4.00000000000000e+01	8.00000000000000e+01	8.00000000000000e+01	8.00000000000000e+01	8.00000000000000e+01	8.00000000000000e+01	1.60000000000000e+02	1.60000000000000e+02	1.60000000000000e+02	1.60000000000000e+02	1.60000000000000e+02	4.00000000000000e+01	1.60000000000000e+02	4.00000000000000e+01	4.00000000000000e+01	4.00000000000000e+01	4.00000000000000e+01	4.00000000000000e+01	8.00000000000000e+01	8.00000000000000e+01	1.21874704360962e+01	1.12941999435425e+01	0.00000000000000e+00	1.65714802492920e-01	-6.58367693424225e-01	3.36063623428345e-04	-6.58367693424225e-01	0.00000000000000e+00	7.52129483880730e+00	1.45165713255968e+00	-1.44777846593920e+02	-1.08891687036049e+03	0.00000000000000e+00	-6.90377807617188e+01	1.00000000000000e+00	1.02246092267666e+00	2.06451606750488e+01	-4.86545677185059e-02	1.59669637680054e+01	1
72	65	71	11	-8.44429194927216e-01	-1.00352454185486e+00	-7.22048163414001e-01	-7.09810078144073e-01	-5.69071888923645e-01	-7.52643406391144e-01	-4.68107491731644e-01	-5.90488553047180e-01	-6.51679039001465e-01	-3.73262196779251e-01	-4.95643228292465e-01	-1.73781085014343e+00	-3.91619324684143e-01	-1.60319161415100e+00	-1.60319161415100e+00	-1.39514398574829e+00	-1.13814377784729e+00	-1.44409632682800e+00	-1.03411984443665e+00	-9.23976838588715e-01	4.00000000000000e+01	4.00000000000000e+01	8.00000000000000e+01	8.00000000000000e+01	8.00000000000000e+01	8.00000000000000e+01	8.00000000000000e+01	1.60000000000000e+02	1.60000000000000e+02	1.60000000000000e+02	1.60000000000000e+02	1.60000000000000e+02	4.00000000000000e+01	1.60000000000000e+02	4.00000000000000e+01	4.00000000000000e+01	4.00000000000000e+01	4.00000000000000e+01	4.00000000000000e+01	8.00000000000000e+01	8.00000000000000e+01	1.21648092269897e+01	1.12941999435425e+01	0.00000000000000e+00	2.19300378274353e-01	-7.35102176666260e-01	2.86417007446289e-04	-7.35102176666260e-01	0.00000000000000e+00	7.52064404136975e+00	1.43442827022701e+00	-1.70072986381647e+02	-1.27905839162909e+03	0.00000000000000e+00	-5.18880310058594e+01	1.00000000000000e+00	1.24355448838698e+00	2.06451606750488e+01	-4.87117958068848e-02	1.35834045410156e+01	1
72	65	71	12	-1.18454480171204e+00	-1.09295630455017e+00	-1.17233288288116e+00	-1.11737990379333e+00	-9.83050048351288e-01	-9.46414649486542e-01	-7.99872994422913e-01	-6.74702048301697e-01	-6.99125647544861e-01	-7.17443346977234e-01	-6.50278449058533e-01	-2.10042977333069e+00	-7.29655206203461e-01	-1.67301690578461e+00	-1.73407578468323e+00	-1.46541619300842e+00	-1.73407578468323e+00	-1.56311058998108e+00	-1.19675660133362e+00	-1.08074438571930e+00	4.00000000000000e+01	4.00000000000000e+01	8.00000000000000e+01	8.00000000000000e+01	8.00000000000000e+01	8.00000000000000e+01	8.00000000000000e+01	1.60000000000000e+02	1.60000000000000e+02	1.60000000000000e+02	1.60000000000000e+02	1.60000000000000e+02	4.00000000000000e+01	1.60000000000000e+02	4.00000000000000e+01	4.00000000000000e+01	4.00000000000000e+01	4.00000000000000e+01	4.00000000000000e+01	8.00000000000000e+01	8.00000000000000e+01	1.21421489715576e+01	1.12941999435425e+01	0.00000000000000e+00	1.52039098850760e-01	-9.71516668796539e-01	2.48518228530884e-04	-9.71516668796539e-01	0.00000000000000e+00	7.51995832774975e+00	1.66654020684225e+00	-1.96431125109247e+02	-1.47715387509454e+03	0.00000000000000e+00	-3.74948234558105e+01	1.00000000000000e+00	1.62811342797763e+00	2.06451606750488e+01	-4.88167152404785e-02	1.19653129577637e+01	1
72	65	71	13	-1.48023080825806e+00	-1.16828143596649e+00	-1.34566438198090e+00	-1.00313174724579e+00	-1.05206489562988e+00	-1.10711491107941e+00	-9.75606739521027e-01	-9.84781742095947e-01	-7.67640411853790e-01	-7.82932043075562e-01	-7.67640411853790e-01	-2.15306305885315e+00	-5.38265764713287e-01	-2.40996289253235e+00	-2.06743001937866e+00	-1.72489726543427e+00	-1.49246430397034e+00	-1.55363082885742e+00	-1.49858081340790e+00	-1.24779796600342e+00	4.00000000000000e+01	4.00000000000000e+01	8.00000000000000e+01	8.00000000000000e+01	8.00000000000000e+01	8.00000000000000e+01	8.00000000000000e+01	1.60000000000000e+02	1.60000000000000e+02	1.60000000000000e+02	1.60000000000000e+02	1.60000000000000e+02	4.00000000000000e+01	1.60000000000000e+02	4.00000000000000e+01	4.00000000000000e+01	4.00000000000000e+01	4.00000000000000e+01	4.00000000000000e+01	8.00000000000000e+01	8.00000000000000e+01	1.21421489715576e+01	1.12941999435425e+01	0.00000000000000e+00	1.35328507063031e-01	-1.08876490592957e+00	2.47368574142456e-04	-1.08876490592957e+00	0.00000000000000e+00	7.51923515372265e+00	1.94474229556445e+00	-1.96997024690156e+02	-1.48126695322899e+03	0.00000000000000e+00	-7.40930480957031e+01	1.00000000000000e+00	1.45689022552686e+00	2.06451606750488e+01	-4.87308731079102e-02	1.19712305068970e+01	1
72	65	71	14	-1.31410884857178e+00	-9.51807856559753e-01	-1.02549612522125e+00	-1.05005896091461e+00	-8.84260177612305e-01	-1.11760663986206e+00	-1.04084789752960e+00	-8.78119409084320e-01	-8.01360726356506e-01	-7.21531748771667e-01	-6.63195133209229e-01	-2.37030839920044e+00	-6.35561943054199e-01	-1.96502256393433e+00	-1.76852035522461e+00	-1.85448992252350e+00	-1.55973660945892e+00	-1.68255066871643e+00	-1.34481239318848e+00	-1.12988793849945e+00	4.00000000000000e+01	4.00000000000000e+01	8.00000000000000e+01	8.00000000000000e+01	8.00000000000000e+01	8.00000000000000e+01	8.00000000000000e+01	1.60000000000000e+02	1.60000000000000e+02	1.60000000000000e+02	1.60000000000000e+02	1.60000000000000e+02	4.00000000000000e+01	1.60000000000000e+02	4.00000000000000e+01	4.00000000000000e+01	4.00000000000000e+01	4.00000000000000e+01	4.00000000000000e+01	8.00000000000000e+01	8.00000000000000e+01	1.21421489715576e+01	1.12941999435425e+01	0.00000000000000e+00	1.60569491819416e-01	-1.03300142288208e+00	2.76503086090088e-04	-1.03300142288208e+00	0.00000000000000e+00	7.51847173893091e+00	1.79669102391309e+00	-1.75549967320205e+02	-1.31986746806721e+03	0.00000000000000e+00	-3.25349388122559e+01	1.00000000000000e+00	1.54363586186145e+00	2.06451606750488e+01	-4.85401077270508e-02	1.31406450271606e+01	1
72	65	71	15	-1.18017303943634e+00	-1.12485241889954e+00	-8.23662459850311e-01	-8.05222272872925e-01	-8.48249375820160e-01	-7.31461465358734e-01	-9.25083577632904e-01	-6.94581031799316e-01	-8.26735854148865e-01	-5.80866456031799e-01	-7.13021218776703e-01	-2.12677025794983e+00	-5.93159914016724e-01	-2.01612901687622e+00	-1.63503146171570e+00	-1.58585762977600e+00	-1.31540119647980e+00	-1.15558612346649e+00	-1.42604243755341e+00	-1.13714599609375e+00	4.00000000000000e+01	4.00000000000000e+01	8.00000000000000e+01	8.00000000000000e+01	8.00000000000000e+01	8.00000000000000e+01	8.00000000000000e+01	1.60000000000000e+02	1.60000000000000e+02	1.60000000000000e+02	1.60000000000000e+02	1.60000000000000e+02	4.00000000000000e+01	1.60000000000000e+02	4.00000000000000e+01	4.00000000000000e+01	4.00000000000000e+01	4.00000000000000e+01	4.00000000000000e+01	8.00000000000000e+01	8.00000000000000e+01	1.21648092269897e+01	1.12941999435425e+01	0.00000000000000e+00	1.88049339458692e-01	-9.36489284038544e-01	3.03751945495605e-04	-9.36489284038544e-01	0.00000000000000e+00	7.51766504007633e+00	1.59667599488356e+00	-1.59644792736109e+02	-1.20015607718248e+03	0.00000000000000e+00	-5.11440467834473e+01	1.00000000000000e+00	1.56792643988597e+00	2.06451606750488e+01	-4.84924163818359e-02	1.47386217117310e+01	1
72	65	71	16	-1.18226599693298e+00	-1.18226599693298e+00	-1.08374381065369e+00	-9.54433560371399e-01	-7.82019734382629e-01	-8.25123190879822e-01	-8.43596100807190e-01	-8.31280767917633e-01	-6.52709364891052e-01	-7.75862097740173e-01	-6.03448331356049e-01	-1.93349754810333e+00	-6.28078818321228e-01	-1.69950747489929e+00	-1.41625618934631e+00	-1.61330056190491e+00	-1.34236454963684e+00	-1.20689666271210e+00	-1.38546812534332e+00	-1.25615763664246e+00	4.00000000000000e+01	4.00000000000000e+01	8.00000000000000e+01	8.00000000000000e+01	8.00000000000000e+01	8.00000000000000e+01	8.00000000000000e+01	1.60000000000000e+02	1.60000000000000e+02	1.60000000000000e+02	1.60000000000000e+02	1.60000000000000e+02	4.00000000000000e+01	1.60000000000000e+02	4.00000000000000e+01	4.00000000000000e+01	4.00000000000000e+01	4.00000000000000e+01	4.00000000000000e+01	8.00000000000000e+01	8.00000000000000e+01	1.21648092269897e+01	1.12941999435425e+01	0.00000000000000e+00	1.31915525168334e-01	-9.48275744915009e-01	3.27098369598389e-04	-9.48275744915009e-01	0.00000000000000e+00	7.51681172049155e+00	1.58131022401102e+00	-1.47987807135829e+02	-1.11239648316844e+03	0.00000000000000e+00	-4.26454734802246e+01	1.00000000000000e+00	1.66393451225926e+00	2.06451606750488e+01	-4.84065704345703e-02	1.59298305511475e+01	1
72	65	71	17	-1.58071517944336e+00	-1.17936170101166e+00	-9.07676279544830e-01	-9.26200330257416e-01	-7.65658915042877e-01	-5.74244201183319e-01	-7.50222265720367e-01	-6.69951617717743e-01	-5.89680850505829e-01	-7.37872958183289e-01	-4.29139494895935e-01	-2.11173677444458e+00	-5.49545526504517e-01	-1.86474990844727e+00	-1.66716063022614e+00	-1.69185936450958e+00	-1.50661921501160e+00	-1.08674168586731e+00	-1.21023511886597e+00	-1.26580715179443e+00	4.00000000000000e+01	4.00000000000000e+01	8.00000000000000e+01	8.00000000000000e+01	8.00000000000000e+01	8.00000000000000e+01	8.00000000000000e+01	1.60000000000000e+02	1.60000000000000e+02	1.60000000000000e+02	1.60000000000000e+02	1.60000000000000e+02	4.00000000000000e+01	1.60000000000000e+02	4.00000000000000e+01	4.00000000000000e+01	4.00000000000000e+01	4.00000000000000e+01	4.00000000000000e+01	8.00000000000000e+01	8.00000000000000e+01	1.21648092269897e+01	1.12941999435425e+01	0.00000000000000e+00	1.81066131015024e-01	-8.90524387359619e-01	4.73025083541870e-04	-8.90524387359619e-01	0.00000000000000e+00	7.51590811552066e+00	1.73203304513680e+00	-1.02051748705022e+02	-7.67011566295153e+02	0.00000000000000e+00	-7.63440780639648e+01	1.00000000000000e+00	1.23889474004643e+00	2.06451606750488e+01	-4.82730369567871e-02	2.31482830047607e+01	1
72	65	71	18	-1.33893477916718e+00	-9.33569252490997e-01	-9.21285390853882e-01	-5.77338814735413e-01	-1.05026543140411e+00	-8.59866440296173e-01	-7.06318855285645e-01	-6.51041686534882e-01	-7.00176954269409e-01	-5.31274557113647e-01	-6.94034993648529e-01	-2.19880127906799e+00	-4.85210299491882e-01	-1.65831375122070e+00	-1.43720519542694e+00	-1.08097481727600e+00	-1.19152915477753e+00	-1.68288135528564e+00	-1.12396824359894e+00	-1.09325873851776e+00	4.00000000000000e+01	4.00000000000000e+01	8.00000000000000e+01	8.00000000000000e+01	8.00000000000000e+01	8.00000000000000e+01	8.00000000000000e+01	1.60000000000000e+02	1.60000000000000e+02	1.60000000000000e+02	1.60000000000000e+02	1.60000000000000e+02	4.00000000000000e+01	1.60000000000000e+02	4.00000000000000e+01	4.00000000000000e+01	4.00000000000000e+01	4.00000000000000e+01	4.00000000000000e+01	8.00000000000000e+01	8.00000000000000e+01	1.21874704360962e+01	1.12941999435425e+01	0.00000000000000e+00	2.00929623100237e-01	-8.61777186393738e-01	4.25354480743408e-04	-8.61777186393738e-01	0.00000000000000e+00	7.51495019303572e+00	1.53107329307094e+00	-1.14094406821272e+02	-8.57413784565816e+02	0.00000000000000e+00	-8.05599746704102e+01	1.00000000000000e+00	1.47316932166562e+00	2.06451606750488e+01	-4.85305671691895e-02	2.07279720306396e+01	1
72	65	71	19	-1.97652709484100e+00	-1.45477306842804e+00	-8.65497946739197e-01	-1.05578470230103e+00	-9.02327597141266e-01	-1.00054013729095e+00	-7.39663124084473e-01	-7.27386534214020e-01	-7.45801389217377e-01	-7.39663124084473e-01	-5.21754086017609e-01	-2.29571795463562e+00	-6.78280293941498e-01	-2.19750523567200e+00	-2.19750523567200e+00	-1.95197403430939e+00	-1.59595358371735e+00	-1.65733635425568e+00	-1.19696521759033e+00	-1.30131602287292e+00	4.00000000000000e+01	4.00000000000000e+01	8.00000000000000e+01	8.00000000000000e+01	8.00000000000000e+01	8.00000000000000e+01	8.00000000000000e+01	1.60000000000000e+02	1.60000000000000e+02	1.60000000000000e+02	1.60000000000000e+02	1.60000000000000e+02	4.00000000000000e+01	1.60000000000000e+02	4.00000000000000e+01	4.00000000000000e+01	4.00000000000000e+01	4.00000000000000e+01	4.00000000000000e+01	8.00000000000000e+01	8.00000000000000e+01	1.21648092269897e+01	1.12941999435425e+01	0.00000000000000e+00	1.75103701448950e-01	-1.02304708957672e+00	3.74487161636353e-04	-1.02304708957672e+00	0.00000000000000e+00	7.51393350829161e+00	2.02771295646289e+00	-1.29668490679074e+02	-9.74320417083091e+02	0.00000000000000e+00	-5.85838737487793e+01	1.00000000000000e+00	1.23418984093823e+00	2.06451606750488e+01	-4.85591850280762e-02	1.83272800445557e+01	1
72	65	71	20	-1.50853610038757e+00	-1.31843590736389e+00	-1.12220358848572e+00	-1.06701338291168e+00	-9.44368064403534e-01	-9.99558448791504e-01	-8.73847126960754e-01	-7.87995457649231e-01	-6.59217953681946e-01	-5.94829261302948e-01	-5.82564711570740e-01	-2.44063949584961e+00	-5.45771181583405e-01	-1.88873612880707e+00	-1.85194253921509e+00	-1.65571022033691e+00	-1.90100073814392e+00	-1.42268443107605e+00	-1.50853610038757e+00	-1.40428757667542e+00	4.00000000000000e+01	4.00000000000000e+01	8.00000000000000e+01	8.00000000000000e+01	8.00000000000000e+01	8.00000000000000e+01	8.00000000000000e+01	1.60000000000000e+02	1.60000000000000e+02	1.60000000000000e+02	1.60000000000000e+02	1.60000000000000e+02	4.00000000000000e+01	1.60000000000000e+02	4.00000000000000e+01	4.00000000000000e+01	4.00000000000000e+01	4.00000000000000e+01	4.00000000000000e+01	8.00000000000000e+01	8.00000000000000e+01	1.21874704360962e+01	1.12941999435425e+01	0.00000000000000e+00	1.09338746142142e-01	-1.01277685165405e+00	3.38081359863281e-04	-1.01277685165405e+00	0.00000000000000e+00	7.51285315217181e+00	1.99885610962752e+00	-1.43772719066640e+02	-1.08014332563612e+03	0.00000000000000e+00	-5.41581306457520e+01	1.00000000000000e+00	1.22697623379382e+00	2.06451606750488e+01	-4.86068763732910e-02	1.63494091033936e+01	1
72	65	71	21	-1.44863486289978e+00	-1.33200752735138e+00	-1.14172065258026e+00	-1.03736984729767e+00	-9.69848692417145e-01	-9.63710427284241e-01	-9.57572162151337e-01	-8.93120229244232e-01	-8.65497946739197e-01	-7.36593961715698e-01	-7.18179106712341e-01	-2.24661159515381e+00	-6.78280293941498e-01	-2.07473969459534e+00	-1.75554895401001e+00	-1.64505982398987e+00	-1.73099589347839e+00	-1.63278329372406e+00	-1.25220978260040e+00	-1.25834798812866e+00	4.00000000000000e+01	4.00000000000000e+01	8.00000000000000e+01	8.00000000000000e+01	8.00000000000000e+01	8.00000000000000e+01	8.00000000000000e+01	1.60000000000000e+02	1.60000000000000e+02	1.60000000000000e+02	1.60000000000000e+02	1.60000000000000e+02	4.00000000000000e+01	1.60000000000000e+02	4.00000000000000e+01	4.00000000000000e+01	4.00000000000000e+01	4.00000000000000e+01	4.00000000000000e+01	8.00000000000000e+01	8.00000000000000e+01	1.21648092269897e+01	1.12941999435425e+01	0.00000000000000e+00	1.22772035786024e-01	-1.06315052509308e+00	3.27270269393921e-04	-1.06315052509308e+00	0.00000000000000e+00	7.51170369169472e+00	1.83647369684917e+00	-1.48376401920052e+02	-1.11455956606324e+03	0.00000000000000e+00	-5.21837158203125e+01	1.00000000000000e+00	1.57849149211842e+00	2.06451606750488e+01	-4.85591850280762e-02	1.59285964965820e+01	1
72	65	71	22	-1.19387555122375e+00	-1.21849143505096e+00	-1.10771954059601e+00	-1.09541153907776e+00	-1.28618550300598e+00	-1.10771954059601e+00	-8.83098602294922e-01	-1.03079450130463e+00	-7.07709729671478e-01	-7.90788650512695e-01	-8.49251627922058e-01	-2.10466718673706e+00	-9.10791635513306e-01	-1.96927917003632e+00	-1.82158327102661e+00	-1.74773526191711e+00	-1.62465524673462e+00	-1.12002754211426e+00	-1.31695544719696e+00	-1.34772551059723e+00	4.00000000000000e+01	4.00000000000000e+01	8.00000000000000e+01	8.00000000000000e+01	8.00000000000000e+01	8.00000000000000e+01	8.00000000000000e+01	1.60000000000000e+02	1.60000000000000e+02	1.60000000000000e+02	1.60000000000000e+02	1.60000000000000e+02	4.00000000000000e+01	1.60000000000000e+02	4.00000000000000e+01	4.00000000000000e+01	4.00000000000000e+01	4.00000000000000e+01	4.00000000000000e+01	8.00000000000000e+01	8.00000000000000e+01	1.21648092269897e+01	1.12941999435425e+01	0.00000000000000e+00	1.67196559594436e-01	-1.09404385089874e+00	3.38272333145142e-04	-1.09404385089874e+00	0.00000000000000e+00	7.51047910142853e+00	1.67659643811426e+00	-1.43184007521759e+02	-1.07538049615096e+03	0.00000000000000e+00	-5.87555618286133e+01	1.00000000000000e+00	2.06664826009128e+00	2.06451606750488e+01	-4.84351882934570e-02	1.64513320922852e+01	1
72	65	71	23	-1.55294811725616e+00	-1.34342336654663e+00	-1.26947343349457e+00	-1.12157368659973e+00	-1.09076118469238e+00	-9.55186367034912e-01	-9.73673760890961e-01	-8.41180205345154e-01	-6.87117874622345e-01	-7.57986605167389e-01	-7.08686649799347e-01	-2.23082232475281e+00	-5.79274296760559e-01	-1.97199761867523e+00	-2.00897264480591e+00	-1.68852293491364e+00	-1.57759797573090e+00	-1.55294811725616e+00	-1.33109843730927e+00	-1.36807334423065e+00	4.00000000000000e+01	4.00000000000000e+01	8.00000000000000e+01	8.00000000000000e+01	8.00000000000000e+01	8.00000000000000e+01	8.00000000000000e+01	1.60000000000000e+02	1.60000000000000e+02	1.60000000000000e+02	1.60000000000000e+02	1.60000000000000e+02	4.00000000000000e+01	1.60000000000000e+02	4.00000000000000e+01	4.00000000000000e+01	4.00000000000000e+01	4.00000000000000e+01	4.00000000000000e+01	8.00000000000000e+01	8.00000000000000e+01	1.21421489715576e+01	1.12941999435425e+01	0.00000000000000e+00	9.87955434814120e-02	-1.06077027320862e+00	3.56354713439941e-04	-1.06077027320862e+00	0.00000000000000e+00	7.50917268419024e+00	1.93905231294782e+00	-1.35731106739994e+02	-1.01922831912688e+03	0.00000000000000e+00	-5.05431365966797e+01	1.00000000000000e+00	1.41046652913600e+00	2.06451606750488e+01	-4.83684196472168e-02	1.75300979614258e+01	1
72	65	71	24	-1.21921181678772e+00	-1.18226599693298e+00	-1.02832520008087e+00	-1.06527090072632e+00	-9.54433560371399e-01	-8.49753737449646e-01	-9.08251225948334e-01	-7.85098552703857e-01	-8.71305406093597e-01	-8.71305406093597e-01	-5.35714328289032e-01	-2.09359622001648e+00	-5.81896603107452e-01	-2.03201961517334e+00	-1.83497548103333e+00	-1.68719220161438e+00	-1.50246310234070e+00	-1.33004927635193e+00	-1.29926109313965e+00	-1.16379320621490e+00	4.00000000000000e+01	4.00000000000000e+01	8.00000000000000e+01	8.00000000000000e+01	8.00000000000000e+01	8.00000000000000e+01	8.00000000000000e+01	1.60000000000000e+02	1.60000000000000e+02	1.60000000000000e+02	1.60000000000000e+02	1.60000000000000e+02	4.00000000000000e+01	1.60000000000000e+02	4.00000000000000e+01	4.00000000000000e+01	4.00000000000000e+01	4.00000000000000e+01	4.00000000000000e+01	8.00000000000000e+01	8.00000000000000e+01	1.21421489715576e+01	1.12941999435425e+01	0.00000000000000e+00	1.51194791404402e-01	-1.00000000000000e+00	3.71320009231567e-04	-1.00000000000000e+00	0.00000000000000e+00	7.50777697907069e+00	1.73645299983354e+00	-1.30363484948592e+02	-9.78739971208464e+02	0.00000000000000e+00	-2.72602920532227e+01	1.00000000000000e+00	1.53324381182184e+00	2.06451606750488e+01	-4.84065704345703e-02	1.83315830230713e+01	1
72	65	71	25	-1.71249747276306e+00	-9.24009382724762e-01	-7.94648170471191e-01	-9.30169463157654e-01	-8.00808191299438e-01	-9.36329603195190e-01	-7.05327153205872e-01	-7.08407223224640e-01	-4.21964317560196e-01	-3.54203611612320e-01	-4.03484106063843e-01	-2.14370203018188e+00	-4.40444469451904e-01	-1.97122013568878e+00	-1.71249747276306e+00	-1.41681444644928e+00	-1.13345158100128e+00	-9.85610067844391e-01	-1.03489053249359e+00	-1.12729144096375e+00	4.00000000000000e+01	4.00000000000000e+01	8.00000000000000e+01	8.00000000000000e+01	8.00000000000000e+01	8.00000000000000e+01	8.00000000000000e+01	1.60000000000000e+02	1.60000000000000e+02	1.60000000000000e+02	1.60000000000000e+02	1.60000000000000e+02	4.00000000000000e+01	1.60000000000000e+02	4.00000000000000e+01	4.00000000000000e+01	4.00000000000000e+01	4.00000000000000e+01	4.00000000000000e+01	8.00000000000000e+01	8.00000000000000e+01	1.21421489715576e+01	1.12941999435425e+01	0.00000000000000e+00	1.78768589572297e-01	-8.06831359863281e-01	7.37043142318726e-04	-8.06831359863281e-01	0.00000000000000e+00	7.50628365441493e+00	1.72908902525890e+00	-6.56508339471363e+01	-4.92793781756098e+02	0.00000000000000e+00	-8.67407608032227e+01	1.00000000000000e+00	1.06320450422974e+00	2.06451606750488e+01	-4.83874969482422e-02	3.69189224243164e+01	1
72	65	71	26	-2.71472096443176e+00	-1.21609675884247e+00	-1.16081964969635e+00	-1.26523196697235e+00	-1.16696155071259e+00	-1.22838056087494e+00	-8.90575885772705e-01	-9.05930638313293e-01	-9.09001648426056e-01	-8.59866440296173e-01	-5.12848913669586e-01	-3.25520849227905e+00	-6.72538340091705e-01	-2.57959914207458e+00	-2.22336888313293e+00	-2.13738226890564e+00	-2.03911161422729e+00	-1.97769260406494e+00	-1.73201656341553e+00	-1.52319180965424e+00	4.00000000000000e+01	4.00000000000000e+01	8.00000000000000e+01	8.00000000000000e+01	8.00000000000000e+01	8.00000000000000e+01	8.00000000000000e+01	1.60000000000000e+02	1.60000000000000e+02	1.60000000000000e+02	1.60000000000000e+02	1.60000000000000e+02	4.00000000000000e+01	1.60000000000000e+02	4.00000000000000e+01	4.00000000000000e+01	4.00000000000000e+01	4.00000000000000e+01	4.00000000000000e+01	8.00000000000000e+01	8.00000000000000e+01	1.21421489715576e+01	1.12941999435425e+01	0.00000000000000e+00	1.58304395826129e-01	-1.21145617961884e+00	6.33352041244507e-04	-1.21145617961884e+00	0.00000000000000e+00	7.50468338287628e+00	2.54272153730556e+00	-7.66249479102162e+01	-5.75045973295560e+02	0.00000000000000e+00	-1.19867065429688e+02	1.00000000000000e+00	1.11650737952874e+00	2.06451606750488e+01	-4.85305671691895e-02	3.20522422790527e+01	1
72	65	71	27	-2.54274773597717e+00	-1.35121858119965e+00	-1.47405660152435e+00	-1.19767105579376e+00	-1.03798151016235e+00	-9.82704460620880e-01	-1.02876865863800e+00	-9.64278697967529e-01	-9.58136856555939e-01	-7.58525013923645e-01	-6.97105944156647e-01	-2.83755898475647e+00	-6.08048379421234e-01	-2.44447731971741e+00	-2.49361252784729e+00	-2.43219351768494e+00	-2.03911161422729e+00	-1.89170598983765e+00	-1.54775953292847e+00	-1.16081964969635e+00	4.00000000000000e+01	4.00000000000000e+01	8.00000000000000e+01	8.00000000000000e+01	8.00000000000000e+01	8.00000000000000e+01	8.00000000000000e+01	1.60000000000000e+02	1.60000000000000e+02	1.60000000000000e+02	1.60000000000000e+02	1.60000000000000e+02	4.00000000000000e+01	1.60000000000000e+02	4.00000000000000e+01	4.00000000000000e+01	4.00000000000000e+01	4.00000000000000e+01	4.00000000000000e+01	8.00000000000000e+01	8.00000000000000e+01	1.21648092269897e+01	1.12941999435425e+01	0.00000000000000e+00	1.54453147664362e-01	-1.20545077323914e+00	5.46220541000366e-04	-1.20545077323914e+00	0.00000000000000e+00	7.50296569502590e+00	2.44365924079647e+00	-8.88479350855407e+01	-6.66623009020700e+02	0.00000000000000e+00	-6.87039413452148e+01	1.00000000000000e+00	1.17860039162598e+00	2.06451606750488e+01	-4.85305671691895e-02	2.75992736816406e+01	1
72	65	71	28	-1.66633975505829e+00	-1.32939624786377e+00	-1.17011368274689e+00	-1.17623984813690e+00	-1.04146242141724e+00	-1.10885119438171e+00	-8.54611814022064e-01	-8.94432425498962e-01	-8.08664917945862e-01	-7.50465512275696e-01	-5.57488739490509e-01	-2.42599487304688e+00	-7.96412467956543e-01	-2.07067227363586e+00	-1.99715733528137e+00	-1.82562232017517e+00	-1.67859244346619e+00	-1.77661240100861e+00	-1.58057248592377e+00	-1.47029983997345e+00	4.00000000000000e+01	4.00000000000000e+01	8.00000000000000e+01	8.00000000000000e+01	8.00000000000000e+01	8.00000000000000e+01	8.00000000000000e+01	1.60000000000000e+02	1.60000000000000e+02	1.60000000000000e+02	1.60000000000000e+02	1.60000000000000e+02	4.00000000000000e+01	1.60000000000000e+02	4.00000000000000e+01	4.00000000000000e+01	4.00000000000000e+01	4.00000000000000e+01	4.00000000000000e+01	8.00000000000000e+01	8.00000000000000e+01	1.21874704360962e+01	1.12941999435425e+01	0.00000000000000e+00	1.26082800659959e-01	-1.10762596130371e+00	4.79943513870239e-04	-1.10762596130371e+00	0.00000000000000e+00	7.50111880720242e+00	2.05057925029003e+00	-1.01375612571900e+02	-7.60430514054748e+02	0.00000000000000e+00	-6.01481475830078e+01	1.00000000000000e+00	1.38437528830301e+00	2.06451606750488e+01	-4.86545677185059e-02	2.43716869354248e+01	1
72	65	71	29	-1.39596402645111e+00	-1.34698259830475e+00	-1.09595417976379e+00	-8.93906712532043e-01	-9.67378497123718e-01	-1.05309557914734e+00	-9.58194494247437e-01	-1.02248239517212e+00	-7.62269794940948e-01	-6.97982013225555e-01	-8.75538766384125e-01	-2.21639895439148e+00	-6.49000763893127e-01	-1.75107753276825e+00	-1.70209634304047e+00	-1.64086985588074e+00	-1.89802122116089e+00	-1.39596402645111e+00	-1.10207676887512e+00	-1.25514304637909e+00	4.00000000000000e+01	4.00000000000000e+01	8.00000000000000e+01	8.00000000000000e+01	8.00000000000000e+01	8.00000000000000e+01	8.00000000000000e+01	1.60000000000000e+02	1.60000000000000e+02	1.60000000000000e+02	1.60000000000000e+02	1.60000000000000e+02	4.00000000000000e+01	1.60000000000000e+02	4.00000000000000e+01	4.00000000000000e+01	4.00000000000000e+01	4.00000000000000e+01	4.00000000000000e+01	8.00000000000000e+01	8.00000000000000e+01	1.21648092269897e+01	1.12941999435425e+01	0.00000000000000e+00	1.52780390650711e-01	-1.05091869831085e+00	4.49809789657593e-04	-1.05091869831085e+00	0.00000000000000e+00	7.49912941828373e+00	1.72978574233688e+00	-1.08230596314398e+02	-8.11635248779695e+02	0.00000000000000e+00	-4.37614479064941e+01	1.00000000000000e+00	1.73209067165387e+00	2.06451606750488e+01	-4.86831817626953e-02	2.27317924499512e+01	1
72	65	71	30	-1.09218537807465e+00	-1.19035935401917e+00	-1.19035935401917e+00	-1.19649517536163e+00	-1.25171816349030e+00	-9.51060354709625e-01	-1.04309844970703e+00	-9.11177098751068e-01	-8.34478676319122e-01	-7.66984164714813e-01	-8.62090110778809e-01	-2.11074018478394e+00	-6.62674307823181e-01	-1.61987042427063e+00	-1.64441394805908e+00	-1.50942480564117e+00	-1.31307673454285e+00	-1.43579423427582e+00	-1.34989202022552e+00	-1.28239738941193e+00	4.00000000000000e+01	4.00000000000000e+01	8.00000000000000e+01	8.00000000000000e+01	8.00000000000000e+01	8.00000000000000e+01	8.00000000000000e+01	1.60000000000000e+02	1.60000000000000e+02	1.60000000000000e+02	1.60000000000000e+02	1.60000000000000e+02	4.00000000000000e+01	1.60000000000000e+02	4.00000000000000e+01	4.00000000000000e+01	4.00000000000000e+01	4.00000000000000e+01	4.00000000000000e+01	8.00000000000000e+01	8.00000000000000e+01	1.21648092269897e+01	1.12941999435425e+01	0.00000000000000e+00	1.25806603094469e-01	-1.06382381916046e+00	4.35883045196533e-04	-1.06382381916046e+00	0.00000000000000e+00	7.49698246879382e+00	1.62259589669846e+00	-1.11447919458535e+02	-8.35523098364185e+02	0.00000000000000e+00	-3.88778686523438e+01	1.00000000000000e+00	2.05618561649115e+00	2.06451606750488e+01	-4.85782585144043e-02	2.23660755157471e+01	1
72	65	71	31	-1.92552971839905e+00	-1.40428757667542e+00	-1.31843590736389e+00	-1.17126166820526e+00	-9.25971269607544e-01	-9.32103574275970e-01	-1.02408754825592e+00	-7.38937377929688e-01	-8.06392252445221e-01	-8.55450332164764e-01	-6.71482503414154e-01	-2.45290422439575e+00	-8.49318087100983e-01	-2.28120088577271e+00	-1.93779420852661e+00	-1.61891663074493e+00	-1.71703302860260e+00	-1.60665225982666e+00	-1.53919732570648e+00	-1.26937782764435e+00	4.00000000000000e+01	4.00000000000000e+01	8.00000000000000e+01	8.00000000000000e+01	8.00000000000000e+01	8.00000000000000e+01	8.00000000000000e+01	1.60000000000000e+02	1.60000000000000e+02	1.60000000000000e+02	1.60000000000000e+02	1.60000000000000e+02	4.00000000000000e+01	1.60000000000000e+02	4.00000000000000e+01	4.00000000000000e+01	4.00000000000000e+01	4.00000000000000e+01	4.00000000000000e+01	8.00000000000000e+01	8.00000000000000e+01	1.21421489715576e+01	1.12941999435425e+01	0.00000000000000e+00	1.51390061595758e-01	-1.12097716331482e+00	4.46330547332764e-04	-1.12097716331482e+00	0.00000000000000e+00	7.49466085414291e+00	1.99634913926977e+00	-1.08903315409985e+02	-8.16193414889589e+02	0.00000000000000e+00	-3.30690803527832e+01	1.00000000000000e+00	1.47971352695649e+00	2.06451606750488e+01	-4.86068763732910e-02	2.27628364562988e+01	1
72	65	71	32	-1.34936201572418e+00	-1.14082431793213e+00	-1.20829248428345e+00	-1.08562314510345e+00	-9.13886189460754e-01	-9.93621170520782e-01	-8.52551519870758e-01	-8.64818453788757e-01	-7.91216909885406e-01	-6.90014779567719e-01	-7.63616323471069e-01	-1.99950945377350e+00	-7.85083413124084e-01	-1.80323839187622e+00	-1.76643776893616e+00	-1.81550550460815e+00	-1.44749760627747e+00	-1.36162912845612e+00	-1.34936201572418e+00	-1.31256127357483e+00	4.00000000000000e+01	4.00000000000000e+01	8.00000000000000e+01	8.00000000000000e+01	8.00000000000000e+01	8.00000000000000e+01	8.00000000000000e+01	1.60000000000000e+02	1.60000000000000e+02	1.60000000000000e+02	1.60000000000000e+02	1.60000000000000e+02	4.00000000000000e+01	1.60000000000000e+02	4.00000000000000e+01	4.00000000000000e+01	4.00000000000000e+01	4.00000000000000e+01	4.00000000000000e+01	8.00000000000000e+01	8.00000000000000e+01	1.21648092269897e+01	1.12941999435425e+01	0.00000000000000e+00	1.25280991660743e-01	-1.03423833847046e+00	4.48972702026367e-04	-1.03423833847046e+00	0.00000000000000e+00	7.49214508173175e+00	1.70271618489116e+00	-1.08241181693438e+02	-8.10958637065323e+02	0.00000000000000e+00	-9.21394062042236e+00	1.00000000000000e+00	1.75513856367367e+00	2.06451606750488e+01	-4.85973358154297e-02	2.31211395263672e+01	1
72	65	71	33	-5.72822141647339e+00	-1.43205535411835e+00	-1.82906091213226e+00	-1.63055813312531e+00	-1.19101643562317e+00	-9.49977338314056e-01	-1.04922878742218e+00	-9.35798525810242e-01	-7.16027677059174e-01	-7.58563995361328e-01	-9.78334903717041e-01	-4.90585327148438e+00	-4.74988669157028e-01	-4.16855716705322e+00	-3.40290379524231e+00	-2.97754096984863e+00	-2.26860260963440e+00	-2.35367512702942e+00	-1.68727326393127e+00	-1.57384312152863e+00	4.00000000000000e+01	4.00000000000000e+01	8.00000000000000e+01	8.00000000000000e+01	8.00000000000000e+01	8.00000000000000e+01	8.00000000000000e+01	1.60000000000000e+02	1.60000000000000e+02	1.60000000000000e+02	1.60000000000000e+02	1.60000000000000e+02	4.00000000000000e+01	1.60000000000000e+02	4.00000000000000e+01	4.00000000000000e+01	4.00000000000000e+01	4.00000000000000e+01	4.00000000000000e+01	8.00000000000000e+01	8.00000000000000e+01	1.21648092269897e+01	1.12643995285034e+01	0.00000000000000e+00	2.70836718608702e-01	-1.46765983104706e+00	9.71876621246338e-04	-1.46765983104706e+00	0.00000000000000e+00	7.48941285898770e+00	3.67140774955270e+00	-2.16306074116378e+01	-1.62000549296435e+02	0.00000000000000e+00	-6.78550415039062e+01	1.00000000000000e+00	8.46025439908341e-01	2.06451606750488e+01	-2.10222816467285e-02	5.01229743957520e+01	1
72	65	71	34	-2.87378191947937e+00	-1.17996346950531e+00	-7.70782589912415e-01	-1.28463768959045e+00	-7.51750886440277e-01	-3.80633383989334e-01	-5.47160506248474e-01	-3.61601710319519e-01	-3.28296303749084e-01	-4.47244226932526e-01	-4.37728375196457e-01	-2.91184544563293e+00	-2.33137950301170e-01	-2.58830690383911e+00	-1.80800855159760e+00	-1.17996346950531e+00	-1.12286853790283e+00	-1.33221685886383e+00	-8.65940988063812e-01	-1.06577348709106e+00	4.00000000000000e+01	4.00000000000000e+01	8.00000000000000e+01	8.00000000000000e+01	8.00000000000000e+01	8.00000000000000e+01	8.00000000000000e+01	1.60000000000000e+02	1.60000000000000e+02	1.60000000000000e+02	1.60000000000000e+02	1.60000000000000e+02	4.00000000000000e+01	1.60000000000000e+02	4.00000000000000e+01	4.00000000000000e+01	4.00000000000000e+01	4.00000000000000e+01	4.00000000000000e+01	8.00000000000000e+01	8.00000000000000e+01	1.21421489715576e+01	1.12643995285034e+01	0.00000000000000e+00	3.15003622464128e-01	-7.96369612216949e-01	9.68397378921509e-04	-7.96369612216949e-01	0.00000000000000e+00	7.48643859594493e+00	2.07930281739606e+00	-3.23457935526853e+01	-2.42154797269290e+02	0.00000000000000e+00	-6.66246109008789e+01	1.00000000000000e+00	7.82815758446921e-01	2.06451606750488e+01	-3.13235816955566e-02	4.99170684814453e+01	1
72	65	71	35	-2.33238458633423e+00	-8.63114058971405e-01	-7.04986274242401e-01	-7.77461528778076e-01	-6.58865690231323e-01	-6.65454328060150e-01	-7.74167180061340e-01	-6.62160038948059e-01	-4.67794626951218e-01	-5.66624522209167e-01	-4.74383324384689e-01	-2.74088144302368e+00	-4.24968391656876e-01	-2.26649808883667e+00	-1.92388784885406e+00	-1.58127760887146e+00	-1.25184488296509e+00	-1.30455410480499e+00	-1.29137682914734e+00	-8.96057307720184e-01	4.00000000000000e+01	4.00000000000000e+01	8.00000000000000e+01	8.00000000000000e+01	8.00000000000000e+01	8.00000000000000e+01	8.00000000000000e+01	1.60000000000000e+02	1.60000000000000e+02	1.60000000000000e+02	1.60000000000000e+02	1.60000000000000e+02	4.00000000000000e+01	1.60000000000000e+02	4.00000000000000e+01	4.00000000000000e+01	4.00000000000000e+01	4.00000000000000e+01	4.00000000000000e+01	8.00000000000000e+01	8.00000000000000e+01	1.21648092269897e+01	1.12643995285034e+01	0.00000000000000e+00	2.39450727222764e-01	-8.57696771621704e-01	9.65997457504272e-04	-8.57696771621704e-01	0.00000000000000e+00	7.48319280146925e+00	1.87798036494146e+00	-4.68322928202499e+01	-3.50455076508794e+02	0.00000000000000e+00	-3.23632507324219e+01	1.00000000000000e+00	1.02025291569685e+00	2.06451606750488e+01	-4.52398757934570e-02	4.99969253540039e+01	1
72	65	71	36	-2.27450609207153e+00	-1.20450997352600e+00	-1.10056746006012e+00	-9.17139530181885e-01	-8.43768358230591e-01	-1.06388187408447e+00	-8.68225395679474e-01	-8.52939784526825e-01	-7.42883026599884e-01	-7.52054393291473e-01	-8.00968527793884e-01	-2.38456273078918e+00	-5.22769570350647e-01	-2.34787702560425e+00	-2.28673458099365e+00	-1.76090800762177e+00	-1.50410878658295e+00	-1.41850912570953e+00	-1.32679522037506e+00	-1.34513795375824e+00	4.00000000000000e+01	4.00000000000000e+01	8.00000000000000e+01	8.00000000000000e+01	8.00000000000000e+01	8.00000000000000e+01	8.00000000000000e+01	1.60000000000000e+02	1.60000000000000e+02	1.60000000000000e+02	1.60000000000000e+02	1.60000000000000e+02	4.00000000000000e+01	1.60000000000000e+02	4.00000000000000e+01	4.00000000000000e+01	4.00000000000000e+01	4.00000000000000e+01	4.00000000000000e+01	8.00000000000000e+01	8.00000000000000e+01	1.21421489715576e+01	1.12643995285034e+01	0.00000000000000e+00	1.70305316273111e-01	-1.06089258193970e+00	7.91834354400635e-04	-1.06089258193970e+00	0.00000000000000e+00	7.47964134628904e+00	2.03206088778811e+00	-6.15658392734661e+01	-4.60490396948803e+02	0.00000000000000e+00	-5.41867446899414e+01	1.00000000000000e+00	1.28849160627896e+00	2.06451606750488e+01	-4.87499465942383e-02	4.10039443969727e+01	1
72	65	71	37	-1.07400894165039e+00	-1.09231603145599e+00	-9.76371824741364e-01	-1.03739511966705e+00	-7.38381147384644e-01	-9.03143942356110e-01	-7.44483530521393e-01	-5.88874280452728e-01	-5.06492853164673e-01	-6.65153264999390e-01	-5.61413764953613e-01	-1.94053912162781e+00	-5.70567309856415e-01	-1.54999029636383e+00	-1.40353453159332e+00	-1.15944159030914e+00	-1.18385088443756e+00	-1.29369270801544e+00	-1.04349744319916e+00	-1.07400894165039e+00	4.00000000000000e+01	4.00000000000000e+01	8.00000000000000e+01	8.00000000000000e+01	8.00000000000000e+01	8.00000000000000e+01	8.00000000000000e+01	1.60000000000000e+02	1.60000000000000e+02	1.60000000000000e+02	1.60000000000000e+02	1.60000000000000e+02	4.00000000000000e+01	1.60000000000000e+02	4.00000000000000e+01	4.00000000000000e+01	4.00000000000000e+01	4.00000000000000e+01	4.00000000000000e+01	8.00000000000000e+01	8.00000000000000e+01	1.21421489715576e+01	1.12941999435425e+01	0.00000000000000e+00	1.50976581195646e-01	-8.41849505901337e-01	6.82535409927368e-04	-8.41849505901337e-01	0.00000000000000e+00	7.47574455811735e+00	1.45398618714327e+00	-7.15645350764524e+01	-5.34998183651988e+02	0.00000000000000e+00	-3.74185180664062e+01	1.00000000000000e+00	1.57653445628342e+00	2.11339206695557e+01	-4.88453292846680e-02	3.57474517822266e+01	1
72	65	71	38	-1.10121381282806e+00	-9.91092383861542e-01	-1.07674241065979e+00	-1.05227100849152e+00	-8.01438927650452e-01	-7.46378242969513e-01	-8.90147864818573e-01	-6.57669305801392e-01	-5.01664042472839e-01	-6.69905066490173e-01	-5.99549770355225e-01	-1.83535635471344e+00	-4.92487281560898e-01	-1.62734937667847e+00	-1.57840657234192e+00	-1.57840657234192e+00	-1.32145655155182e+00	-1.28474938869476e+00	-1.18686378002167e+00	-9.36031758785248e-01	4.00000000000000e+01	4.00000000000000e+01	8.00000000000000e+01	8.00000000000000e+01	8.00000000000000e+01	8.00000000000000e+01	8.00000000000000e+01	1.60000000000000e+02	1.60000000000000e+02	1.60000000000000e+02	1.60000000000000e+02	1.60000000000000e+02	4.00000000000000e+01	1.60000000000000e+02	4.00000000000000e+01	4.00000000000000e+01	4.00000000000000e+01	4.00000000000000e+01	4.00000000000000e+01	8.00000000000000e+01	8.00000000000000e+01	1.21648092269897e+01	1.12643995285034e+01	0.00000000000000e+00	1.49479840755218e-01	-8.70094835758209e-01	6.15522146224976e-04	-8.70094835758209e-01	0.00000000000000e+00	7.47145610361510e+00	1.55739597722251e+00	-7.91544753488707e+01	-5.91399187973771e+02	0.00000000000000e+00	-3.70465278625488e+01	1.00000000000000e+00	1.45453673384217e+00	2.06451606750488e+01	-4.87213325500488e-02	3.24037742614746e+01	1
72	65	71	39	-9.88383412361145e-01	-9.21270906925201e-01	-9.63978886604309e-01	-9.09068703651428e-01	-1.14091169834137e+00	-8.54158580303192e-01	-6.10113263130188e-01	-7.32135832309723e-01	-8.05349409580231e-01	-7.01630234718323e-01	-6.04012072086334e-01	-1.72051930427551e+00	-4.94191706180573e-01	-1.69611477851868e+00	-1.56188976764679e+00	-1.31784462928772e+00	-1.28123772144318e+00	-1.24463105201721e+00	-1.20802414417267e+00	-1.08600151538849e+00	4.00000000000000e+01	4.00000000000000e+01	8.00000000000000e+01	8.00000000000000e+01	8.00000000000000e+01	8.00000000000000e+01	8.00000000000000e+01	1.60000000000000e+02	1.60000000000000e+02	1.60000000000000e+02	1.60000000000000e+02	1.60000000000000e+02	4.00000000000000e+01	1.60000000000000e+02	4.00000000000000e+01	4.00000000000000e+01	4.00000000000000e+01	4.00000000000000e+01	4.00000000000000e+01	8.00000000000000e+01	8.00000000000000e+01	1.21421489715576e+01	1.12941999435425e+01	0.00000000000000e+00	1.54366484786958e-01	-8.83715212345123e-01	5.94384908676147e-04	-8.83715212345123e-01	0.00000000000000e+00	7.46672159772865e+00	1.47494528095515e+00	-8.21939943787302e+01	-6.13719673031252e+02	0.00000000000000e+00	1.34489190578461e+00	1.00000000000000e+00	1.68637674170510e+00	2.06451606750488e+01	-4.88548698425293e-02	3.12636795043945e+01	1
72	65	71	40	-1.60881435871124e+00	-1.21270477771759e+00	-1.09082484245300e+00	-9.99414980411530e-01	-8.83629143238068e-01	-1.00550901889801e+00	-9.44569051265717e-01	-9.17146086692810e-01	-7.19091296195984e-01	-6.21587395668030e-01	-7.95266151428223e-01	-2.35228157043457e+00	-5.11895477771759e-01	-2.13289785385132e+00	-1.80382227897644e+00	-1.74288213253021e+00	-1.70631837844849e+00	-1.19442284107208e+00	-1.15785884857178e+00	-1.17614078521729e+00	4.00000000000000e+01	4.00000000000000e+01	8.00000000000000e+01	8.00000000000000e+01	8.00000000000000e+01	8.00000000000000e+01	8.00000000000000e+01	1.60000000000000e+02	1.60000000000000e+02	1.60000000000000e+02	1.60000000000000e+02	1.60000000000000e+02	4.00000000000000e+01	1.60000000000000e+02	4.00000000000000e+01	4.00000000000000e+01	4.00000000000000e+01	4.00000000000000e+01	4.00000000000000e+01	8.00000000000000e+01	8.00000000000000e+01	1.21421489715576e+01	1.12643995285034e+01	0.00000000000000e+00	1.55340952312056e-01	-1.01404058933258e+00	5.79903602600098e-04	-1.01404058933258e+00	0.00000000000000e+00	7.46147686156903e+00	1.84491552764821e+00	-8.43452217085778e+01	-6.29339920162463e+02	0.00000000000000e+00	-1.75217494964600e+01	1.00000000000000e+00	1.40722252834429e+00	2.06451606750488e+01	-4.89120979309082e-02	3.07873382568359e+01	1
72	65	71	41	6.18381881713867e+00	6.72154188156128e-01	5.17041683197021e-01	5.89427530765533e-01	2.48180001974106e-01	2.06816673278809e-01	2.68861681222916e-01	2.06816673278809e-01	1.70623749494553e-01	-1.86135008931160e-01	-1.34430840611458e-01	2.93679666519165e+00	7.23858326673508e-02	2.41975498199463e+00	2.04748511314392e+00	1.79930508136749e+00	1.15817332267761e+00	8.47948372364044e-01	1.09612834453583e+00	1.01340174674988e+00	4.00000000000000e+01	4.00000000000000e+01	8.00000000000000e+01	8.00000000000000e+01	8.00000000000000e+01	8.00000000000000e+01	8.00000000000000e+01	1.60000000000000e+02	1.60000000000000e+02	1.60000000000000e+02	1.60000000000000e+02	1.60000000000000e+02	4.00000000000000e+01	1.60000000000000e+02	4.00000000000000e+01	4.00000000000000e+01	4.00000000000000e+01	4.00000000000000e+01	4.00000000000000e+01	8.00000000000000e+01	8.00000000000000e+01	1.21421489715576e+01	1.12643995285034e+01	0.00000000000000e+00	4.01337063894625e-01	6.14934980869293e-01	9.43084716796875e-04	6.14934980869293e-01	0.00000000000000e+00	7.45564572335185e+00	2.55715121816426e+00	3.05641301006375e+01	2.27875325872787e+02	0.00000000000000e+00	-9.20249404907227e+01	1.00000000000000e+00	4.67649430237545e-01	2.11339206695557e+01	2.88245639801025e-02	5.00889167785645e+01	1
72	65	71	42	8.43253993988037e+00	9.15750920772552e-01	1.96504878997803e+00	1.62164235115051e+00	8.58516454696655e-01	4.96031761169434e-01	4.86492693424225e-01	3.43406617641449e-01	4.76953625679016e-01	3.81562888622284e-01	3.05250287055969e-01	4.92216157913208e+00	-9.53907221555710e-02	3.39590978622437e+00	3.09065937995911e+00	2.67094039916992e+00	2.06043958663940e+00	1.75518918037415e+00	1.81242370605469e+00	2.09859585762024e+00	4.00000000000000e+01	4.00000000000000e+01	8.00000000000000e+01	8.00000000000000e+01	8.00000000000000e+01	8.00000000000000e+01	8.00000000000000e+01	1.60000000000000e+02	1.60000000000000e+02	1.60000000000000e+02	1.60000000000000e+02	1.60000000000000e+02	4.00000000000000e+01	1.60000000000000e+02	4.00000000000000e+01	4.00000000000000e+01	4.00000000000000e+01	4.00000000000000e+01	4.00000000000000e+01	8.00000000000000e+01	8.00000000000000e+01	1.21648092269897e+01	1.12643995285034e+01	0.00000000000000e+00	3.59210212071257e-01	1.18793272972107e+00	9.38274621963501e-04	1.18793272972107e+00	0.00000000000000e+00	7.44913721985209e+00	4.48872757812285e+00	1.66514555412157e+01	1.24038977236782e+02	0.00000000000000e+00	-8.62256927490234e+01	1.00000000000000e+00	5.01476345686017e-01	2.06451606750488e+01	1.56236381530762e-02	5.00666923522949e+01	1
72	65	71	44	-6.41176462173462e+00	-1.88235294818878e+00	-1.38235294818878e+00	-1.66176474094391e+00	-1.36764717102051e+00	-1.19117653369904e+00	-1.49264705181122e+00	-1.06617653369904e+00	-5.66176474094391e-01	-7.94117689132690e-01	-1.26470589637756e+00	-4.55882406234741e+00	-1.02205884456635e+00	-4.08823537826538e+00	-3.26470613479614e+00	-3.44117641448975e+00	-3.05882358551025e+00	-2.61764717102051e+00	-1.67647075653076e+00	-1.63235306739807e+00	4.00000000000000e+01	4.00000000000000e+01	8.00000000000000e+01	8.00000000000000e+01	8.00000000000000e+01	8.00000000000000e+01	8.00000000000000e+01	1.60000000000000e+02	1.60000000000000e+02	1.60000000000000e+02	1.60000000000000e+02	1.60000000000000e+02	4.00000000000000e+01	1.60000000000000e+02	4.00000000000000e+01	4.00000000000000e+01	4.00000000000000e+01	4.00000000000000e+01	4.00000000000000e+01	8.00000000000000e+01	8.00000000000000e+01	1.21648092269897e+01	1.12643995285034e+01	0.00000000000000e+00	3.23412799121946e-01	-1.64117634296417e+00	9.31860685348511e-04	-1.64117634296417e+00	0.00000000000000e+00	7.43362768736740e+00	3.65455167777790e+00	-2.17508485976870e+01	-1.61687710359503e+02	0.00000000000000e+00	-4.03276824951172e+01	1.00000000000000e+00	9.90205698733791e-01	2.06451606750488e+01	-2.02687606811523e-02	5.01217384338379e+01	1
72	65	71	45	-1.45798194408417e+00	-1.07152891159058e+00	-8.25604200363159e-01	-7.02641904354095e-01	-9.31000530719757e-01	-7.20207989215851e-01	-5.53330540657043e-01	-4.52325731515884e-01	-3.64495486021042e-01	-4.65500265359879e-01	-8.16821217536926e-01	-1.87956702709198e+00	-5.48939049243927e-01	-1.56337833404541e+00	-1.58094429969788e+00	-1.37015175819397e+00	-1.45798194408417e+00	-1.24718940258026e+00	-9.74915683269501e-01	-9.04651463031769e-01	4.00000000000000e+01	4.00000000000000e+01	8.00000000000000e+01	8.00000000000000e+01	8.00000000000000e+01	8.00000000000000e+01	8.00000000000000e+01	1.60000000000000e+02	1.60000000000000e+02	1.60000000000000e+02	1.60000000000000e+02	1.60000000000000e+02	4.00000000000000e+01	1.60000000000000e+02	4.00000000000000e+01	4.00000000000000e+01	4.00000000000000e+01	4.00000000000000e+01	4.00000000000000e+01	8.00000000000000e+01	8.00000000000000e+01	1.21648092269897e+01	1.12643995285034e+01	0.00000000000000e+00	2.46297939396674e-01	-7.91643202304840e-01	9.26404953002930e-04	-7.91643202304840e-01	0.00000000000000e+00	7.42433274808966e+00	1.51372927590255e+00	-3.66330741214281e+01	-2.71976131862915e+02	0.00000000000000e+00	-3.05319099426270e+01	1.00000000000000e+00	1.30645833296111e+00	2.11339206695557e+01	-3.39370613098145e-02	5.01239738464355e+01	1
72	65	71	46	-2.25405454635620e+00	-1.15370249748230e+00	-9.73644852638245e-01	-8.53606402873993e-01	-1.13369607925415e+00	-7.66912043094635e-01	-8.66944074630737e-01	-8.30265641212463e-01	-7.03558444976807e-01	-6.06860876083374e-01	-5.86854457855225e-01	-3.04097318649292e+00	-4.96825635433197e-01	-2.32074260711670e+00	-2.36075520515442e+00	-2.12067866325378e+00	-1.84058892726898e+00	-1.64052486419678e+00	-1.53382408618927e+00	-1.39377927780151e+00	4.00000000000000e+01	4.00000000000000e+01	8.00000000000000e+01	8.00000000000000e+01	8.00000000000000e+01	8.00000000000000e+01	8.00000000000000e+01	1.60000000000000e+02	1.60000000000000e+02	1.60000000000000e+02	1.60000000000000e+02	1.60000000000000e+02	4.00000000000000e+01	1.60000000000000e+02	4.00000000000000e+01	4.00000000000000e+01	4.00000000000000e+01	4.00000000000000e+01	4.00000000000000e+01	8.00000000000000e+01	8.00000000000000e+01	1.21421489715576e+01	1.12643995285034e+01	0.00000000000000e+00	1.75082567017791e-01	-1.05693101882935e+00	9.25658464431763e-04	-1.05693101882935e+00	0.00000000000000e+00	7.41375845958610e+00	2.31456052178698e+00	-4.82858410820058e+01	-3.57979562799951e+02	0.00000000000000e+00	-3.90972480773926e+01	1.00000000000000e+00	1.03697480829941e+00	2.11339206695557e+01	-4.46961975097656e-02	5.00214920043945e+01	1
72	65	71	47	-1.19956910610199e+00	-7.46670603752136e-01	-7.95632541179657e-01	-9.24157798290253e-01	-7.89512336254120e-01	-7.77271807193756e-01	-7.25249648094177e-01	-6.12025082111359e-01	-5.50822556018829e-01	-5.04920661449432e-01	-5.53882658481598e-01	-1.93399906158447e+00	-6.67107284069061e-01	-1.62798666954041e+00	-1.45661962032318e+00	-1.55454361438751e+00	-1.26077163219452e+00	-1.28525257110596e+00	-1.19344878196716e+00	-9.60879325866699e-01	4.00000000000000e+01	4.00000000000000e+01	8.00000000000000e+01	8.00000000000000e+01	8.00000000000000e+01	8.00000000000000e+01	8.00000000000000e+01	1.60000000000000e+02	1.60000000000000e+02	1.60000000000000e+02	1.60000000000000e+02	1.60000000000000e+02	4.00000000000000e+01	1.60000000000000e+02	4.00000000000000e+01	4.00000000000000e+01	4.00000000000000e+01	4.00000000000000e+01	4.00000000000000e+01	8.00000000000000e+01	8.00000000000000e+01	1.21421489715576e+01	1.12643995285034e+01	0.00000000000000e+00	1.78313210893052e-01	-8.25553894042969e-01	8.63496541976929e-04	-8.25553894042969e-01	0.00000000000000e+00	7.40165808437386e+00	1.47743611794583e+00	-5.64012207301022e+01	-4.17462551385515e+02	0.00000000000000e+00	-4.26359367370605e+00	1.00000000000000e+00	1.47826716233984e+00	2.11339206695557e+01	-4.87022590637207e-02	4.71470336914062e+01	1
72	65	71	48	-9.27915573120117e-01	-8.97392034530640e-01	-8.30240190029144e-01	-8.30240190029144e-01	-6.22680187225342e-01	-6.83727264404297e-01	-5.76894879341125e-01	-6.62360846996307e-01	-6.16575479507446e-01	-5.79947233200073e-01	-4.88376617431641e-01	-1.81920289993286e+00	-6.19627833366394e-01	-1.91687822341919e+00	-1.24536037445068e+00	-1.46512985229492e+00	-1.26977920532227e+00	-1.40408277511597e+00	-1.12326622009277e+00	-1.12326622009277e+00	4.00000000000000e+01	4.00000000000000e+01	8.00000000000000e+01	8.00000000000000e+01	8.00000000000000e+01	8.00000000000000e+01	8.00000000000000e+01	1.60000000000000e+02	1.60000000000000e+02	1.60000000000000e+02	1.60000000000000e+02	1.60000000000000e+02	4.00000000000000e+01	1.60000000000000e+02	4.00000000000000e+01	4.00000000000000e+01	4.00000000000000e+01	4.00000000000000e+01	4.00000000000000e+01	8.00000000000000e+01	8.00000000000000e+01	1.21421489715576e+01	1.12643995285034e+01	0.00000000000000e+00	2.04373361864758e-01	-8.09891283512115e-01	8.09714555740356e-04	-8.09891283512115e-01	0.00000000000000e+00	7.38772220555986e+00	1.43294485266098e+00	-6.03005780891464e+01	-4.45483919757283e+02	0.00000000000000e+00	-4.26359367370605e+00	1.00000000000000e+00	1.49245602654140e+00	2.06451606750488e+01	-4.88262557983398e-02	4.43475456237793e+01	1
72	65	71	49	1.55038750171661e+00	-4.84496116638184e-01	-3.99709284305573e-01	-3.63372087478638e-01	-2.84641444683075e-01	-4.96608525514603e-01	-2.78585255146027e-01	-4.72383707761765e-01	-5.45058131217957e-01	-4.20905977487564e-01	-3.78512620925903e-01	-1.09011627733707e-01	-3.96681189537048e-01	-1.69573634862900e-01	-2.42248058319092e-01	-1.09011627733707e-01	-3.99709284305573e-01	-5.45058131217957e-01	-3.87596875429153e-01	-3.87596875429153e-01	4.00000000000000e+01	4.00000000000000e+01	8.00000000000000e+01	8.00000000000000e+01	8.00000000000000e+01	8.00000000000000e+01	8.00000000000000e+01	1.60000000000000e+02	1.60000000000000e+02	1.60000000000000e+02	1.60000000000000e+02	1.60000000000000e+02	4.00000000000000e+01	1.60000000000000e+02	4.00000000000000e+01	4.00000000000000e+01	4.00000000000000e+01	4.00000000000000e+01	4.00000000000000e+01	8.00000000000000e+01	8.00000000000000e+01	1.21874704360962e+01	1.12643995285034e+01	0.00000000000000e+00	5.57219144590798e-01	-3.46683889627457e-01	5.42045116424561e-04	-3.46683889627457e-01	0.00000000000000e+00	7.37155853254651e+00	3.03740467894340e-01	9.07993113707399e+01	6.69332438484325e+02	0.00000000000000e+00	-7.19564819335938e+01	1.00000000000000e+00	-4.22239578675775e+00	2.06451606750488e+01	4.92173233032227e-02	2.91782798767090e+01	1
72	65	71	50	7.42309212684631e-01	-6.87548696994781e-01	-7.78816163539886e-01	-4.07661616802216e-01	-7.60562777519226e-01	-8.33576738834381e-01	-4.77633386850357e-01	-5.65858662128448e-01	-5.96281170845032e-01	-6.69295132160187e-01	-5.96281170845032e-01	-7.05802202224731e-01	-5.71943163871765e-01	-8.27492177486420e-01	-7.54478216171265e-01	-7.17971205711365e-01	-5.59774160385132e-01	-5.84112167358398e-01	-5.78027665615082e-01	-9.43097770214081e-01	4.00000000000000e+01	4.00000000000000e+01	8.00000000000000e+01	8.00000000000000e+01	8.00000000000000e+01	8.00000000000000e+01	8.00000000000000e+01	1.60000000000000e+02	1.60000000000000e+02	1.60000000000000e+02	1.60000000000000e+02	1.60000000000000e+02	4.00000000000000e+01	1.60000000000000e+02	4.00000000000000e+01	4.00000000000000e+01	4.00000000000000e+01	4.00000000000000e+01	4.00000000000000e+01	8.00000000000000e+01	8.00000000000000e+01	1.21421489715576e+01	1.12643995285034e+01	0.00000000000000e+00	1.86231302869833e-01	-6.06557190418243e-01	7.04712152481079e-04	-6.06557190418243e-01	0.00000000000000e+00	7.35266365733781e+00	7.17287842186705e-01	6.95154796860521e+01	5.11123941110040e+02	0.00000000000000e+00	-6.27807006835938e+01	1.00000000000000e+00	7.54550192298362e+00	2.06451606750488e+01	4.89884033203125e-02	3.85959892272949e+01	1
72	65	71	51	2.51913261413574e+00	3.42793375253677e-01	-4.78316321969032e-02	-3.98596934974194e-02	0.00000000000000e+00	-1.43494904041290e-01	-6.77614733576775e-02	-2.27200269699097e-01	-1.43494904041290e-01	-4.38456594944000e-01	-2.55102038383484e-01	7.33418345451355e-01	-1.43494904041290e-01	4.30484682321548e-01	3.34821432828903e-01	7.97193869948387e-02	9.56632643938065e-02	-9.56632643938065e-02	1.19579076766968e-01	-6.37755095958710e-02	4.00000000000000e+01	4.00000000000000e+01	8.00000000000000e+01	8.00000000000000e+01	8.00000000000000e+01	8.00000000000000e+01	8.00000000000000e+01	1.60000000000000e+02	1.60000000000000e+02	1.60000000000000e+02	1.60000000000000e+02	1.60000000000000e+02	4.00000000000000e+01	1.60000000000000e+02	4.00000000000000e+01	4.00000000000000e+01	4.00000000000000e+01	4.00000000000000e+01	4.00000000000000e+01	8.00000000000000e+01	8.00000000000000e+01	1.21648092269897e+01	1.12643995285034e+01	0.00000000000000e+00	1.89092263024988e+00	-1.48809384554625e-02	9.12759780883789e-04	-1.48809384554625e-02	0.00000000000000e+00	7.33038285837618e+00	1.60834721643657e-01	4.09635753078577e+01	3.00278690254522e+02	0.00000000000000e+00	-3.93070907592773e+01	1.00000000000000e+00	2.43609549792051e+00	2.11339206695557e+01	3.73899040222168e-02	5.00833206176758e+01	1
72	65	71	52	4.55729198455811e+00	-4.65029776096344e-02	-4.88281279802322e-01	-7.67299115657806e-01	-6.97544664144516e-02	0.00000000000000e+00	-1.04631707072258e-01	2.67392128705978e-01	-6.39415919780731e-01	-3.02269369363785e-01	-3.48772332072258e-02	1.02306544780731e+00	-7.32421934604645e-01	5.58035731315613e-01	9.76562559604645e-01	4.65029776096344e-01	4.18526828289032e-01	-4.65029776096344e-01	-4.65029776096344e-01	6.74293160438538e-01	4.00000000000000e+01	4.00000000000000e+01	8.00000000000000e+01	8.00000000000000e+01	8.00000000000000e+01	8.00000000000000e+01	8.00000000000000e+01	1.60000000000000e+02	1.60000000000000e+02	1.60000000000000e+02	1.60000000000000e+02	1.60000000000000e+02	4.00000000000000e+01	1.60000000000000e+02	4.00000000000000e+01	4.00000000000000e+01	4.00000000000000e+01	4.00000000000000e+01	4.00000000000000e+01	8.00000000000000e+01	8.00000000000000e+01	1.21648092269897e+01	1.12643995285034e+01	0.00000000000000e+00	2.02555191308739e+00	-2.17013880610466e-02	9.10299539566040e-04	-2.17013880610466e-02	0.00000000000000e+00	7.30385177287642e+00	5.67861272539801e-01	1.40826118306277e+01	1.02857309385860e+02	0.00000000000000e+00	-2.49615764617920e+01	1.00000000000000e+00	8.45319322511604e-01	2.06451606750488e+01	1.28193950653076e-02	5.00587120056152e+01	1
72	65	71	54	-2.44513344764709e+00	-7.45467543601990e-01	-1.11820125579834e+00	-1.46111643314362e+00	-1.34184157848358e+00	-7.00739443302155e-01	-9.84017133712769e-01	-8.27468991279602e-01	-3.87643128633499e-01	-1.93821564316750e-01	-9.84017133712769e-01	-1.81894087791443e+00	-5.59100627899170e-01	-1.22256672382355e+00	-1.13311064243317e+00	-1.81894087791443e+00	-1.40147888660431e+00	-1.22256672382355e+00	-1.43129765987396e+00	-1.62511920928955e+00	4.00000000000000e+01	4.00000000000000e+01	8.00000000000000e+01	8.00000000000000e+01	8.00000000000000e+01	8.00000000000000e+01	8.00000000000000e+01	1.60000000000000e+02	1.60000000000000e+02	1.60000000000000e+02	1.60000000000000e+02	1.60000000000000e+02	4.00000000000000e+01	1.60000000000000e+02	4.00000000000000e+01	4.00000000000000e+01	4.00000000000000e+01	4.00000000000000e+01	4.00000000000000e+01	8.00000000000000e+01	8.00000000000000e+01	1.21421489715576e+01	1.12643995285034e+01	0.00000000000000e+00	3.80941427228523e-01	-9.70101773738861e-01	9.05256986618042e-04	-9.70101773738861e-01	0.00000000000000e+00	7.23296913268348e+00	1.80575393903182e+00	-2.20845057958773e+01	-1.59736548732150e+02	0.00000000000000e+00	-3.90686340332031e+01	1.00000000000000e+00	1.20809794737893e+00	2.06451606750488e+01	-1.99921531677246e-02	5.00887222290039e+01	1
72	65	71	55	-1.97991514205933e+00	-1.10222077369690e+00	-1.17366099357605e+00	-9.28723096847534e-01	-8.67488622665405e-01	-8.87900114059448e-01	-8.57282817363739e-01	-8.41974198818207e-01	-8.93002927303314e-01	-8.77694308757782e-01	-5.86830496788025e-01	-2.34732198715210e+00	-4.89875882863998e-01	-1.51045072078705e+00	-1.97991514205933e+00	-1.24510133266449e+00	-1.30633568763733e+00	-5.91933369636536e-01	-1.10222077369690e+00	-1.30633568763733e+00	4.00000000000000e+01	4.00000000000000e+01	8.00000000000000e+01	8.00000000000000e+01	8.00000000000000e+01	8.00000000000000e+01	8.00000000000000e+01	1.60000000000000e+02	1.60000000000000e+02	1.60000000000000e+02	1.60000000000000e+02	1.60000000000000e+02	4.00000000000000e+01	1.60000000000000e+02	4.00000000000000e+01	4.00000000000000e+01	4.00000000000000e+01	4.00000000000000e+01	4.00000000000000e+01	8.00000000000000e+01	8.00000000000000e+01	1.21874704360962e+01	1.12643995285034e+01	0.00000000000000e+00	2.49926709560098e-01	-9.75215852260590e-01	9.03734207153320e-04	-9.75215852260590e-01	0.00000000000000e+00	7.18480831090042e+00	1.59820180386468e+00	-3.23171266543834e+01	-2.32192360170836e+02	0.00000000000000e+00	1.97441589832306e+00	1.00000000000000e+00	1.63881501365119e+00	2.06451606750488e+01	-2.92060928344727e-02	5.00387725830078e+01	1
72	65	71	56	-2.39405059814453e+00	-1.46020102500916e+00	-8.99891376495361e-01	-8.91401767730713e-01	-8.74422729015350e-01	-9.50828611850739e-01	-7.89527297019958e-01	-6.62184178829193e-01	-5.30596315860748e-01	-4.75414305925369e-01	-6.96142375469208e-01	-2.73363208770752e+00	-5.68799257278442e-01	-2.24123883247375e+00	-1.91863620281219e+00	-1.90165722370148e+00	-1.88467812538147e+00	-1.76582455635071e+00	-1.34983706474304e+00	-1.39228475093842e+00	4.00000000000000e+01	4.00000000000000e+01	8.00000000000000e+01	8.00000000000000e+01	8.00000000000000e+01	8.00000000000000e+01	8.00000000000000e+01	1.60000000000000e+02	1.60000000000000e+02	1.60000000000000e+02	1.60000000000000e+02	1.60000000000000e+02	4.00000000000000e+01	1.60000000000000e+02	4.00000000000000e+01	4.00000000000000e+01	4.00000000000000e+01	4.00000000000000e+01	4.00000000000000e+01	8.00000000000000e+01	8.00000000000000e+01	1.21648092269897e+01	1.12643995285034e+01	0.00000000000000e+00	1.92335028835539e-01	-1.00818002223969e+00	9.08111095428467e-04	-1.00818002223969e+00	0.00000000000000e+00	7.12424160814063e+00	2.22054924270657e+00	-3.86629609540197e+01	-2.75444275122544e+02	0.00000000000000e+00	-1.64057750701904e+01	1.00000000000000e+00	1.03822269768201e+00	2.06451606750488e+01	-3.51102638244629e-02	5.00361938476562e+01	1
72	65	71	57	1.43157079815865e-01	-9.78240132331848e-01	-1.11543226242065e+00	-1.06771326065063e+00	-1.07367813587189e+00	-7.21750259399414e-01	-9.06661570072174e-01	-8.82802069187164e-01	-8.79819571971893e-01	-8.88766944408417e-01	-9.84204947948456e-01	-1.09753763675690e+00	-7.63504445552826e-01	-9.66310322284698e-01	-1.27648401260376e+00	-1.18104600906372e+00	-1.27648401260376e+00	-1.43157088756561e+00	-1.04981863498688e+00	-9.12626445293427e-01	4.00000000000000e+01	4.00000000000000e+01	8.00000000000000e+01	8.00000000000000e+01	8.00000000000000e+01	8.00000000000000e+01	8.00000000000000e+01	1.60000000000000e+02	1.60000000000000e+02	1.60000000000000e+02	1.60000000000000e+02	1.60000000000000e+02	4.00000000000000e+01	1.60000000000000e+02	4.00000000000000e+01	4.00000000000000e+01	4.00000000000000e+01	4.00000000000000e+01	4.00000000000000e+01	8.00000000000000e+01	8.00000000000000e+01	1.21648092269897e+01	1.12643995285034e+01	0.00000000000000e+00	4.56550690851786e-01	-9.36618447303772e-01	3.10781955718994e-04	-9.36618447303772e-01	0.00000000000000e+00	7.04656296132290e+00	8.99620473604490e-01	1.60790687326718e+02	1.13302170184211e+03	0.00000000000000e+00	-7.45413513183594e+01	1.00000000000000e+00	-3.92236032167923e+01	2.06451606750488e+01	4.99708442687988e-02	1.67852458953857e+01	1
72	65	71	58	1.59852731227875e+00	-5.93392789363861e-01	-7.81098663806915e-01	-7.44768440723419e-01	-6.59998059272766e-01	-8.05318772792816e-01	-6.72108113765717e-01	-5.38897514343262e-01	-5.96420288085938e-01	-6.17612898349762e-01	-6.72108113765717e-01	-2.78531283140182e-01	-6.17612898349762e-01	-5.69172620773315e-01	-6.05502836406231e-02	-2.54311174154282e-01	-5.81282675266266e-01	-7.02383279800415e-01	-7.99263656139374e-01	-7.75043606758118e-01	4.00000000000000e+01	4.00000000000000e+01	8.00000000000000e+01	8.00000000000000e+01	8.00000000000000e+01	8.00000000000000e+01	8.00000000000000e+01	1.60000000000000e+02	1.60000000000000e+02	1.60000000000000e+02	1.60000000000000e+02	1.60000000000000e+02	4.00000000000000e+01	1.60000000000000e+02	4.00000000000000e+01	4.00000000000000e+01	4.00000000000000e+01	4.00000000000000e+01	4.00000000000000e+01	8.00000000000000e+01	8.00000000000000e+01	1.21421489715576e+01	1.12643995285034e+01	0.00000000000000e+00	6.13098913390225e-01	-5.78322470188141e-01	4.00223731994629e-04	-5.78322470188141e-01	0.00000000000000e+00	6.94457323425112e+00	4.70080286559918e-01	1.22998353448584e+02	8.54171073215995e+02	0.00000000000000e+00	-9.87875595092773e+01	1.00000000000000e+00	-3.79189547204845e+00	2.06451606750488e+01	4.92268600463867e-02	2.18745079040527e+01	1
72	65	71	59	1.14522409439087e+00	-7.49269008636475e-01	-6.70077919960022e-01	-6.03070139884949e-01	-4.02046769857407e-01	-5.29970765113831e-01	-5.75657904148102e-01	-6.42665684223175e-01	-6.82261228561401e-01	-4.59917128086090e-01	-3.80726128816605e-01	-5.96978545188904e-01	-4.38596516847610e-01	-6.82261228561401e-01	-6.94444477558136e-01	-6.94444477558136e-01	-8.04093539714813e-01	-8.89376223087311e-01	-6.03070139884949e-01	-8.34551692008972e-01	4.00000000000000e+01	4.00000000000000e+01	8.00000000000000e+01	8.00000000000000e+01	8.00000000000000e+01	8.00000000000000e+01	8.00000000000000e+01	1.60000000000000e+02	1.60000000000000e+02	1.60000000000000e+02	1.60000000000000e+02	1.60000000000000e+02	4.00000000000000e+01	1.60000000000000e+02	4.00000000000000e+01	4.00000000000000e+01	4.00000000000000e+01	4.00000000000000e+01	4.00000000000000e+01	8.00000000000000e+01	8.00000000000000e+01	1.21648092269897e+01	1.12643995285034e+01	0.00000000000000e+00	1.87912779437394e-01	-5.49328565597534e-01	6.20312690734863e-04	-5.49328565597534e-01	0.00000000000000e+00	6.80678408277788e+00	8.10491955117305e-01	7.88814673031540e+01	5.36929116065273e+02	0.00000000000000e+00	-3.92689361572266e+01	1.00000000000000e+00	2.72818194325269e+00	2.06451606750488e+01	4.89311752319336e-02	3.41318702697754e+01	1
72	65	71	60	5.18520689010620e+00	3.79761636257172e-01	2.19093233346939e-01	3.28639864921570e-01	1.75274595618248e-01	2.55608797073364e-01	2.41002559661865e-01	1.71623036265373e-01	2.55608782172203e-02	-1.02243512868881e-01	-3.28639857470989e-02	2.71675634384155e+00	-2.22744807600975e-01	2.07408261299133e+00	1.82577717304230e+00	1.40219676494598e+00	1.34377181529999e+00	6.42673492431641e-01	8.83676052093506e-01	8.76372933387756e-01	4.00000000000000e+01	4.00000000000000e+01	8.00000000000000e+01	8.00000000000000e+01	8.00000000000000e+01	8.00000000000000e+01	8.00000000000000e+01	1.60000000000000e+02	1.60000000000000e+02	1.60000000000000e+02	1.60000000000000e+02	1.60000000000000e+02	4.00000000000000e+01	1.60000000000000e+02	4.00000000000000e+01	4.00000000000000e+01	4.00000000000000e+01	4.00000000000000e+01	4.00000000000000e+01	8.00000000000000e+01	8.00000000000000e+01	1.21648092269897e+01	1.12643995285034e+01	0.00000000000000e+00	6.77422600861571e-01	4.83303487300873e-01	9.01334524154663e-04	4.83303487300873e-01	0.00000000000000e+00	6.61387927071535e+00	2.12132352571629e+00	4.52818921240237e+01	2.99488967657849e+02	0.00000000000000e+00	-5.46636581420898e+01	1.00000000000000e+00	4.27353277868638e-01	2.06451606750488e+01	4.08141326904297e-02	5.00902671813965e+01	1
72	65	71	61	4.46677827835083e+00	8.89866054058075e-01	-1.22138470411301e-01	3.14070373773575e-01	-2.44276940822601e-01	2.96621978282928e-01	-5.84519863128662e-01	-7.15382516384125e-01	-4.79829698801041e-01	-2.26828590035439e-01	1.74483537673950e-01	1.64014518260956e+00	-4.36208844184875e-01	9.42211091518402e-01	1.64014518260956e+00	3.48967075347900e-01	2.44276940822601e-01	-6.97934105992317e-02	1.04690119624138e-01	1.57035186886787e-01	4.00000000000000e+01	4.00000000000000e+01	8.00000000000000e+01	8.00000000000000e+01	8.00000000000000e+01	8.00000000000000e+01	8.00000000000000e+01	1.60000000000000e+02	1.60000000000000e+02	1.60000000000000e+02	1.60000000000000e+02	1.60000000000000e+02	4.00000000000000e+01	1.60000000000000e+02	4.00000000000000e+01	4.00000000000000e+01	4.00000000000000e+01	4.00000000000000e+01	4.00000000000000e+01	8.00000000000000e+01	8.00000000000000e+01	1.21648092269897e+01	1.12643995285034e+01	0.00000000000000e+00	9.78309498487129e-01	6.51404708623886e-02	8.98227453231812e-04	6.51404708623886e-02	0.00000000000000e+00	6.33114855379928e+00	5.60179484541462e-01	1.90185555758169e+01	1.20409300629184e+02	0.00000000000000e+00	-4.05279846191406e+01	1.00000000000000e+00	1.98091769309315e+00	2.06451606750488e+01	1.70829887390137e-02	5.01191635131836e+01	1
72	65	71	63	-8.03072547912598e+00	-2.24461293220520e+00	-2.51895451545715e+00	-1.44652831554413e+00	-8.72905015945435e-01	-1.59616911411285e+00	-1.29688739776611e+00	-5.98563432693481e-01	-8.47964823246002e-01	-4.73862737417221e-01	-4.48922574520111e-01	-5.28731012344360e+00	-3.61632078886032e-01	-3.44173979759216e+00	-3.44173979759216e+00	-2.24461293220520e+00	-3.59138059616089e+00	-3.59138059616089e+00	-2.36931347846985e+00	-1.92039096355438e+00	4.00000000000000e+01	4.00000000000000e+01	8.00000000000000e+01	8.00000000000000e+01	8.00000000000000e+01	8.00000000000000e+01	8.00000000000000e+01	1.60000000000000e+02	1.60000000000000e+02	1.60000000000000e+02	1.60000000000000e+02	1.60000000000000e+02	4.00000000000000e+01	1.60000000000000e+02	4.00000000000000e+01	4.00000000000000e+01	4.00000000000000e+01	4.00000000000000e+01	4.00000000000000e+01	8.00000000000000e+01	8.00000000000000e+01	1.21648092269897e+01	1.12643995285034e+01	0.00000000000000e+00	2.66082982952449e-01	-1.59284400939941e+00	8.92641067504883e-04	-1.59284400939941e+00	0.00000000000000e+00	5.14078797860148e+00	4.90265076926928e+00	-1.33888260922519e+01	-6.88291162226346e+01	0.00000000000000e+00	-1.44504346847534e+01	1.00000000000000e+00	6.41171082090771e-01	2.06451606750488e+01	-1.19514160156250e-02	5.00715484619141e+01	1
72	65	71	64	-5.00621891021729e+00	-1.33706474304199e+00	-1.05721390247345e+00	-1.19713926315308e+00	-1.69465172290802e+00	-1.66355717182159e+00	-1.11940300464630e+00	-1.25932836532593e+00	-6.68532371520996e-01	-6.60758733749390e-01	-5.20833373069763e-01	-3.54477643966675e+00	-6.14116907119751e-01	-2.30099511146545e+00	-2.58084559440613e+00	-2.45646762847900e+00	-2.39427852630615e+00	-1.71019887924194e+00	-1.38370656967163e+00	-1.83457720279694e+00	4.00000000000000e+01	4.00000000000000e+01	8.00000000000000e+01	8.00000000000000e+01	8.00000000000000e+01	8.00000000000000e+01	8.00000000000000e+01	1.60000000000000e+02	1.60000000000000e+02	1.60000000000000e+02	1.60000000000000e+02	1.60000000000000e+02	4.00000000000000e+01	1.60000000000000e+02	4.00000000000000e+01	4.00000000000000e+01	4.00000000000000e+01	4.00000000000000e+01	4.00000000000000e+01	8.00000000000000e+01	8.00000000000000e+01	1.21648092269897e+01	1.12643995285034e+01	0.00000000000000e+00	2.49896955658866e-01	-1.32669985294342e+00	8.94305229187012e-04	-1.32669985294342e+00	0.00000000000000e+00	3.67796213103195e+00	2.97668994030828e+00	-2.14377182758249e+01	-7.88471159942157e+01	0.00000000000000e+00	1.14458894729614e+00	1.00000000000000e+00	9.75078420876054e-01	2.11339206695557e+01	-1.91718635559082e-02	5.00447006225586e+01	1
72	65	71	66	-1.19252046570182e-02	-1.15674483776093e+00	-1.24618387222290e+00	-1.25214648246765e+00	-9.71904218196869e-01	-1.03153014183044e+00	-1.15972614288330e+00	-1.05239927768707e+00	-6.52904987335205e-01	-8.37745606899261e-01	-8.76502513885498e-01	-1.27599692344666e+00	-8.07932615280151e-01	-1.52642619609833e+00	-1.44294965267181e+00	-1.22829604148865e+00	-1.15674483776093e+00	-1.16867005825043e+00	-1.39524888992310e+00	-1.31177246570587e+00	4.00000000000000e+01	4.00000000000000e+01	8.00000000000000e+01	8.00000000000000e+01	8.00000000000000e+01	8.00000000000000e+01	8.00000000000000e+01	1.60000000000000e+02	1.60000000000000e+02	1.60000000000000e+02	1.60000000000000e+02	1.60000000000000e+02	4.00000000000000e+01	1.60000000000000e+02	4.00000000000000e+01	4.00000000000000e+01	4.00000000000000e+01	4.00000000000000e+01	4.00000000000000e+01	8.00000000000000e+01	8.00000000000000e+01	1.21648092269897e+01	1.12643995285034e+01	0.00000000000000e+00	1.00225432345345e+00	-1.02424275875092e+00	3.03984642028809e-04	-1.02424275875092e+00	0.00000000000000e+00	3.76991118430775e+00	7.68883097884779e-01	1.64448839376190e+02	6.19957518810728e+02	0.00000000000000e+00	-7.57050170898438e+01	1.00000000000000e+00	-4.81930872353921e+00	2.11339206695557e+01	4.99899215698242e-02	1.63863430023193e+01	1
72	65	71	67	3.52901101112366e-01	-8.51830244064331e-01	-9.18759703636169e-01	-8.88337254524231e-01	-8.82252752780914e-01	-7.30140209197998e-01	-7.54478216171265e-01	-7.90985226631165e-01	-8.15323233604431e-01	-7.54478216171265e-01	-5.59774160385132e-01	-1.21690034866333e+00	-5.32393872737885e-01	-1.65498435497284e+00	-1.16822433471680e+00	-1.39943540096283e+00	-1.44811141490936e+00	-6.57126188278198e-01	-1.01611185073853e+00	-1.02828073501587e+00	4.00000000000000e+01	4.00000000000000e+01	8.00000000000000e+01	8.00000000000000e+01	8.00000000000000e+01	8.00000000000000e+01	8.00000000000000e+01	1.60000000000000e+02	1.60000000000000e+02	1.60000000000000e+02	1.60000000000000e+02	1.60000000000000e+02	4.00000000000000e+01	1.60000000000000e+02	4.00000000000000e+01	4.00000000000000e+01	4.00000000000000e+01	4.00000000000000e+01	4.00000000000000e+01	8.00000000000000e+01	8.00000000000000e+01	1.21648092269897e+01	1.12643995285034e+01	0.00000000000000e+00	3.15456453414246e-01	-8.14511954784393e-01	4.55860376358032e-04	-8.14511954784393e-01	0.00000000000000e+00	5.54398703574669e+00	1.08590397940137e+00	1.07463613555737e+02	5.95776880367500e+02	0.00000000000000e+00	-3.43948974609375e+01	1.00000000000000e+00	3.01497871819117e+00	2.11339206695557e+01	4.89884033203125e-02	2.51780242919922e+01	1
72	65	71	68	2.52869105339050e+00	-1.15493096411228e-01	-1.88436105847359e-01	9.72573384642601e-02	-2.49221950769424e-01	-1.64121776819229e-01	-4.89326000213623e-01	-3.28243553638458e-01	-4.22461569309235e-01	-1.09414517879486e-01	-4.07265126705170e-01	7.90215909481049e-01	-2.70496994256973e-01	2.06671848893166e-01	4.13343697786331e-01	4.86286729574203e-01	1.94514676928520e-01	9.72573384642601e-02	2.67457693815231e-01	3.70793640613556e-01	4.00000000000000e+01	4.00000000000000e+01	8.00000000000000e+01	8.00000000000000e+01	8.00000000000000e+01	8.00000000000000e+01	8.00000000000000e+01	1.60000000000000e+02	1.60000000000000e+02	1.60000000000000e+02	1.60000000000000e+02	1.60000000000000e+02	4.00000000000000e+01	1.60000000000000e+02	4.00000000000000e+01	4.00000000000000e+01	4.00000000000000e+01	4.00000000000000e+01	4.00000000000000e+01	8.00000000000000e+01	8.00000000000000e+01	1.21648092269897e+01	1.12643995285034e+01	0.00000000000000e+00	7.47912637039809e-01	-7.45639577507973e-02	7.19929695129395e-04	-7.45639577507973e-02	0.00000000000000e+00	6.85438397146864e+00	3.48999380103265e-01	6.81123379092093e+01	4.66868117224140e+02	0.00000000000000e+00	-7.28626174926758e+01	1.00000000000000e+00	3.26781028841050e+00	2.06451606750488e+01	4.90360946655273e-02	4.04434280395508e+01	1
72	65	71	69	3.32409000396729e+00	-1.06655292212963e-01	1.86646759510040e-01	-3.02189975976944e-01	-6.66595578193665e-01	1.77758827805519e-01	-3.15521895885468e-01	7.11035281419754e-02	-4.84392791986465e-01	-5.42164444923401e-01	-3.82181465625763e-01	1.38651883602142e+00	-2.31086477637291e-01	4.79948818683624e-01	-3.55517640709877e-02	4.62172955274582e-01	8.88794139027596e-02	3.19965898990631e-01	5.15500605106354e-01	1.51094987988472e-01	4.00000000000000e+01	4.00000000000000e+01	8.00000000000000e+01	8.00000000000000e+01	8.00000000000000e+01	8.00000000000000e+01	8.00000000000000e+01	1.60000000000000e+02	1.60000000000000e+02	1.60000000000000e+02	1.60000000000000e+02	1.60000000000000e+02	4.00000000000000e+01	1.60000000000000e+02	4.00000000000000e+01	4.00000000000000e+01	4.00000000000000e+01	4.00000000000000e+01	4.00000000000000e+01	8.00000000000000e+01	8.00000000000000e+01	1.21421489715576e+01	1.12643995285034e+01	0.00000000000000e+00	1.00223082049881e+00	-3.55517528951168e-02	8.93609285354614e-04	-3.55517528951168e-02	0.00000000000000e+00	8.37758040957278e+00	3.41197208922099e-01	3.75292130427695e+01	3.14403999973789e+02	0.00000000000000e+00	-3.53010292053223e+01	1.00000000000000e+00	5.01177037678129e+00	2.06451606750488e+01	3.35364532470703e-02	5.00970840454102e+01	1
72	65	71	70	2.14592266082764e+00	-1.56473532319069e-01	-4.69420611858368e-01	4.47067245841026e-02	-2.01180264353752e-01	-8.94134491682053e-02	2.45886981487274e-01	-2.23533622920513e-02	1.11766811460257e-02	-5.81187427043915e-01	-7.37660944461823e-01	9.38841223716736e-01	1.11766815185547e-01	6.70600831508636e-01	4.02360528707504e-01	7.15307593345642e-01	2.23533630371094e-01	-3.57653796672821e-01	-3.35300415754318e-01	1.78826898336411e-01	4.00000000000000e+01	4.00000000000000e+01	8.00000000000000e+01	8.00000000000000e+01	8.00000000000000e+01	8.00000000000000e+01	8.00000000000000e+01	1.60000000000000e+02	1.60000000000000e+02	1.60000000000000e+02	1.60000000000000e+02	1.60000000000000e+02	4.00000000000000e+01	1.60000000000000e+02	4.00000000000000e+01	4.00000000000000e+01	4.00000000000000e+01	4.00000000000000e+01	4.00000000000000e+01	8.00000000000000e+01	8.00000000000000e+01	1.21648092269897e+01	1.12643995285034e+01	0.00000000000000e+00	1.12313758878558e+00	-2.68240347504616e-02	8.90946865081787e-04	-2.68240347504616e-02	0.00000000000000e+00	1.17809724509617e+01	5.03058798306752e-01	1.49666167322558e+01	1.76321299406808e+02	0.00000000000000e+00	-2.99500770568848e+01	1.00000000000000e+00	9.08316454974280e-01	2.11339206695557e+01	1.33344602584839e-02	5.00729827880859e+01	1
0
