nan
nan
nan
nan
nan
1.525521336443797509e+02
1.382615195831567689e+02
1.241762719576405090e+02
1.109769119406636690e+02
9.927944456987872002e+01
8.906606836428736074e+01
7.995923986639330394e+01
7.157728658586431436e+01
6.355984981756287056e+01
5.580639702790821133e+01
4.838038775853453188e+01
4.134697074778152626e+01
3.477278641583355068e+01
2.871542205015019178e+01
2.318802166629136252e+01
1.819793169729229021e+01
nan
nan
nan
nan
nan
nan
nan
nan
nan
nan
nan
nan
1.672254337189802129e+02
1.550733096617645970e+02
1.421069908989724979e+02
1.292432648567198896e+02
1.160295080182095546e+02
1.033896510024250546e+02
9.235157841132863155e+01
8.271447983404839022e+01
7.388362284377430456e+01
6.549631570130165414e+01
5.776178297099625780e+01
5.022896354862267287e+01
4.303240528882812299e+01
3.620384331284596868e+01
2.994140580149655406e+01
2.419412963237357417e+01
1.896863887459823772e+01
1.421547812779149211e+01
9.905660052101044499e+00
6.062033190937672344e+00
2.732539337498502530e+00
nan
nan
nan
nan
nan
nan
nan
nan
1.653955207906666658e+02
1.546566994197554266e+02
1.436389602330243349e+02
1.316413592729126663e+02
1.191053420485487919e+02
1.072931239977571920e+02
9.543583414403350673e+01
8.505692531432629266e+01
7.577936471227111781e+01
6.706636712601954287e+01
5.913343886451935560e+01
5.166369879231707785e+01
4.435605880314224692e+01
3.738519918457896551e+01
3.089941951374515483e+01
2.494825746424450230e+01
1.948760302971421510e+01
1.445284778271184756e+01
9.792144200526252007e+00
5.617532821478649296e+00
1.892761267396384062e+00
-1.413486496764675193e+00
-4.251610432711451004e+00
-6.771926814038164544e+00
nan
nan
nan
nan
nan
1.605878350686082001e+02
1.511939572946998851e+02
1.416112353326157631e+02
1.314721004014859318e+02
1.205227629086064951e+02
1.090351122287865024e+02
9.754096045887609989e+01
8.678206083550094263e+01
7.694658366739412259e+01
6.809328223874658192e+01
5.997534640686903629e+01
5.232039851681656728e+01
4.503067640948734862e+01
3.805578351694889960e+01
3.151007799419596367e+01
2.536359575709338188e+01
1.967521698014613918e+01
1.439640217724724636e+01
9.467955787897190945e+00
4.915248881808328640e+00
8.840342886330787575e-01
-2.729468222803453692e+00
-5.956873997568140844e+00
-8.756736137125322728e+00
-1.111722064501220331e+01
-1.327046725496125390e+01
-1.532019504503944773e+01
nan
nan
1.521574700909039848e+02
1.437403541344054076e+02
1.354867109551202304e+02
1.270280079557504678e+02
1.179932840387364195e+02
1.080077800170898570e+02
9.746652935739406587e+01
8.691877760760783644e+01
7.706212406105490231e+01
6.784664549448079640e+01
5.951065982507967789e+01
5.188005775042697110e+01
4.470760719290570506e+01
3.777147129933369740e+01
3.121797929062834598e+01
2.506728841665627527e+01
1.932679565709905134e+01
1.397090955877486529e+01
8.822180738501327113e+00
4.018808398771620105e+00
-4.076738966058163216e-01
-4.295491703908709269e+00
-7.800349670578594186e+00
-1.095847141605957020e+01
-1.371761258959074503e+01
-1.599998360090443583e+01
-1.804213525890860836e+01
-1.997956611154901196e+01
-2.181880177690270628e+01
-2.357977833039741711e+01
1.324332344952545668e+02
1.258203388718407751e+02
1.183920341985771501e+02
1.110144191743846989e+02
1.031600645557590070e+02
9.408432271215552589e+01
8.437075918928762519e+01
7.539817173987492538e+01
6.654853909861911632e+01
5.816585712763146887e+01
5.004939365225759218e+01
4.273262687460018583e+01
3.609764031116481675e+01
2.955367935516400735e+01
2.336388712412171031e+01
1.767950098405356840e+01
1.242464610340730147e+01
7.471726952689791368e+00
2.698827238552745200e+00
-1.915246910504733391e+00
-6.177280292189213817e+00
-9.921701313619756490e+00
-1.331175590408538767e+01
-1.637953093252054870e+01
-1.897536899068611405e+01
-2.107482830017849196e+01
-2.300430560574156402e+01
-2.487638596981861383e+01
-2.666769266710928932e+01
-2.824665573678773356e+01
1.120927390282607234e+02
1.067055128480024848e+02
1.009953985365918925e+02
9.442222703682175222e+01
8.750558784219624897e+01
7.939516372814276224e+01
7.144432116974203950e+01
6.337287184645954596e+01
5.540122537678936965e+01
4.786479003456648940e+01
4.044532337905485520e+01
3.327712534854337179e+01
2.681913795345949580e+01
2.066734378058131227e+01
1.494390808155619510e+01
9.656825458737563039e+00
4.710126810652892182e+00
8.611605277460410157e-02
-4.257318737710743761e+00
-8.407212132137383165e+00
-1.240639118768779348e+01
-1.599525069797313037e+01
-1.924794901113002510e+01
-2.204303550768656095e+01
-2.439965022390875760e+01
-2.640939677730630564e+01
-2.828734369282829064e+01
-3.005562349033959890e+01
-3.162642647956360520e+01
-3.309404314370483746e+01
9.220739600813890036e+01
8.766816420047203451e+01
8.288321860368546368e+01
7.760874791323054467e+01
7.159970526623908427e+01
6.485133132891873231e+01
5.780065982911056466e+01
5.068229264041396220e+01
4.373444603029066968e+01
3.703772436348029373e+01
3.028975303712143941e+01
2.365433980478251286e+01
1.733321590767071996e+01
1.149631442746030885e+01
6.092235396126562286e+00
1.080728428023464804e+00
-3.569811736439933991e+00
-7.890990356854513443e+00
-1.191441269281123816e+01
-1.567168400390099947e+01
-1.919440954971470248e+01
-2.250486897219800397e+01
-2.543388208824493546e+01
-2.797462920048096535e+01
-3.019028720398945609e+01
-3.214414446602408759e+01
-3.387872242053782657e+01
-3.543876670446655197e+01
-3.688249854145376361e+01
-3.826764363873603259e+01
7.366290926571134889e+01
6.988196607148930184e+01
6.591044893243903857e+01
6.134258561131096599e+01
5.597367217294056729e+01
4.994589794551013284e+01
4.375752632961126665e+01
3.766272513131193733e+01
3.171716546685323479e+01
2.563969595520519817e+01
1.961786677111335209e+01
1.352410676962335501e+01
7.627902309630235855e+00
2.230024648426823575e+00
-2.731870729990751201e+00
-7.387477308544448285e+00
-1.171078733287153284e+01
-1.570903977665072304e+01
-1.941428404425597165e+01
-2.290421186627786554e+01
-2.626388729323575078e+01
-2.937496052027998772e+01
-3.205818333615434312e+01
-3.439256851527415648e+01
-3.647622176811596972e+01
-3.840600561624368225e+01
-3.995206399486571058e+01
-4.139086358813948152e+01
-4.267678553677809816e+01
-4.388394028184035989e+01
5.641917811554112916e+01
5.323569611972069993e+01
4.966691895088215603e+01
4.548356127776532531e+01
4.076169505145814043e+01
3.544588026993552887e+01
3.015377543553864825e+01
2.486414555164140694e+01
1.934669515574132959e+01
1.375393175423106129e+01
8.256002593607016493e+00
2.903801855979934565e+00
-2.473729177116814615e+00
-7.442590630257732265e+00
-1.186665700765549047e+01
-1.607723214693602287e+01
-2.003959076385015692e+01
-2.371665321491720135e+01
-2.719285059175992103e+01
-3.054938714693611246e+01
-3.374188270850746818e+01
-3.657447221002816207e+01
-3.901714846205093323e+01
-4.122265682848746593e+01
-4.337220896342484622e+01
-4.516924182687457545e+01
-4.651939610569593953e+01
-4.770541224186403895e+01
-4.888480333635762776e+01
-4.991374677340256483e+01
4.014817110411572543e+01
3.719713463276505649e+01
3.384031985810116083e+01
3.014063465593216051e+01
2.600005793368104179e+01
2.143267108330392290e+01
1.669904327946913725e+01
1.173039381197919973e+01
6.654321329291963849e+00
1.551929431746904786e+00
-3.497604636516914667e+00
-8.410878218479297175e+00
-1.310874612809904782e+01
-1.758678439755172107e+01
-2.162172026080618537e+01
-2.537914896026943978e+01
-2.895859672191624057e+01
-3.235880441797408480e+01
-3.562227802195100423e+01
-3.870529880301057801e+01
-4.157214336753805384e+01
-4.413505980574137055e+01
-4.643337166081723666e+01
-4.863200839018716692e+01
-5.059511046047553862e+01
-5.223081521113098802e+01
-5.349279149093389663e+01
-5.450593008123821903e+01
-5.538531486511995183e+01
-5.628257276288270106e+01
2.451496187556711703e+01
2.176414411041563213e+01
1.877436053808730421e+01
1.544643563284946985e+01
1.171409771628959717e+01
7.585949688891512110e+00
3.179820908619593212e+00
-1.413539148788468758e+00
-6.112395865193427369e+00
-1.083757199645621405e+01
-1.550989029843776912e+01
-2.005017352699901778e+01
-2.434594376950152750e+01
-2.836505089548942138e+01
-3.203504816433633096e+01
-3.542850410966963182e+01
-3.862810669760028048e+01
-4.170460488727859882e+01
-4.462736516116141416e+01
-4.734585050226988301e+01
-4.983112647222539948e+01
-5.208683447483726070e+01
-5.421959825855140025e+01
-5.620279361911065052e+01
-5.794955132371236317e+01
-5.938820608218235009e+01
-6.052339303714261831e+01
-6.141588205877420847e+01
-6.216080319011467026e+01
-6.290865952808797346e+01
9.274766124756105512e+00
6.727054129285967576e+00
3.967394804535466335e+00
9.712749347578797376e-01
-2.391799354638860731e+00
-6.172233362630609399e+00
-1.022294245975513860e+01
-1.448841970864193840e+01
-1.890433564767711516e+01
-2.335547372493044094e+01
-2.769060268597761265e+01
-3.178141300441911454e+01
-3.571077320349846218e+01
-3.941344291006468836e+01
-4.271548487478803224e+01
-4.576167680075045752e+01
-4.857005650818392439e+01
-5.130216326822989714e+01
-5.388285825524982897e+01
-5.623564530906466530e+01
-5.847101408142302859e+01
-6.047625529529344846e+01
-6.214420785653686607e+01
-6.380841911021905588e+01
-6.534635109499205896e+01
-6.654872639553369140e+01
-6.744452304531172615e+01
-6.816244719315761813e+01
-6.891769866480781559e+01
-6.966009819084459309e+01
-5.482466606213428406e+00
-7.934103680826300575e+00
-1.048062127689066969e+01
-1.326327521306439827e+01
-1.632025124129366489e+01
-1.977104259975768841e+01
-2.351425697883696841e+01
-2.744243561172491397e+01
-3.154265043966100990e+01
-3.569641017555139939e+01
-3.964861538121549245e+01
-4.350442275360647670e+01
-4.714435099042596988e+01
-5.050316477974333651e+01
-5.348580070631012262e+01
-5.617471290146703211e+01
-5.863717237701370522e+01
-6.105327294166561813e+01
-6.329703369163514282e+01
-6.546758293226587000e+01
-6.751300218995810098e+01
-6.921519921391659125e+01
-7.056640942571533515e+01
-7.168982460323232431e+01
-7.282466276524978355e+01
-7.378475345061008284e+01
-7.445493346886777886e+01
-7.513554214409258236e+01
-7.582182038908597121e+01
-7.648223052226416030e+01
-1.962146119028085778e+01
-2.202216208617709725e+01
-2.449642427249229470e+01
-2.711610509545664982e+01
-2.995664535296544884e+01
-3.311204321559637975e+01
-3.653461223775315148e+01
-4.016536637584604819e+01
-4.395013731383686206e+01
-4.780740032559671704e+01
-5.159605510177407695e+01
-5.521821481947398524e+01
-5.857937928096155389e+01
-6.160003599288854303e+01
-6.426405119063177551e+01
-6.665184399989986730e+01
-6.885910523738995437e+01
-7.098431893528376690e+01
-7.307686696904310963e+01
-7.504705579516360103e+01
-7.678396761888768651e+01
-7.817653879103843906e+01
-7.921365411649850330e+01
-7.999074457932222515e+01
-8.060788017748737389e+01
-8.116708123081340887e+01
-8.169970797462372047e+01
-8.224164763119834731e+01
-8.278995367684666462e+01
-8.334058924315162642e+01
-3.302800447883354451e+01
-3.535254245060430378e+01
-3.774828420583391164e+01
-4.031226821359656753e+01
-4.319006686611849943e+01
-4.611199280278044910e+01
-4.922571648298021785e+01
-5.258071488585724751e+01
-5.612127116212258926e+01
-5.976065177657735461e+01
-6.328899092801189141e+01
-6.671993067385756149e+01
-6.989475094695892210e+01
-7.270285102800455945e+01
-7.508147415259628588e+01
-7.723225800316527057e+01
-7.922911006277557533e+01
-8.111249164725566629e+01
-8.301028315446014005e+01
-8.472794540456622769e+01
-8.614082228000029318e+01
-8.720834903844408359e+01
-8.786211243258213699e+01
-8.825021713777341859e+01
-8.851400161171362413e+01
-8.865189133576237168e+01
-8.900642642537430049e+01
-8.939578106760166065e+01
-8.979114919325047595e+01
-9.019919386327751454e+01
-4.571927850246078862e+01
-4.798594669359340514e+01
-5.037636553862056843e+01
-5.309653296981260695e+01
-5.598599662381480613e+01
-5.885397648296667228e+01
-6.172679357570365966e+01
-6.483493660307956930e+01
-6.816461279499858961e+01
-7.162058471951445426e+01
-7.501754383121561887e+01
-7.817370397118583014e+01
-8.118957193348087742e+01
-8.383274382648372125e+01
-8.602982821941706959e+01
-8.801305799130845742e+01
-8.967506216347661052e+01
-9.134038123490205408e+01
-9.299357368172957194e+01
-9.438463938706033218e+01
-9.552568915148575002e+01
-9.624601590873227508e+01
-9.652099282737754038e+01
-9.659413474291369539e+01
-9.636057369005952467e+01
-9.611785425066524624e+01
-9.617937291498176933e+01
-9.643427365164009757e+01
-9.671555310552484741e+01
-9.701262357293174432e+01
-5.776304292940355367e+01
-6.005472877907576645e+01
-6.264632270884246168e+01
-6.540132598537189779e+01
-6.823214901207509797e+01
-7.107128698055204552e+01
-7.392273829891612991e+01
-7.686155316581711361e+01
-8.000543330555350963e+01
-8.330722900181898183e+01
-8.657786715408069256e+01
-8.970578961230924619e+01
-9.251640757321123942e+01
-9.500145670059677627e+01
-9.707672824874650530e+01
-9.875379502496036821e+01
-1.002285351245379132e+02
-1.016741861530768745e+02
-1.030035942494122594e+02
-1.041118606239963071e+02
-1.049115569760148645e+02
-1.052733228892296609e+02
-1.052301300287229679e+02
-1.048276225307565284e+02
-1.042134904863043943e+02
-1.036239591327813656e+02
-1.033460210091493536e+02
-1.033393643764145793e+02
-1.035126333126172824e+02
-1.037318236689624769e+02
-6.922676219186473645e+01
-7.159099246816266771e+01
-7.421158151412798532e+01
-7.697479632719493736e+01
-7.980910714009094420e+01
-8.265114227903997346e+01
-8.551175089637229121e+01
-8.845682531598781395e+01
-9.155206131812900594e+01
-9.478298406223041184e+01
-9.800806074650827782e+01
-1.010915833549140501e+02
-1.039005651639293006e+02
-1.063023058929321820e+02
-1.081419519072403546e+02
-1.096268713969107154e+02
-1.109089871327440164e+02
-1.120843490077005811e+02
-1.131222420625574614e+02
-1.138893253865398805e+02
-1.142945899159807936e+02
-1.142695320901341489e+02
-1.137612932862096926e+02
-1.129720281561951083e+02
-1.120715863542510817e+02
-1.112200449896227923e+02
-1.106026740808710542e+02
-1.102967881319361680e+02
-1.102260833612865696e+02
-1.103042580701675206e+02
-8.013384444808667695e+01
-8.244084727400019119e+01
-8.490891881110509587e+01
-8.774678291825708243e+01
-9.071411012019090947e+01
-9.365023918536320480e+01
-9.652657745718293825e+01
-9.960864730177574700e+01
-1.028188065766953798e+02
-1.061352479272061942e+02
-1.094563951592493538e+02
-1.126233295648528951e+02
-1.153423167524969841e+02
-1.178120376740072288e+02
-1.198482238890150882e+02
-1.210924544177802886e+02
-1.220283567200035719e+02
-1.227234137376980385e+02
-1.233351616775170072e+02
-1.236960733592169248e+02
-1.237062380839755633e+02
-1.232202462032445283e+02
-1.222614356628469778e+02
-1.211050797588064256e+02
-1.199351899639661383e+02
-1.188134160088767857e+02
-1.179415613125733131e+02
-1.172712887511707578e+02
-1.168968591788383549e+02
-1.166688176110081088e+02
-9.042672410186787602e+01
-9.286320494800585834e+01
-9.536630714497307792e+01
-9.808344460850068458e+01
-1.011671399451204252e+02
-1.042089299831885683e+02
-1.073595868763952552e+02
-1.106824865246525604e+02
-1.141321358091340272e+02
-1.176890947480075624e+02
-1.212237094329610017e+02
-1.244060979122182289e+02
-1.271714873528922283e+02
-1.296388471108790839e+02
-1.317312943909489604e+02
-1.330747307459235458e+02
-1.336201432729986038e+02
-1.338311366409268430e+02
-1.339531012495118887e+02
-1.337103540249428875e+02
-1.330916752612985192e+02
-1.320797548828937522e+02
-1.306863728650880603e+02
-1.292085441991318078e+02
-1.277241779824383201e+02
-1.263587203798599319e+02
-1.252224866706870614e+02
-1.242736538718698398e+02
-1.234671470847509056e+02
-1.228798524467052999e+02
-1.000392826069181780e+02
-1.026603702533687539e+02
-1.053864069677817099e+02
-1.082765566503010461e+02
-1.113868574719480193e+02
-1.147117142965315111e+02
-1.182596779009482333e+02
-1.219931037569683525e+02
-1.258546451545819025e+02
-1.297666233992221692e+02
-1.334673192914182493e+02
-1.368311230831947114e+02
-1.397619275753927468e+02
-1.422220851323759803e+02
-1.441157428620817882e+02
-1.453262135654376834e+02
-1.457816571272751389e+02
-1.455076985064087864e+02
-1.447996700234502043e+02
-1.437224468338450265e+02
-1.423665566806301115e+02
-1.407841550548694158e+02
-1.390125555617485134e+02
-1.372166739242973392e+02
-1.354748344651684704e+02
-1.338616313870969350e+02
-1.324394285246023912e+02
-1.311777195790574524e+02
-1.300454061607942720e+02
-1.290179017839963933e+02
-1.089136064288396426e+02
-1.117858707655274344e+02
-1.148684515280293397e+02
-1.180444964615990386e+02
-1.214060081495568966e+02
-1.251893340075216088e+02
-1.294195204912368240e+02
-1.337321374718464995e+02
-1.381510857130335808e+02
-1.424941863780067592e+02
-1.464673809875545487e+02
-1.500897445222837518e+02
-1.532908288728926323e+02
-1.559801565254656452e+02
-1.577724009114091928e+02
-1.588582210957484904e+02
-1.589031503246610271e+02
-1.577333020511913730e+02
-1.560032630804903988e+02
-1.540248684889110677e+02
-1.517651013858560418e+02
-1.493721133514671351e+02
-1.474250110212558980e+02
-1.453255234754470280e+02
-1.432526056366176022e+02
-1.412841671361249780e+02
-1.395287068984674761e+02
-1.379496041940457758e+02
-1.364495869328984270e+02
-1.349785088938523643e+02
-1.169233370269671468e+02
-1.199099320112158580e+02
-1.232423865516820882e+02
-1.269500612033861557e+02
-1.307069920656425666e+02
-1.348531156169102871e+02
-1.396631297393146554e+02
-1.449869680980176838e+02
-1.501858245651377217e+02
-1.552905036017849341e+02
-1.601151761972047893e+02
-1.641810637625682716e+02
-1.677547438959426813e+02
-1.708643572699061792e+02
-1.728856608599874960e+02
-1.736748287251199372e+02
-1.729892662515283064e+02
-1.709921586656762713e+02
-1.677454533078369820e+02
-1.646047420187042292e+02
-1.614149674078374233e+02
-1.580872956220988783e+02
-1.554024911631670420e+02
-1.531973557941159072e+02
-1.507984884043698912e+02
-1.484088757538987124e+02
-1.463056725333323982e+02
-1.442491857531561834e+02
-1.422273339003603212e+02
-1.403411015797380799e+02
-1.238559532118312063e+02
-1.271315305669231179e+02
-1.306129787014310750e+02
-1.344908365061199049e+02
-1.388797470956530731e+02
-1.435838354386128231e+02
-1.488494126779962414e+02
-1.546792076521267347e+02
-1.610559124596739764e+02
-1.672821069430900707e+02
-1.732782381715635154e+02
-1.786529394999055853e+02
-1.829123063761622632e+02
-1.864426923304134505e+02
-1.885808290778766718e+02
-1.889882011345825106e+02
-1.876141125370269833e+02
-1.847911237214131575e+02
-1.807485834325408405e+02
-1.759516986804949852e+02
-1.713743506834876200e+02
-1.670903255744513842e+02
-1.633925737180973101e+02
-1.603240753588718519e+02
-1.576614550808232593e+02
-1.549115789784037815e+02
-1.522964514754734466e+02
-1.497744778723487116e+02
-1.473512243003122251e+02
-1.449963026891296067e+02
-1.294985390298505763e+02
-1.330526716676625654e+02
-1.367968131857020921e+02
-1.409002349756705996e+02
-1.455665991264494892e+02
-1.508561747646270419e+02
-1.566792660505888648e+02
-1.630497541918804245e+02
-1.700210080118133646e+02
-1.776903416713319643e+02
-1.852812302315595900e+02
-1.922583041034748135e+02
-1.981744262892155746e+02
-2.023371938095365010e+02
-2.042025724198390151e+02
-2.041653992491925749e+02
-2.023340901585566769e+02
-1.986966455745020426e+02
-1.936546212268185343e+02
-1.878496516548912325e+02
-1.818843126884860339e+02
-1.763881834162470454e+02
-1.716285893410878884e+02
-1.674899286259273197e+02
-1.638079983387777929e+02
-1.604613986776334968e+02
-1.573979843925854141e+02
-1.544741703343839845e+02
-1.516347141218344916e+02
-1.488486827359853919e+02
-1.338240516901522597e+02
-1.374709356216935419e+02
-1.414395429350074380e+02
-1.460374141286854694e+02
-1.510491063881344189e+02
-1.565257416881147208e+02
-1.628061538359981171e+02
-1.697891040611263804e+02
-1.775178608176162811e+02
-1.868275790377232966e+02
-1.963053158156346854e+02
-2.051875577157878467e+02
-2.143787493309626200e+02
-2.196286152425051910e+02
-2.207535857287384715e+02
-2.200911101725262711e+02
-2.174881754452995324e+02
-2.123258573759199237e+02
-2.058159628426386973e+02
-1.987158769113706001e+02
-1.919731304760622947e+02
-1.848904562084691179e+02
-1.789305217736787768e+02
-1.736548657360088725e+02
-1.688260021048041324e+02
-1.649072231330236207e+02
-1.614896185864126039e+02
-1.580630879693676718e+02
-1.548747004051798797e+02
-1.518971503069478217e+02
-1.371725452384056325e+02
-1.410359180043850813e+02
-1.455457203755066189e+02
-1.505046215956883771e+02
-1.555960245848147849e+02
-1.613046503122241120e+02
-1.680415188232278183e+02
-1.754533933538738495e+02
-1.843976148180092594e+02
-1.956840751756535610e+02
-2.072339910081115022e+02
-2.196045156325490666e+02
-2.324906095892730207e+02
-2.388149935602005769e+02
-2.389109068714392095e+02
-2.367711332488960636e+02
-2.329364948717441450e+02
-2.261888563810109360e+02
-2.181001838927053882e+02
-2.101362110252767081e+02
-2.008329923183175083e+02
-1.921990369461692012e+02
-1.849272562733311247e+02
-1.782918522595264221e+02
-1.728369818654515768e+02
-1.684918475070777788e+02
-1.647512886752067516e+02
-1.611397766681653536e+02
-1.575291508385521979e+02
-1.543269308257210923e+02
-1.399271152964504381e+02
-1.442905305877184787e+02
-1.491100142966303679e+02
-1.541107806928422406e+02
-1.594386194866560231e+02
-1.654828355554456039e+02
-1.723036480194994624e+02
-1.804557322448802097e+02
-1.913354152336439427e+02
-2.049091560073713936e+02
-2.200214076941144015e+02
-2.370043411186275080e+02
-2.515649099917266085e+02
-2.589638120220393489e+02
-2.593472990338655109e+02
-2.550342268636919982e+02
-2.489141188281409711e+02
-2.405735320343577541e+02
-2.311483005189035680e+02
-2.199938443011900517e+02
-2.084639598469514681e+02
-1.982645181658229774e+02
-1.894909603278224210e+02
-1.821082035525696483e+02
-1.762765400987568398e+02
-1.715025986499566955e+02
-1.673069653457541790e+02
-1.635297333950232996e+02
-1.598750746365854525e+02
-1.563450951669719871e+02
-1.424708574861262775e+02
-1.471418904214461065e+02
-1.520202660506455175e+02
-1.572087115515751918e+02
-1.628099541020858396e+02
-1.689709696317005978e+02
-1.763867780851503824e+02
-1.860582204150145458e+02
-1.989879694816176823e+02
-2.161300814972108242e+02
-2.361687292967230860e+02
-2.556998331722974171e+02
-2.712664165776374716e+02
-2.795818144794527029e+02
-2.802200646699546951e+02
-2.751289238637881454e+02
-2.663279990664222510e+02
-2.555737027003648052e+02
-2.425905279713809932e+02
-2.284845094483082732e+02
-2.148039330538524609e+02
-2.030564928687629731e+02
-1.935589824978339948e+02
-1.858416044209109259e+02
-1.795242838818646760e+02
-1.742270495665022167e+02
-1.696224775423861786e+02
-1.655210285774322188e+02
-1.617555062667295260e+02
-1.581587142053671471e+02
